1 0 29.0927965249
2 0 29.0927965249
3 0 29.0927965249
4 0 29.0927965249
5 0 29.0927965249
6 0 29.0927965249
7 0 29.0927965249
8 0 29.0927965249
9 0 29.0927965249
10 0 29.0927965249
11 0 29.0927965249
12 1 29.5796964077
13 2 28.1724967572
14 3 28.3698549257
15 4 27.9954781868
16 5 26.7787239412
17 6 27.6117291903
18 7 28.8361118986
19 8 27.5173401148
20 9 26.2569482356
21 10 27.4374451335
22 11 26.418934904
23 12 23.9695991296
24 13 23.8851704118
25 14 21.6992275272
26 15 22.7086522423
27 16 23.0338575704
28 17 20.6176523976
29 18 19.9637791905
30 19 21.0422078021
31 20 20.0663290889
32 21 18.1744614426
33 22 19.1081977945
34 23 20.3477972019
35 24 18.8786404148
36 25 18.0649621997
37 26 19.6097827094
38 27 19.8624370687
39 28 18.2752226402
40 29 18.8712426858
41 30 20.34604137
42 31 21.8107606775
43 32 22.3946255553
44 33 24.0200114682
45 34 24.8443569133
46 35 24.3199230519
47 36 23.0418703173
48 37 21.7684574415
49 38 21.7815852481
50 39 20.7573379873
51 40 19.7428004934
52 41 19.8428199076
53 42 20.724633711
54 43 22.7352067096
55 44 23.7705126051
56 45 25.2889605627
57 46 25.3461260775
58 47 26.4697695373
59 48 26.328650651
60 49 26.7911327017
61 50 26.8872074257
62 51 24.1985328566
63 52 24.2601008092
64 53 25.3105475309
65 54 22.793848576
66 55 21.8093972977
67 56 22.3511072253
68 57 23.9122504017
69 58 22.6191218968
70 59 22.7333951846
71 60 23.7032041784
72 61 22.2066557211
73 62 23.6102473153
74 63 23.5504969824
75 64 25.1067868866
76 65 25.2531046907
77 66 24.2274236553
78 67 24.5816705762
79 68 25.2459953962
80 69 24.3401338803
81 70 24.6627590581
82 71 24.5439323768
83 72 23.1333645233
84 73 23.2520598261
85 74 12.3775436868
86 74 12.3775436868
87 74 12.3775436868
88 74 12.3775436868
89 74 12.3775436868
90 74 12.3775436868
91 74 12.3775436868
92 74 12.3775436868
93 74 12.3775436868
94 74 12.3775436868
95 74 12.3775436868
96 74 12.3775436868
97 74 12.3775436868
98 74 12.3775436868
99 74 12.3775436868
100 74 12.3775436868
101 74 12.3775436868
102 74 12.3775436868
103 74 12.3775436868
104 74 12.3775436868
105 75 14.1347245312
106 75 14.1347245312
107 75 14.1347245312
108 75 14.1347245312
109 75 14.1347245312
110 75 14.1347245312
111 75 14.1347245312
112 76 9.54722060617
113 77 9.43698438741
114 78 9.82395027162
115 79 8.3024397579
116 80 7.21731869721
117 81 8.18035257825
118 82 7.66040598591
119 83 6.59416437672
120 84 6.85636061465
121 85 7.54598332407
122 86 6.73142775544
123 87 6.5257274933
124 88 7.51754750608
125 89 7.32771761225
126 90 6.77767856219
127 91 7.38014092105
128 92 8.10550143865
129 93 7.44425121175
130 94 7.35342152583
131 95 8.5807462593
132 96 8.71307975349
133 97 7.90198647738
134 98 8.63609840973
135 99 9.89418913373
136 100 10.719900044
137 101 10.7238819405
138 102 10.8115087019
139 103 9.47142102571
140 104 9.53130456564
141 105 8.84502213561
142 106 8.48284237149
143 107 8.08548942733
144 108 7.82239628481
145 109 7.60507806645
146 110 7.54661039553
147 111 7.33058165759
148 112 7.08739367374
149 113 7.31700560295
150 114 7.16684947082
151 115 6.80300751151
152 116 7.12749103766
153 117 7.35607313159
154 118 7.07429204166
155 119 6.95293744457
156 120 7.55910165879
157 121 7.42684135253
158 122 7.00716364905
159 123 7.56613693015
160 124 8.38297696543
161 125 7.72853235778
162 126 7.40261283473
163 127 8.80439277318
164 128 9.47970530315
165 129 8.39051842893
166 130 9.12436053976
167 131 10.5854552517
168 132 9.30986529014
169 133 8.14642181581
170 134 9.73215956039
171 135 10.2592760577
172 136 8.36860226836
173 137 8.78740577758
174 138 10.1687277823
175 139 9.231424458
176 140 7.93153892236
177 141 9.23449156694
178 142 9.91894027028
179 143 8.28608319196
180 144 7.82426159683
181 145 9.12028474985
182 146 9.03634193101
183 147 7.44187225214
184 148 7.82613919168
185 149 8.82017626313
186 150 8.12393257358
187 151 7.17454792804
188 152 7.96149214223
189 153 8.36691921989
190 154 7.25661721029
191 155 7.03425756619
192 156 7.78691263507
193 157 7.75120469931
194 158 6.90552785687
195 159 7.10906356938
196 160 7.78265566031
197 161 7.56778218332
198 162 7.05522809066
199 163 7.3431198741
200 164 7.94369216344
201 165 7.93187024979
202 166 7.49262607319
203 167 7.89979908904
204 168 8.83258516298
205 169 9.11122326213
206 170 8.71171098052
207 171 15.4026541336
208 171 15.4026541336
209 171 15.4026541336
210 171 15.4026541336
211 171 15.4026541336
212 171 15.4026541336
213 171 15.4026541336
214 171 15.4026541336
215 171 15.4026541336
216 171 15.4026541336
217 171 15.4026541336
218 171 15.4026541336
219 171 15.4026541336
220 171 15.4026541336
221 171 15.4026541336
222 171 15.4026541336
