1 0 20.7678089771
2 0 20.7678089771
3 0 20.7678089771
4 0 20.7678089771
5 0 20.7678089771
6 0 20.7678089771
7 0 20.7678089771
8 0 20.7678089771
9 0 20.7678089771
10 0 20.7678089771
11 0 20.7678089771
12 0 20.7678089771
13 0 20.7678089771
14 0 20.7678089771
15 0 20.7678089771
16 0 20.7678089771
17 0 20.7678089771
18 0 20.7678089771
19 0 20.7678089771
20 0 20.7678089771
21 1 16.1444629051
22 1 16.1444629051
23 1 16.1444629051
24 1 16.1444629051
25 1 16.1444629051
26 1 16.1444629051
27 1 16.1444629051
28 1 16.1444629051
29 1 16.1444629051
30 1 16.1444629051
31 1 16.1444629051
32 1 16.1444629051
33 1 16.1444629051
34 1 16.1444629051
35 1 16.1444629051
36 1 16.1444629051
37 1 16.1444629051
38 1 16.1444629051
39 1 16.1444629051
40 1 16.1444629051
41 2 19.6276781252
42 2 19.6276781252
43 2 19.6276781252
44 2 19.6276781252
45 2 19.6276781252
46 2 19.6276781252
47 2 19.6276781252
48 2 19.6276781252
49 2 19.6276781252
50 2 19.6276781252
51 2 19.6276781252
52 2 19.6276781252
53 2 19.6276781252
54 2 19.6276781252
55 2 19.6276781252
56 2 19.6276781252
57 2 19.6276781252
58 2 19.6276781252
59 2 19.6276781252
60 2 19.6276781252
61 3 21.2284264847
62 3 21.2284264847
63 3 21.2284264847
64 3 21.2284264847
65 3 21.2284264847
66 3 21.2284264847
67 3 21.2284264847
68 3 21.2284264847
69 3 21.2284264847
70 3 21.2284264847
71 3 21.2284264847
72 3 21.2284264847
73 3 21.2284264847
74 3 21.2284264847
75 3 21.2284264847
76 3 21.2284264847
77 3 21.2284264847
78 3 21.2284264847
79 3 21.2284264847
80 3 21.2284264847
81 4 25.9485692635
82 4 25.9485692635
83 4 25.9485692635
84 4 25.9485692635
85 4 25.9485692635
86 4 25.9485692635
87 4 25.9485692635
88 4 25.9485692635
89 4 25.9485692635
90 4 25.9485692635
91 4 25.9485692635
92 4 25.9485692635
93 4 25.9485692635
94 4 25.9485692635
95 4 25.9485692635
96 4 25.9485692635
97 4 25.9485692635
98 4 25.9485692635
99 4 25.9485692635
100 4 25.9485692635
101 5 21.0686673631
102 5 21.0686673631
103 5 21.0686673631
104 5 21.0686673631
105 5 21.0686673631
106 5 21.0686673631
107 5 21.0686673631
108 5 21.0686673631
109 5 21.0686673631
110 5 21.0686673631
111 5 21.0686673631
112 5 21.0686673631
113 5 21.0686673631
114 5 21.0686673631
115 5 21.0686673631
116 5 21.0686673631
117 5 21.0686673631
118 5 21.0686673631
119 5 21.0686673631
120 5 21.0686673631
121 6 21.637707587
122 6 21.637707587
123 6 21.637707587
124 6 21.637707587
125 6 21.637707587
126 6 21.637707587
127 6 21.637707587
128 6 21.637707587
129 6 21.637707587
130 6 21.637707587
131 6 21.637707587
132 6 21.637707587
133 6 21.637707587
134 6 21.637707587
135 6 21.637707587
136 6 21.637707587
137 6 21.637707587
138 6 21.637707587
139 6 21.637707587
140 6 21.637707587
141 7 22.1758046793
142 7 22.1758046793
143 7 22.1758046793
144 7 22.1758046793
145 7 22.1758046793
146 7 22.1758046793
147 7 22.1758046793
148 7 22.1758046793
149 7 22.1758046793
150 7 22.1758046793
151 7 22.1758046793
152 7 22.1758046793
153 7 22.1758046793
154 7 22.1758046793
155 7 22.1758046793
156 7 22.1758046793
157 7 22.1758046793
158 7 22.1758046793
159 7 22.1758046793
160 7 22.1758046793
161 8 25.320862218
162 8 25.320862218
163 8 25.320862218
164 8 25.320862218
165 8 25.320862218
166 8 25.320862218
167 8 25.320862218
168 8 25.320862218
169 8 25.320862218
170 8 25.320862218
171 8 25.320862218
172 8 25.320862218
173 8 25.320862218
174 8 25.320862218
175 8 25.320862218
176 8 25.320862218
177 8 25.320862218
178 8 25.320862218
179 8 25.320862218
180 8 25.320862218
181 9 26.8743048854
182 9 26.8743048854
183 9 26.8743048854
184 9 26.8743048854
185 9 26.8743048854
186 9 26.8743048854
187 9 26.8743048854
188 9 26.8743048854
189 9 26.8743048854
190 9 26.8743048854
191 9 26.8743048854
192 9 26.8743048854
193 9 26.8743048854
194 9 26.8743048854
195 9 26.8743048854
196 9 26.8743048854
197 9 26.8743048854
198 9 26.8743048854
199 9 26.8743048854
200 9 26.8743048854
201 10 23.9171917908
202 10 23.9171917908
203 10 23.9171917908
204 10 23.9171917908
205 10 23.9171917908
206 10 23.9171917908
207 10 23.9171917908
208 10 23.9171917908
209 10 23.9171917908
210 10 23.9171917908
211 10 23.9171917908
212 10 23.9171917908
213 10 23.9171917908
214 10 23.9171917908
215 10 23.9171917908
216 10 23.9171917908
217 10 23.9171917908
218 10 23.9171917908
219 10 23.9171917908
220 10 23.9171917908
221 11 16.6071001981
222 11 16.6071001981
223 11 16.6071001981
224 11 16.6071001981
225 11 16.6071001981
226 11 16.6071001981
227 11 16.6071001981
228 11 16.6071001981
229 11 16.6071001981
230 11 16.6071001981
231 11 16.6071001981
232 11 16.6071001981
233 11 16.6071001981
234 11 16.6071001981
235 11 16.6071001981
236 11 16.6071001981
237 11 16.6071001981
238 11 16.6071001981
239 11 16.6071001981
240 11 16.6071001981
241 12 10.8009251064
242 12 10.8009251064
243 12 10.8009251064
244 12 10.8009251064
245 12 10.8009251064
246 12 10.8009251064
247 12 10.8009251064
248 12 10.8009251064
249 12 10.8009251064
250 12 10.8009251064
251 12 10.8009251064
252 12 10.8009251064
253 12 10.8009251064
254 12 10.8009251064
255 12 10.8009251064
256 12 10.8009251064
257 12 10.8009251064
258 12 10.8009251064
259 12 10.8009251064
260 12 10.8009251064
261 13 12.7297260467
262 13 12.7297260467
263 13 12.7297260467
264 13 12.7297260467
265 13 12.7297260467
266 13 12.7297260467
267 13 12.7297260467
268 13 12.7297260467
269 13 12.7297260467
270 13 12.7297260467
271 13 12.7297260467
272 13 12.7297260467
273 13 12.7297260467
274 13 12.7297260467
275 13 12.7297260467
276 13 12.7297260467
277 13 12.7297260467
278 13 12.7297260467
279 13 12.7297260467
280 13 12.7297260467
281 14 18.9288080745
282 14 18.9288080745
283 14 18.9288080745
284 14 18.9288080745
285 14 18.9288080745
286 14 18.9288080745
287 14 18.9288080745
288 14 18.9288080745
289 14 18.9288080745
290 14 18.9288080745
291 14 18.9288080745
292 14 18.9288080745
293 14 18.9288080745
294 14 18.9288080745
295 14 18.9288080745
296 14 18.9288080745
297 14 18.9288080745
298 14 18.9288080745
299 14 18.9288080745
300 14 18.9288080745
301 15 18.7988354122
302 15 18.7988354122
303 15 18.7988354122
304 15 18.7988354122
305 15 18.7988354122
306 15 18.7988354122
307 15 18.7988354122
308 15 18.7988354122
309 15 18.7988354122
310 15 18.7988354122
311 15 18.7988354122
312 15 18.7988354122
313 15 18.7988354122
314 15 18.7988354122
315 15 18.7988354122
316 15 18.7988354122
317 15 18.7988354122
318 15 18.7988354122
319 15 18.7988354122
320 15 18.7988354122
321 16 17.423134491
322 16 17.423134491
323 16 17.423134491
324 16 17.423134491
325 16 17.423134491
326 16 17.423134491
327 16 17.423134491
328 16 17.423134491
329 16 17.423134491
330 16 17.423134491
331 16 17.423134491
332 16 17.423134491
333 16 17.423134491
334 16 17.423134491
335 16 17.423134491
336 16 17.423134491
337 16 17.423134491
338 16 17.423134491
339 16 17.423134491
340 16 17.423134491
341 17 11.087918205
342 17 11.087918205
343 17 11.087918205
344 17 11.087918205
345 17 11.087918205
346 17 11.087918205
347 17 11.087918205
348 17 11.087918205
349 17 11.087918205
350 17 11.087918205
351 17 11.087918205
352 17 11.087918205
353 17 11.087918205
354 17 11.087918205
355 17 11.087918205
356 17 11.087918205
357 17 11.087918205
358 17 11.087918205
359 17 11.087918205
360 17 11.087918205
361 18 22.881856325
362 18 22.881856325
363 18 22.881856325
364 18 22.881856325
365 18 22.881856325
366 18 22.881856325
367 18 22.881856325
368 18 22.881856325
369 18 22.881856325
370 18 22.881856325
371 18 22.881856325
372 18 22.881856325
373 18 22.881856325
374 18 22.881856325
375 18 22.881856325
376 18 22.881856325
377 18 22.881856325
378 18 22.881856325
379 18 22.881856325
380 18 22.881856325
381 19 15.1007013936
382 19 15.1007013936
383 19 15.1007013936
384 19 15.1007013936
385 19 15.1007013936
386 19 15.1007013936
387 19 15.1007013936
388 19 15.1007013936
389 19 15.1007013936
390 19 15.1007013936
391 19 15.1007013936
392 19 15.1007013936
393 19 15.1007013936
394 19 15.1007013936
395 19 15.1007013936
396 19 15.1007013936
397 19 15.1007013936
398 19 15.1007013936
399 19 15.1007013936
400 19 15.1007013936
401 20 13.2107387864
402 20 13.2107387864
403 20 13.2107387864
404 20 13.2107387864
405 20 13.2107387864
406 20 13.2107387864
407 20 13.2107387864
408 20 13.2107387864
409 20 13.2107387864
410 20 13.2107387864
411 20 13.2107387864
412 20 13.2107387864
413 20 13.2107387864
414 20 13.2107387864
415 20 13.2107387864
416 20 13.2107387864
417 20 13.2107387864
418 20 13.2107387864
419 20 13.2107387864
420 20 13.2107387864
421 21 18.7560472293
422 21 18.7560472293
423 21 18.7560472293
424 21 18.7560472293
425 21 18.7560472293
426 21 18.7560472293
427 21 18.7560472293
428 21 18.7560472293
429 21 18.7560472293
430 21 18.7560472293
431 21 18.7560472293
432 21 18.7560472293
433 21 18.7560472293
434 21 18.7560472293
435 21 18.7560472293
436 21 18.7560472293
437 21 18.7560472293
438 21 18.7560472293
439 21 18.7560472293
440 21 18.7560472293
441 22 17.2920868274
442 22 17.2920868274
443 22 17.2920868274
444 22 17.2920868274
445 22 17.2920868274
446 22 17.2920868274
447 22 17.2920868274
448 22 17.2920868274
449 22 17.2920868274
450 22 17.2920868274
451 22 17.2920868274
452 22 17.2920868274
453 22 17.2920868274
454 22 17.2920868274
455 22 17.2920868274
456 22 17.2920868274
457 22 17.2920868274
458 22 17.2920868274
459 22 17.2920868274
460 22 17.2920868274
461 23 24.4450310455
462 23 24.4450310455
463 23 24.4450310455
464 23 24.4450310455
465 23 24.4450310455
466 23 24.4450310455
467 23 24.4450310455
468 23 24.4450310455
469 23 24.4450310455
470 23 24.4450310455
471 23 24.4450310455
472 23 24.4450310455
473 23 24.4450310455
474 23 24.4450310455
475 23 24.4450310455
476 23 24.4450310455
477 23 24.4450310455
478 23 24.4450310455
479 23 24.4450310455
480 23 24.4450310455
481 24 18.4389956393
482 24 18.4389956393
483 24 18.4389956393
484 24 18.4389956393
485 24 18.4389956393
486 24 18.4389956393
487 24 18.4389956393
488 24 18.4389956393
489 24 18.4389956393
490 24 18.4389956393
491 24 18.4389956393
492 24 18.4389956393
493 24 18.4389956393
494 24 18.4389956393
495 24 18.4389956393
496 24 18.4389956393
497 24 18.4389956393
498 24 18.4389956393
499 24 18.4389956393
500 24 18.4389956393
501 25 23.2714695045
502 25 23.2714695045
503 25 23.2714695045
504 25 23.2714695045
505 25 23.2714695045
506 25 23.2714695045
507 25 23.2714695045
508 25 23.2714695045
509 25 23.2714695045
510 25 23.2714695045
511 25 23.2714695045
512 25 23.2714695045
513 25 23.2714695045
514 25 23.2714695045
515 25 23.2714695045
516 25 23.2714695045
517 25 23.2714695045
518 25 23.2714695045
519 25 23.2714695045
520 25 23.2714695045
521 26 18.4903926161
522 26 18.4903926161
523 26 18.4903926161
524 26 18.4903926161
525 26 18.4903926161
526 26 18.4903926161
527 26 18.4903926161
528 26 18.4903926161
529 26 18.4903926161
530 26 18.4903926161
531 26 18.4903926161
532 26 18.4903926161
533 26 18.4903926161
534 26 18.4903926161
535 26 18.4903926161
536 26 18.4903926161
537 26 18.4903926161
538 26 18.4903926161
539 26 18.4903926161
540 26 18.4903926161
541 27 24.5094311989
542 27 24.5094311989
543 27 24.5094311989
544 27 24.5094311989
545 27 24.5094311989
546 27 24.5094311989
547 27 24.5094311989
548 27 24.5094311989
549 27 24.5094311989
550 27 24.5094311989
551 27 24.5094311989
552 27 24.5094311989
553 27 24.5094311989
554 27 24.5094311989
555 27 24.5094311989
556 27 24.5094311989
557 27 24.5094311989
558 27 24.5094311989
559 27 24.5094311989
560 27 24.5094311989
561 28 26.6714745313
562 28 26.6714745313
563 28 26.6714745313
564 28 26.6714745313
565 28 26.6714745313
566 28 26.6714745313
567 28 26.6714745313
568 28 26.6714745313
569 28 26.6714745313
570 28 26.6714745313
571 28 26.6714745313
572 28 26.6714745313
573 28 26.6714745313
574 28 26.6714745313
575 28 26.6714745313
576 28 26.6714745313
577 28 26.6714745313
578 28 26.6714745313
579 28 26.6714745313
580 28 26.6714745313
581 29 12.935437807
582 29 12.935437807
583 29 12.935437807
584 29 12.935437807
585 29 12.935437807
586 29 12.935437807
587 29 12.935437807
588 29 12.935437807
589 29 12.935437807
590 29 12.935437807
591 29 12.935437807
592 29 12.935437807
593 29 12.935437807
594 29 12.935437807
595 29 12.935437807
596 29 12.935437807
597 29 12.935437807
598 29 12.935437807
599 29 12.935437807
600 29 12.935437807
601 30 13.9705359804
602 30 13.9705359804
603 30 13.9705359804
604 30 13.9705359804
605 30 13.9705359804
606 30 13.9705359804
607 30 13.9705359804
608 30 13.9705359804
609 30 13.9705359804
610 30 13.9705359804
611 30 13.9705359804
612 30 13.9705359804
613 30 13.9705359804
614 30 13.9705359804
615 30 13.9705359804
616 30 13.9705359804
617 30 13.9705359804
618 30 13.9705359804
619 30 13.9705359804
620 30 13.9705359804
621 31 18.8014323955
622 31 18.8014323955
623 31 18.8014323955
624 31 18.8014323955
625 31 18.8014323955
626 31 18.8014323955
627 31 18.8014323955
628 31 18.8014323955
629 31 18.8014323955
630 31 18.8014323955
631 31 18.8014323955
632 31 18.8014323955
633 31 18.8014323955
634 31 18.8014323955
635 31 18.8014323955
636 31 18.8014323955
637 31 18.8014323955
638 31 18.8014323955
639 31 18.8014323955
640 31 18.8014323955
641 32 15.8322424002
642 32 15.8322424002
643 32 15.8322424002
644 32 15.8322424002
645 32 15.8322424002
646 32 15.8322424002
647 32 15.8322424002
648 32 15.8322424002
649 32 15.8322424002
650 32 15.8322424002
651 32 15.8322424002
652 32 15.8322424002
653 32 15.8322424002
654 32 15.8322424002
655 32 15.8322424002
656 32 15.8322424002
657 32 15.8322424002
658 32 15.8322424002
659 32 15.8322424002
660 32 15.8322424002
661 33 11.8684966995
662 33 11.8684966995
663 33 11.8684966995
664 33 11.8684966995
665 33 11.8684966995
666 33 11.8684966995
667 33 11.8684966995
668 33 11.8684966995
669 33 11.8684966995
670 33 11.8684966995
671 33 11.8684966995
672 33 11.8684966995
673 33 11.8684966995
674 33 11.8684966995
675 33 11.8684966995
676 33 11.8684966995
677 33 11.8684966995
678 33 11.8684966995
679 33 11.8684966995
680 33 11.8684966995
681 34 16.8371166171
682 34 16.8371166171
683 34 16.8371166171
684 34 16.8371166171
685 34 16.8371166171
686 34 16.8371166171
687 34 16.8371166171
688 34 16.8371166171
689 34 16.8371166171
690 34 16.8371166171
691 34 16.8371166171
692 34 16.8371166171
693 34 16.8371166171
694 34 16.8371166171
695 34 16.8371166171
696 34 16.8371166171
697 34 16.8371166171
698 34 16.8371166171
699 34 16.8371166171
700 34 16.8371166171
701 35 24.619783296
702 35 24.619783296
703 35 24.619783296
704 35 24.619783296
705 35 24.619783296
706 35 24.619783296
707 35 24.619783296
708 35 24.619783296
709 35 24.619783296
710 35 24.619783296
711 35 24.619783296
712 36 29.598154266
713 36 29.598154266
714 36 29.598154266
715 36 29.598154266
716 36 29.598154266
717 36 29.598154266
718 36 29.598154266
719 36 29.598154266
720 36 29.598154266
721 36 29.598154266
722 36 29.598154266
723 36 29.598154266
724 36 29.598154266
725 36 29.598154266
726 36 29.598154266
727 36 29.598154266
728 36 29.598154266
729 36 29.598154266
730 36 29.598154266
731 36 29.598154266
732 36 29.598154266
733 36 29.598154266
734 36 29.598154266
735 36 29.598154266
736 36 29.598154266
737 36 29.598154266
738 36 29.598154266
739 36 29.598154266
740 36 29.598154266
741 36 29.598154266
742 36 29.598154266
743 36 29.598154266
744 36 29.598154266
745 36 29.598154266
746 36 29.598154266
747 36 29.598154266
748 36 29.598154266
749 36 29.598154266
750 36 29.598154266
751 36 29.598154266
752 37 35.977682181
753 37 35.977682181
754 37 35.977682181
755 37 35.977682181
756 37 35.977682181
757 37 35.977682181
758 37 35.977682181
759 37 35.977682181
760 37 35.977682181
761 37 35.977682181
762 37 35.977682181
763 37 35.977682181
764 37 35.977682181
765 37 35.977682181
766 37 35.977682181
767 37 35.977682181
768 37 35.977682181
769 37 35.977682181
770 37 35.977682181
771 37 35.977682181
772 37 35.977682181
773 37 35.977682181
774 37 35.977682181
775 37 35.977682181
776 37 35.977682181
777 37 35.977682181
778 37 35.977682181
779 37 35.977682181
780 37 35.977682181
781 37 35.977682181
782 37 35.977682181
783 37 35.977682181
784 37 35.977682181
785 37 35.977682181
786 37 35.977682181
787 37 35.977682181
788 37 35.977682181
789 37 35.977682181
790 37 35.977682181
791 37 35.977682181
792 38 36.4408830449
793 38 36.4408830449
794 38 36.4408830449
795 38 36.4408830449
796 38 36.4408830449
797 38 36.4408830449
798 38 36.4408830449
799 38 36.4408830449
800 38 36.4408830449
801 38 36.4408830449
802 38 36.4408830449
803 38 36.4408830449
804 38 36.4408830449
805 38 36.4408830449
806 38 36.4408830449
807 38 36.4408830449
808 38 36.4408830449
809 38 36.4408830449
810 38 36.4408830449
811 38 36.4408830449
812 38 36.4408830449
813 38 36.4408830449
814 38 36.4408830449
815 38 36.4408830449
816 38 36.4408830449
817 38 36.4408830449
818 38 36.4408830449
819 38 36.4408830449
820 38 36.4408830449
821 38 36.4408830449
822 38 36.4408830449
823 38 36.4408830449
824 38 36.4408830449
825 38 36.4408830449
826 38 36.4408830449
827 38 36.4408830449
828 38 36.4408830449
829 38 36.4408830449
830 38 36.4408830449
831 38 36.4408830449
832 39 32.5596399823
833 39 32.5596399823
834 39 32.5596399823
835 39 32.5596399823
836 39 32.5596399823
837 39 32.5596399823
838 39 32.5596399823
839 39 32.5596399823
840 39 32.5596399823
841 39 32.5596399823
842 39 32.5596399823
843 39 32.5596399823
844 39 32.5596399823
845 39 32.5596399823
846 39 32.5596399823
847 39 32.5596399823
848 39 32.5596399823
849 39 32.5596399823
850 39 32.5596399823
851 39 32.5596399823
852 39 32.5596399823
853 39 32.5596399823
854 39 32.5596399823
855 39 32.5596399823
856 39 32.5596399823
857 39 32.5596399823
858 39 32.5596399823
859 39 32.5596399823
860 39 32.5596399823
861 39 32.5596399823
862 39 32.5596399823
863 39 32.5596399823
864 39 32.5596399823
865 39 32.5596399823
866 39 32.5596399823
867 39 32.5596399823
868 39 32.5596399823
869 39 32.5596399823
870 39 32.5596399823
871 39 32.5596399823
872 40 31.3402481294
873 40 31.3402481294
874 40 31.3402481294
875 40 31.3402481294
876 40 31.3402481294
877 40 31.3402481294
878 40 31.3402481294
879 40 31.3402481294
880 40 31.3402481294
881 40 31.3402481294
882 40 31.3402481294
883 40 31.3402481294
884 40 31.3402481294
885 40 31.3402481294
886 40 31.3402481294
887 40 31.3402481294
888 40 31.3402481294
889 40 31.3402481294
890 40 31.3402481294
891 40 31.3402481294
892 40 31.3402481294
893 40 31.3402481294
894 40 31.3402481294
895 40 31.3402481294
896 40 31.3402481294
897 40 31.3402481294
898 40 31.3402481294
899 40 31.3402481294
900 40 31.3402481294
901 40 31.3402481294
902 40 31.3402481294
903 40 31.3402481294
904 40 31.3402481294
905 40 31.3402481294
906 40 31.3402481294
907 40 31.3402481294
908 40 31.3402481294
909 40 31.3402481294
910 40 31.3402481294
911 40 31.3402481294
912 41 26.7805548289
913 41 26.7805548289
914 41 26.7805548289
915 41 26.7805548289
916 41 26.7805548289
917 41 26.7805548289
918 41 26.7805548289
919 41 26.7805548289
920 41 26.7805548289
921 41 26.7805548289
922 41 26.7805548289
923 41 26.7805548289
924 41 26.7805548289
925 41 26.7805548289
926 41 26.7805548289
927 41 26.7805548289
928 41 26.7805548289
929 41 26.7805548289
930 41 26.7805548289
931 41 26.7805548289
932 41 26.7805548289
933 41 26.7805548289
934 41 26.7805548289
935 41 26.7805548289
936 41 26.7805548289
937 41 26.7805548289
938 41 26.7805548289
939 41 26.7805548289
940 41 26.7805548289
941 41 26.7805548289
942 41 26.7805548289
943 41 26.7805548289
944 41 26.7805548289
945 41 26.7805548289
946 41 26.7805548289
947 41 26.7805548289
948 41 26.7805548289
949 41 26.7805548289
950 41 26.7805548289
951 41 26.7805548289
952 42 33.8561859832
953 42 33.8561859832
954 42 33.8561859832
955 42 33.8561859832
956 42 33.8561859832
957 42 33.8561859832
958 42 33.8561859832
959 42 33.8561859832
960 42 33.8561859832
961 42 33.8561859832
962 42 33.8561859832
963 42 33.8561859832
964 42 33.8561859832
965 42 33.8561859832
966 42 33.8561859832
967 42 33.8561859832
968 42 33.8561859832
969 42 33.8561859832
970 42 33.8561859832
971 42 33.8561859832
972 42 33.8561859832
973 42 33.8561859832
974 42 33.8561859832
975 42 33.8561859832
976 42 33.8561859832
977 42 33.8561859832
978 42 33.8561859832
979 42 33.8561859832
980 42 33.8561859832
981 42 33.8561859832
982 42 33.8561859832
983 42 33.8561859832
984 42 33.8561859832
985 42 33.8561859832
986 42 33.8561859832
987 42 33.8561859832
988 42 33.8561859832
989 42 33.8561859832
990 42 33.8561859832
991 42 33.8561859832
992 43 32.6937725679
993 43 32.6937725679
994 43 32.6937725679
995 43 32.6937725679
996 43 32.6937725679
997 43 32.6937725679
998 43 32.6937725679
999 43 32.6937725679
1000 43 32.6937725679
1001 43 32.6937725679
1002 43 32.6937725679
1003 43 32.6937725679
1004 43 32.6937725679
1005 43 32.6937725679
1006 43 32.6937725679
1007 43 32.6937725679
1008 43 32.6937725679
1009 43 32.6937725679
1010 43 32.6937725679
1011 43 32.6937725679
1012 43 32.6937725679
1013 43 32.6937725679
1014 43 32.6937725679
1015 43 32.6937725679
1016 43 32.6937725679
1017 43 32.6937725679
1018 43 32.6937725679
1019 43 32.6937725679
1020 43 32.6937725679
1021 43 32.6937725679
1022 43 32.6937725679
1023 43 32.6937725679
1024 43 32.6937725679
1025 43 32.6937725679
1026 43 32.6937725679
1027 43 32.6937725679
1028 43 32.6937725679
1029 43 32.6937725679
1030 43 32.6937725679
1031 43 32.6937725679
1032 44 22.8263516439
1033 44 22.8263516439
1034 44 22.8263516439
1035 44 22.8263516439
1036 44 22.8263516439
1037 44 22.8263516439
1038 44 22.8263516439
1039 44 22.8263516439
1040 44 22.8263516439
1041 44 22.8263516439
1042 44 22.8263516439
1043 44 22.8263516439
1044 44 22.8263516439
1045 44 22.8263516439
1046 44 22.8263516439
1047 44 22.8263516439
1048 44 22.8263516439
1049 44 22.8263516439
1050 44 22.8263516439
1051 44 22.8263516439
1052 44 22.8263516439
1053 44 22.8263516439
1054 44 22.8263516439
1055 44 22.8263516439
1056 44 22.8263516439
1057 44 22.8263516439
1058 44 22.8263516439
1059 44 22.8263516439
1060 44 22.8263516439
1061 44 22.8263516439
1062 44 22.8263516439
1063 44 22.8263516439
1064 44 22.8263516439
1065 44 22.8263516439
1066 44 22.8263516439
1067 44 22.8263516439
1068 44 22.8263516439
1069 44 22.8263516439
1070 44 22.8263516439
1071 44 22.8263516439
1072 45 20.3465986634
1073 45 20.3465986634
1074 45 20.3465986634
1075 45 20.3465986634
1076 45 20.3465986634
1077 45 20.3465986634
1078 45 20.3465986634
1079 45 20.3465986634
1080 45 20.3465986634
1081 45 20.3465986634
1082 45 20.3465986634
