1 0 30.9775593073
2 0 30.9775593073
3 0 30.9775593073
4 0 30.9775593073
5 0 30.9775593073
6 0 30.9775593073
7 0 30.9775593073
8 0 30.9775593073
9 0 30.9775593073
10 0 30.9775593073
11 0 30.9775593073
12 0 30.9775593073
13 0 30.9775593073
14 0 30.9775593073
15 0 30.9775593073
16 0 30.9775593073
17 0 30.9775593073
18 0 30.9775593073
19 0 30.9775593073
20 0 30.9775593073
21 0 30.9775593073
22 0 30.9775593073
23 0 30.9775593073
24 0 30.9775593073
25 0 30.9775593073
26 0 30.9775593073
27 0 30.9775593073
28 0 30.9775593073
29 0 30.9775593073
30 0 30.9775593073
31 0 30.9775593073
32 0 30.9775593073
33 0 30.9775593073
34 0 30.9775593073
35 0 30.9775593073
36 0 30.9775593073
37 0 30.9775593073
38 0 30.9775593073
39 0 30.9775593073
40 0 30.9775593073
41 1 35.2091770049
42 1 35.2091770049
43 1 35.2091770049
44 1 35.2091770049
45 1 35.2091770049
46 1 35.2091770049
47 1 35.2091770049
48 1 35.2091770049
49 1 35.2091770049
50 1 35.2091770049
51 1 35.2091770049
52 1 35.2091770049
53 1 35.2091770049
54 1 35.2091770049
55 1 35.2091770049
56 1 35.2091770049
57 1 35.2091770049
58 1 35.2091770049
59 1 35.2091770049
60 1 35.2091770049
61 1 35.2091770049
62 1 35.2091770049
63 1 35.2091770049
64 1 35.2091770049
65 1 35.2091770049
66 1 35.2091770049
67 1 35.2091770049
68 1 35.2091770049
69 1 35.2091770049
70 1 35.2091770049
71 1 35.2091770049
72 1 35.2091770049
73 1 35.2091770049
74 1 35.2091770049
75 1 35.2091770049
76 1 35.2091770049
77 1 35.2091770049
78 1 35.2091770049
79 1 35.2091770049
80 1 35.2091770049
81 2 37.6932051764
82 2 37.6932051764
83 2 37.6932051764
84 2 37.6932051764
85 2 37.6932051764
86 2 37.6932051764
87 2 37.6932051764
88 2 37.6932051764
89 2 37.6932051764
90 2 37.6932051764
91 2 37.6932051764
92 2 37.6932051764
93 2 37.6932051764
94 2 37.6932051764
95 2 37.6932051764
96 2 37.6932051764
97 2 37.6932051764
98 2 37.6932051764
99 2 37.6932051764
100 2 37.6932051764
101 2 37.6932051764
102 2 37.6932051764
103 2 37.6932051764
104 2 37.6932051764
105 2 37.6932051764
106 2 37.6932051764
107 2 37.6932051764
108 2 37.6932051764
109 2 37.6932051764
110 2 37.6932051764
111 2 37.6932051764
112 2 37.6932051764
113 2 37.6932051764
114 2 37.6932051764
115 2 37.6932051764
116 2 37.6932051764
117 2 37.6932051764
118 2 37.6932051764
119 2 37.6932051764
120 2 37.6932051764
121 3 42.4022096988
122 3 42.4022096988
123 3 42.4022096988
124 3 42.4022096988
125 3 42.4022096988
126 3 42.4022096988
127 3 42.4022096988
128 3 42.4022096988
129 3 42.4022096988
130 3 42.4022096988
131 3 42.4022096988
132 3 42.4022096988
133 3 42.4022096988
134 3 42.4022096988
135 3 42.4022096988
136 3 42.4022096988
137 3 42.4022096988
138 3 42.4022096988
139 3 42.4022096988
140 3 42.4022096988
141 3 42.4022096988
142 3 42.4022096988
143 3 42.4022096988
144 3 42.4022096988
145 3 42.4022096988
146 3 42.4022096988
147 3 42.4022096988
148 3 42.4022096988
149 3 42.4022096988
150 3 42.4022096988
151 3 42.4022096988
152 3 42.4022096988
153 3 42.4022096988
154 3 42.4022096988
155 3 42.4022096988
156 3 42.4022096988
157 3 42.4022096988
158 3 42.4022096988
159 3 42.4022096988
160 3 42.4022096988
161 4 41.3871764144
162 4 41.3871764144
163 4 41.3871764144
164 4 41.3871764144
165 4 41.3871764144
166 4 41.3871764144
167 4 41.3871764144
168 4 41.3871764144
169 4 41.3871764144
170 4 41.3871764144
171 4 41.3871764144
172 4 41.3871764144
173 4 41.3871764144
174 4 41.3871764144
175 4 41.3871764144
176 4 41.3871764144
177 4 41.3871764144
178 4 41.3871764144
179 4 41.3871764144
180 4 41.3871764144
181 4 41.3871764144
182 4 41.3871764144
183 4 41.3871764144
184 4 41.3871764144
185 4 41.3871764144
186 4 41.3871764144
187 4 41.3871764144
188 4 41.3871764144
189 4 41.3871764144
190 4 41.3871764144
191 4 41.3871764144
192 4 41.3871764144
193 4 41.3871764144
194 4 41.3871764144
195 4 41.3871764144
196 4 41.3871764144
197 4 41.3871764144
198 4 41.3871764144
199 4 41.3871764144
200 4 41.3871764144
201 5 37.4827651334
202 5 37.4827651334
203 5 37.4827651334
204 5 37.4827651334
205 5 37.4827651334
206 5 37.4827651334
207 5 37.4827651334
208 5 37.4827651334
209 5 37.4827651334
210 5 37.4827651334
211 5 37.4827651334
212 5 37.4827651334
213 5 37.4827651334
214 5 37.4827651334
215 5 37.4827651334
216 5 37.4827651334
217 5 37.4827651334
218 5 37.4827651334
219 5 37.4827651334
220 5 37.4827651334
221 5 37.4827651334
222 5 37.4827651334
223 5 37.4827651334
224 5 37.4827651334
225 5 37.4827651334
226 5 37.4827651334
227 5 37.4827651334
228 5 37.4827651334
229 5 37.4827651334
230 5 37.4827651334
231 5 37.4827651334
232 5 37.4827651334
233 5 37.4827651334
234 5 37.4827651334
235 5 37.4827651334
236 5 37.4827651334
237 5 37.4827651334
238 5 37.4827651334
239 5 37.4827651334
240 5 37.4827651334
241 6 30.0070390959
242 6 30.0070390959
243 6 30.0070390959
244 6 30.0070390959
245 6 30.0070390959
246 6 30.0070390959
247 6 30.0070390959
248 6 30.0070390959
249 6 30.0070390959
250 6 30.0070390959
251 6 30.0070390959
252 6 30.0070390959
253 6 30.0070390959
254 6 30.0070390959
255 6 30.0070390959
256 6 30.0070390959
257 6 30.0070390959
258 6 30.0070390959
259 6 30.0070390959
260 6 30.0070390959
261 6 30.0070390959
262 6 30.0070390959
263 6 30.0070390959
264 6 30.0070390959
265 6 30.0070390959
266 6 30.0070390959
267 6 30.0070390959
268 6 30.0070390959
269 6 30.0070390959
270 6 30.0070390959
271 6 30.0070390959
272 6 30.0070390959
273 6 30.0070390959
274 6 30.0070390959
275 6 30.0070390959
276 6 30.0070390959
277 6 30.0070390959
278 6 30.0070390959
279 6 30.0070390959
280 6 30.0070390959
281 7 23.5522719059
282 7 23.5522719059
283 7 23.5522719059
284 7 23.5522719059
285 7 23.5522719059
286 7 23.5522719059
287 7 23.5522719059
288 7 23.5522719059
289 7 23.5522719059
290 7 23.5522719059
291 7 23.5522719059
292 7 23.5522719059
293 7 23.5522719059
294 7 23.5522719059
295 7 23.5522719059
296 7 23.5522719059
297 7 23.5522719059
298 7 23.5522719059
299 7 23.5522719059
300 7 23.5522719059
301 7 23.5522719059
302 7 23.5522719059
303 7 23.5522719059
304 7 23.5522719059
305 7 23.5522719059
306 7 23.5522719059
307 7 23.5522719059
308 7 23.5522719059
309 7 23.5522719059
310 7 23.5522719059
311 7 23.5522719059
312 7 23.5522719059
313 7 23.5522719059
314 7 23.5522719059
315 7 23.5522719059
316 7 23.5522719059
317 7 23.5522719059
318 7 23.5522719059
319 7 23.5522719059
320 7 23.5522719059
321 8 28.6245384552
322 8 28.6245384552
323 8 28.6245384552
324 8 28.6245384552
325 8 28.6245384552
326 8 28.6245384552
327 8 28.6245384552
328 8 28.6245384552
329 8 28.6245384552
330 8 28.6245384552
331 8 28.6245384552
332 8 28.6245384552
333 8 28.6245384552
334 8 28.6245384552
335 8 28.6245384552
336 8 28.6245384552
337 8 28.6245384552
338 8 28.6245384552
339 8 28.6245384552
340 8 28.6245384552
341 8 28.6245384552
342 8 28.6245384552
343 8 28.6245384552
344 8 28.6245384552
345 8 28.6245384552
346 8 28.6245384552
347 8 28.6245384552
348 8 28.6245384552
349 8 28.6245384552
350 8 28.6245384552
351 8 28.6245384552
352 8 28.6245384552
353 8 28.6245384552
354 8 28.6245384552
355 8 28.6245384552
356 8 28.6245384552
357 8 28.6245384552
358 8 28.6245384552
359 8 28.6245384552
360 8 28.6245384552
361 9 21.7018005085
362 9 21.7018005085
363 9 21.7018005085
364 9 21.7018005085
365 9 21.7018005085
366 9 21.7018005085
367 9 21.7018005085
368 9 21.7018005085
369 9 21.7018005085
370 9 21.7018005085
371 9 21.7018005085
372 9 21.7018005085
373 9 21.7018005085
374 9 21.7018005085
375 9 21.7018005085
376 9 21.7018005085
377 9 21.7018005085
378 9 21.7018005085
379 9 21.7018005085
380 9 21.7018005085
381 9 21.7018005085
382 9 21.7018005085
383 9 21.7018005085
384 9 21.7018005085
385 9 21.7018005085
386 9 21.7018005085
387 9 21.7018005085
388 9 21.7018005085
389 9 21.7018005085
390 9 21.7018005085
391 9 21.7018005085
392 9 21.7018005085
393 9 21.7018005085
394 9 21.7018005085
395 9 21.7018005085
396 9 21.7018005085
397 9 21.7018005085
398 9 21.7018005085
399 9 21.7018005085
400 9 21.7018005085
401 10 15.7173534333
402 10 15.7173534333
403 10 15.7173534333
404 10 15.7173534333
405 10 15.7173534333
406 10 15.7173534333
407 10 15.7173534333
408 10 15.7173534333
409 10 15.7173534333
410 10 15.7173534333
411 10 15.7173534333
412 10 15.7173534333
413 10 15.7173534333
414 10 15.7173534333
415 10 15.7173534333
416 10 15.7173534333
417 10 15.7173534333
418 10 15.7173534333
419 10 15.7173534333
420 10 15.7173534333
421 10 15.7173534333
422 10 15.7173534333
423 10 15.7173534333
424 10 15.7173534333
425 10 15.7173534333
426 10 15.7173534333
427 10 15.7173534333
428 10 15.7173534333
429 10 15.7173534333
430 10 15.7173534333
431 10 15.7173534333
432 10 15.7173534333
433 10 15.7173534333
434 10 15.7173534333
435 10 15.7173534333
436 10 15.7173534333
437 10 15.7173534333
438 10 15.7173534333
439 10 15.7173534333
440 10 15.7173534333
441 11 20.2715011356
442 11 20.2715011356
443 11 20.2715011356
444 11 20.2715011356
445 11 20.2715011356
446 11 20.2715011356
447 11 20.2715011356
448 11 20.2715011356
449 11 20.2715011356
450 11 20.2715011356
451 11 20.2715011356
452 11 20.2715011356
453 11 20.2715011356
454 11 20.2715011356
455 11 20.2715011356
456 11 20.2715011356
457 11 20.2715011356
458 11 20.2715011356
459 11 20.2715011356
460 11 20.2715011356
461 11 20.2715011356
462 11 20.2715011356
463 11 20.2715011356
464 11 20.2715011356
465 11 20.2715011356
466 11 20.2715011356
467 11 20.2715011356
468 11 20.2715011356
469 11 20.2715011356
470 11 20.2715011356
471 11 20.2715011356
472 11 20.2715011356
473 11 20.2715011356
474 11 20.2715011356
475 11 20.2715011356
476 11 20.2715011356
477 11 20.2715011356
478 11 20.2715011356
479 11 20.2715011356
480 11 20.2715011356
481 12 16.5024551559
482 12 16.5024551559
483 12 16.5024551559
484 12 16.5024551559
485 12 16.5024551559
486 12 16.5024551559
487 12 16.5024551559
488 12 16.5024551559
489 12 16.5024551559
490 12 16.5024551559
491 12 16.5024551559
492 12 16.5024551559
493 12 16.5024551559
494 12 16.5024551559
495 12 16.5024551559
496 12 16.5024551559
497 12 16.5024551559
498 12 16.5024551559
499 12 16.5024551559
500 12 16.5024551559
501 12 16.5024551559
502 12 16.5024551559
503 12 16.5024551559
504 12 16.5024551559
505 12 16.5024551559
506 12 16.5024551559
507 12 16.5024551559
508 12 16.5024551559
509 12 16.5024551559
510 12 16.5024551559
511 12 16.5024551559
512 12 16.5024551559
513 12 16.5024551559
514 12 16.5024551559
515 12 16.5024551559
516 12 16.5024551559
517 12 16.5024551559
518 12 16.5024551559
519 12 16.5024551559
520 12 16.5024551559
521 13 19.5356275496
522 13 19.5356275496
523 13 19.5356275496
524 13 19.5356275496
525 13 19.5356275496
526 13 19.5356275496
527 13 19.5356275496
528 13 19.5356275496
529 13 19.5356275496
530 13 19.5356275496
531 13 19.5356275496
532 13 19.5356275496
533 13 19.5356275496
534 13 19.5356275496
535 13 19.5356275496
536 13 19.5356275496
537 13 19.5356275496
538 13 19.5356275496
539 13 19.5356275496
540 13 19.5356275496
541 13 19.5356275496
542 13 19.5356275496
543 13 19.5356275496
544 13 19.5356275496
545 13 19.5356275496
546 13 19.5356275496
547 13 19.5356275496
548 13 19.5356275496
549 13 19.5356275496
550 13 19.5356275496
551 13 19.5356275496
552 13 19.5356275496
553 13 19.5356275496
554 13 19.5356275496
555 13 19.5356275496
556 13 19.5356275496
557 13 19.5356275496
558 13 19.5356275496
559 13 19.5356275496
560 13 19.5356275496
561 14 22.4822123843
562 14 22.4822123843
563 14 22.4822123843
564 14 22.4822123843
565 14 22.4822123843
566 14 22.4822123843
567 14 22.4822123843
568 14 22.4822123843
569 14 22.4822123843
570 14 22.4822123843
571 14 22.4822123843
572 14 22.4822123843
573 14 22.4822123843
574 14 22.4822123843
575 14 22.4822123843
576 14 22.4822123843
577 14 22.4822123843
578 14 22.4822123843
579 14 22.4822123843
580 14 22.4822123843
581 14 22.4822123843
582 14 22.4822123843
583 14 22.4822123843
584 14 22.4822123843
585 14 22.4822123843
586 14 22.4822123843
587 14 22.4822123843
588 14 22.4822123843
589 14 22.4822123843
590 14 22.4822123843
591 14 22.4822123843
592 14 22.4822123843
593 14 22.4822123843
594 14 22.4822123843
595 14 22.4822123843
596 14 22.4822123843
597 14 22.4822123843
598 14 22.4822123843
599 14 22.4822123843
600 14 22.4822123843
601 15 28.6858813958
602 15 28.6858813958
603 15 28.6858813958
604 15 28.6858813958
605 15 28.6858813958
606 15 28.6858813958
607 15 28.6858813958
608 15 28.6858813958
609 15 28.6858813958
610 15 28.6858813958
611 15 28.6858813958
612 15 28.6858813958
613 15 28.6858813958
614 15 28.6858813958
615 15 28.6858813958
616 15 28.6858813958
617 15 28.6858813958
618 15 28.6858813958
619 15 28.6858813958
620 15 28.6858813958
621 15 28.6858813958
622 15 28.6858813958
623 15 28.6858813958
624 15 28.6858813958
625 15 28.6858813958
626 15 28.6858813958
627 15 28.6858813958
628 15 28.6858813958
629 15 28.6858813958
630 15 28.6858813958
631 15 28.6858813958
632 15 28.6858813958
633 15 28.6858813958
634 15 28.6858813958
635 15 28.6858813958
636 15 28.6858813958
637 15 28.6858813958
638 15 28.6858813958
639 15 28.6858813958
640 15 28.6858813958
641 16 26.4050163337
642 16 26.4050163337
643 16 26.4050163337
644 16 26.4050163337
645 16 26.4050163337
646 16 26.4050163337
647 16 26.4050163337
648 16 26.4050163337
649 16 26.4050163337
650 16 26.4050163337
651 16 26.4050163337
652 16 26.4050163337
653 16 26.4050163337
654 16 26.4050163337
655 16 26.4050163337
656 16 26.4050163337
657 16 26.4050163337
658 16 26.4050163337
659 16 26.4050163337
660 16 26.4050163337
661 16 26.4050163337
662 16 26.4050163337
663 16 26.4050163337
664 16 26.4050163337
665 16 26.4050163337
666 16 26.4050163337
667 16 26.4050163337
668 16 26.4050163337
669 16 26.4050163337
670 16 26.4050163337
671 16 26.4050163337
672 16 26.4050163337
673 16 26.4050163337
674 16 26.4050163337
675 16 26.4050163337
676 16 26.4050163337
677 16 26.4050163337
678 16 26.4050163337
679 16 26.4050163337
680 16 26.4050163337
681 17 25.9828796168
682 17 25.9828796168
683 17 25.9828796168
684 17 25.9828796168
685 17 25.9828796168
686 17 25.9828796168
687 17 25.9828796168
688 17 25.9828796168
689 17 25.9828796168
690 17 25.9828796168
691 17 25.9828796168
692 17 25.9828796168
693 17 25.9828796168
694 17 25.9828796168
695 17 25.9828796168
696 17 25.9828796168
697 17 25.9828796168
698 17 25.9828796168
699 17 25.9828796168
700 17 25.9828796168
701 17 25.9828796168
702 17 25.9828796168
703 17 25.9828796168
704 17 25.9828796168
705 17 25.9828796168
706 17 25.9828796168
707 17 25.9828796168
708 17 25.9828796168
709 17 25.9828796168
710 17 25.9828796168
711 17 25.9828796168
712 17 25.9828796168
713 17 25.9828796168
714 17 25.9828796168
715 17 25.9828796168
716 17 25.9828796168
717 17 25.9828796168
718 17 25.9828796168
719 17 25.9828796168
720 17 25.9828796168
721 18 33.7328135987
722 18 33.7328135987
723 18 33.7328135987
724 18 33.7328135987
725 18 33.7328135987
726 18 33.7328135987
727 18 33.7328135987
728 18 33.7328135987
729 18 33.7328135987
730 18 33.7328135987
731 18 33.7328135987
732 18 33.7328135987
733 18 33.7328135987
734 18 33.7328135987
735 18 33.7328135987
736 18 33.7328135987
737 18 33.7328135987
738 18 33.7328135987
739 18 33.7328135987
740 18 33.7328135987
741 18 33.7328135987
742 18 33.7328135987
743 18 33.7328135987
744 18 33.7328135987
745 18 33.7328135987
746 18 33.7328135987
747 18 33.7328135987
748 18 33.7328135987
749 18 33.7328135987
750 18 33.7328135987
751 18 33.7328135987
752 18 33.7328135987
753 18 33.7328135987
754 18 33.7328135987
755 18 33.7328135987
756 18 33.7328135987
757 18 33.7328135987
758 18 33.7328135987
759 18 33.7328135987
760 18 33.7328135987
761 19 26.8274297187
762 19 26.8274297187
763 19 26.8274297187
764 19 26.8274297187
765 19 26.8274297187
766 19 26.8274297187
767 19 26.8274297187
768 19 26.8274297187
769 19 26.8274297187
770 19 26.8274297187
771 19 26.8274297187
772 19 26.8274297187
773 19 26.8274297187
774 19 26.8274297187
775 19 26.8274297187
776 19 26.8274297187
777 19 26.8274297187
778 19 26.8274297187
779 19 26.8274297187
780 19 26.8274297187
781 19 26.8274297187
782 19 26.8274297187
783 19 26.8274297187
784 19 26.8274297187
785 19 26.8274297187
786 19 26.8274297187
787 19 26.8274297187
788 19 26.8274297187
789 19 26.8274297187
790 19 26.8274297187
791 19 26.8274297187
792 19 26.8274297187
793 19 26.8274297187
794 19 26.8274297187
795 19 26.8274297187
796 19 26.8274297187
797 19 26.8274297187
798 19 26.8274297187
799 19 26.8274297187
800 19 26.8274297187
801 20 19.4103008334
802 20 19.4103008334
803 20 19.4103008334
804 20 19.4103008334
805 20 19.4103008334
806 20 19.4103008334
807 20 19.4103008334
808 20 19.4103008334
809 20 19.4103008334
810 20 19.4103008334
811 20 19.4103008334
812 20 19.4103008334
813 20 19.4103008334
814 20 19.4103008334
815 20 19.4103008334
816 20 19.4103008334
817 20 19.4103008334
818 20 19.4103008334
819 20 19.4103008334
820 20 19.4103008334
821 20 19.4103008334
822 20 19.4103008334
823 20 19.4103008334
824 20 19.4103008334
825 20 19.4103008334
826 20 19.4103008334
827 20 19.4103008334
828 20 19.4103008334
829 20 19.4103008334
830 20 19.4103008334
831 20 19.4103008334
832 20 19.4103008334
833 20 19.4103008334
834 20 19.4103008334
835 20 19.4103008334
836 20 19.4103008334
837 20 19.4103008334
838 20 19.4103008334
839 20 19.4103008334
840 20 19.4103008334
841 21 13.0162887428
842 21 13.0162887428
843 21 13.0162887428
844 21 13.0162887428
845 21 13.0162887428
846 21 13.0162887428
847 21 13.0162887428
848 21 13.0162887428
849 21 13.0162887428
850 21 13.0162887428
851 21 13.0162887428
852 21 13.0162887428
853 21 13.0162887428
854 21 13.0162887428
855 21 13.0162887428
856 21 13.0162887428
857 21 13.0162887428
858 21 13.0162887428
859 21 13.0162887428
860 21 13.0162887428
861 21 13.0162887428
862 21 13.0162887428
863 21 13.0162887428
864 21 13.0162887428
865 21 13.0162887428
866 21 13.0162887428
867 21 13.0162887428
868 21 13.0162887428
869 21 13.0162887428
870 21 13.0162887428
871 21 13.0162887428
872 21 13.0162887428
873 21 13.0162887428
874 21 13.0162887428
875 21 13.0162887428
876 21 13.0162887428
877 21 13.0162887428
878 21 13.0162887428
879 21 13.0162887428
880 21 13.0162887428
881 22 13.7669913461
882 22 13.7669913461
883 22 13.7669913461
884 22 13.7669913461
885 22 13.7669913461
886 22 13.7669913461
887 22 13.7669913461
888 22 13.7669913461
889 22 13.7669913461
890 22 13.7669913461
891 22 13.7669913461
892 22 13.7669913461
893 22 13.7669913461
894 22 13.7669913461
895 22 13.7669913461
896 22 13.7669913461
897 22 13.7669913461
898 22 13.7669913461
899 22 13.7669913461
900 22 13.7669913461
901 22 13.7669913461
902 22 13.7669913461
903 22 13.7669913461
904 22 13.7669913461
905 22 13.7669913461
906 22 13.7669913461
907 22 13.7669913461
908 22 13.7669913461
909 22 13.7669913461
910 22 13.7669913461
911 22 13.7669913461
912 22 13.7669913461
913 22 13.7669913461
914 22 13.7669913461
915 22 13.7669913461
916 22 13.7669913461
917 22 13.7669913461
918 22 13.7669913461
919 22 13.7669913461
920 22 13.7669913461
921 23 19.9573952018
922 23 19.9573952018
923 23 19.9573952018
924 23 19.9573952018
925 23 19.9573952018
926 23 19.9573952018
927 23 19.9573952018
928 23 19.9573952018
929 23 19.9573952018
930 23 19.9573952018
931 23 19.9573952018
932 23 19.9573952018
933 23 19.9573952018
934 23 19.9573952018
935 23 19.9573952018
936 23 19.9573952018
937 23 19.9573952018
938 23 19.9573952018
939 23 19.9573952018
940 23 19.9573952018
941 23 19.9573952018
942 23 19.9573952018
943 23 19.9573952018
944 23 19.9573952018
945 23 19.9573952018
946 23 19.9573952018
947 23 19.9573952018
948 23 19.9573952018
949 23 19.9573952018
950 23 19.9573952018
951 23 19.9573952018
952 23 19.9573952018
953 23 19.9573952018
954 23 19.9573952018
955 23 19.9573952018
956 23 19.9573952018
957 23 19.9573952018
958 23 19.9573952018
959 23 19.9573952018
960 23 19.9573952018
961 24 23.5595762445
962 24 23.5595762445
963 24 23.5595762445
964 24 23.5595762445
965 24 23.5595762445
966 24 23.5595762445
967 24 23.5595762445
968 24 23.5595762445
969 24 23.5595762445
970 24 23.5595762445
971 24 23.5595762445
972 24 23.5595762445
973 24 23.5595762445
974 24 23.5595762445
975 24 23.5595762445
976 24 23.5595762445
977 24 23.5595762445
978 24 23.5595762445
979 24 23.5595762445
980 24 23.5595762445
981 24 23.5595762445
982 24 23.5595762445
983 24 23.5595762445
984 24 23.5595762445
985 24 23.5595762445
986 24 23.5595762445
987 24 23.5595762445
988 24 23.5595762445
989 24 23.5595762445
990 24 23.5595762445
991 24 23.5595762445
992 24 23.5595762445
993 24 23.5595762445
994 24 23.5595762445
995 24 23.5595762445
996 24 23.5595762445
997 24 23.5595762445
998 24 23.5595762445
999 24 23.5595762445
1000 24 23.5595762445
1001 25 23.9342824766
1002 25 23.9342824766
1003 25 23.9342824766
1004 25 23.9342824766
1005 25 23.9342824766
1006 25 23.9342824766
1007 25 23.9342824766
1008 25 23.9342824766
1009 25 23.9342824766
1010 25 23.9342824766
1011 25 23.9342824766
1012 25 23.9342824766
1013 25 23.9342824766
1014 25 23.9342824766
1015 25 23.9342824766
1016 25 23.9342824766
1017 25 23.9342824766
1018 25 23.9342824766
1019 25 23.9342824766
1020 25 23.9342824766
1021 25 23.9342824766
1022 25 23.9342824766
1023 25 23.9342824766
1024 25 23.9342824766
1025 25 23.9342824766
1026 25 23.9342824766
1027 25 23.9342824766
1028 25 23.9342824766
1029 25 23.9342824766
1030 25 23.9342824766
1031 25 23.9342824766
1032 25 23.9342824766
1033 25 23.9342824766
1034 25 23.9342824766
1035 25 23.9342824766
1036 25 23.9342824766
1037 25 23.9342824766
1038 25 23.9342824766
1039 25 23.9342824766
1040 25 23.9342824766
1041 26 24.178543857
1042 26 24.178543857
1043 26 24.178543857
1044 26 24.178543857
1045 26 24.178543857
1046 26 24.178543857
1047 26 24.178543857
1048 26 24.178543857
1049 26 24.178543857
1050 26 24.178543857
1051 26 24.178543857
1052 26 24.178543857
1053 26 24.178543857
1054 26 24.178543857
1055 26 24.178543857
1056 26 24.178543857
1057 26 24.178543857
1058 26 24.178543857
1059 26 24.178543857
1060 26 24.178543857
1061 26 24.178543857
1062 26 24.178543857
1063 26 24.178543857
1064 26 24.178543857
1065 26 24.178543857
1066 26 24.178543857
1067 26 24.178543857
1068 26 24.178543857
1069 26 24.178543857
1070 26 24.178543857
1071 26 24.178543857
1072 26 24.178543857
1073 26 24.178543857
1074 26 24.178543857
1075 26 24.178543857
1076 26 24.178543857
1077 26 24.178543857
1078 26 24.178543857
1079 26 24.178543857
1080 26 24.178543857
1081 27 25.915825614
1082 27 25.915825614
1083 27 25.915825614
1084 27 25.915825614
1085 27 25.915825614
1086 27 25.915825614
1087 27 25.915825614
1088 27 25.915825614
1089 27 25.915825614
1090 27 25.915825614
1091 27 25.915825614
1092 27 25.915825614
1093 27 25.915825614
1094 27 25.915825614
1095 27 25.915825614
1096 27 25.915825614
1097 27 25.915825614
1098 27 25.915825614
1099 27 25.915825614
1100 27 25.915825614
1101 27 25.915825614
1102 27 25.915825614
1103 27 25.915825614
1104 27 25.915825614
1105 27 25.915825614
1106 27 25.915825614
1107 27 25.915825614
1108 27 25.915825614
1109 27 25.915825614
1110 27 25.915825614
1111 27 25.915825614
1112 27 25.915825614
1113 27 25.915825614
1114 27 25.915825614
1115 27 25.915825614
1116 27 25.915825614
1117 27 25.915825614
1118 27 25.915825614
1119 27 25.915825614
1120 27 25.915825614
1121 28 31.9356385333
1122 28 31.9356385333
1123 28 31.9356385333
1124 28 31.9356385333
1125 28 31.9356385333
1126 28 31.9356385333
1127 28 31.9356385333
1128 28 31.9356385333
1129 28 31.9356385333
1130 28 31.9356385333
1131 28 31.9356385333
1132 28 31.9356385333
1133 28 31.9356385333
1134 28 31.9356385333
1135 28 31.9356385333
1136 28 31.9356385333
1137 28 31.9356385333
1138 28 31.9356385333
1139 28 31.9356385333
1140 28 31.9356385333
1141 28 31.9356385333
1142 28 31.9356385333
1143 28 31.9356385333
1144 28 31.9356385333
1145 28 31.9356385333
1146 28 31.9356385333
