1 0 30.535016659
2 0 30.535016659
3 0 30.535016659
4 0 30.535016659
5 0 30.535016659
6 0 30.535016659
7 0 30.535016659
8 0 30.535016659
9 0 30.535016659
10 0 30.535016659
11 0 30.535016659
12 0 30.535016659
13 0 30.535016659
14 0 30.535016659
15 0 30.535016659
16 0 30.535016659
17 0 30.535016659
18 0 30.535016659
19 0 30.535016659
20 0 30.535016659
21 1 26.6742514686
22 1 26.6742514686
23 1 26.6742514686
24 1 26.6742514686
25 1 26.6742514686
26 1 26.6742514686
27 1 26.6742514686
28 1 26.6742514686
29 1 26.6742514686
30 1 26.6742514686
31 1 26.6742514686
32 1 26.6742514686
33 1 26.6742514686
34 1 26.6742514686
35 1 26.6742514686
36 1 26.6742514686
37 1 26.6742514686
38 1 26.6742514686
39 1 26.6742514686
40 1 26.6742514686
41 2 18.894251102
42 2 18.894251102
43 2 18.894251102
44 2 18.894251102
45 2 18.894251102
46 2 18.894251102
47 2 18.894251102
48 2 18.894251102
49 2 18.894251102
50 2 18.894251102
51 2 18.894251102
52 2 18.894251102
53 2 18.894251102
54 2 18.894251102
55 2 18.894251102
56 2 18.894251102
57 2 18.894251102
58 2 18.894251102
59 2 18.894251102
60 2 18.894251102
61 3 15.1863322522
62 3 15.1863322522
63 3 15.1863322522
64 3 15.1863322522
65 3 15.1863322522
66 3 15.1863322522
67 3 15.1863322522
68 3 15.1863322522
69 3 15.1863322522
70 3 15.1863322522
71 3 15.1863322522
72 3 15.1863322522
73 3 15.1863322522
74 3 15.1863322522
75 3 15.1863322522
76 3 15.1863322522
77 3 15.1863322522
78 3 15.1863322522
79 3 15.1863322522
80 3 15.1863322522
81 4 11.0367522193
82 4 11.0367522193
83 4 11.0367522193
84 4 11.0367522193
85 4 11.0367522193
86 4 11.0367522193
87 4 11.0367522193
88 4 11.0367522193
89 4 11.0367522193
90 4 11.0367522193
91 4 11.0367522193
92 4 11.0367522193
93 4 11.0367522193
94 4 11.0367522193
95 4 11.0367522193
96 4 11.0367522193
97 4 11.0367522193
98 4 11.0367522193
99 4 11.0367522193
100 4 11.0367522193
101 5 9.72845153914
102 5 9.72845153914
103 5 9.72845153914
104 5 9.72845153914
105 5 9.72845153914
106 5 9.72845153914
107 5 9.72845153914
108 5 9.72845153914
109 5 9.72845153914
110 5 9.72845153914
111 5 9.72845153914
112 5 9.72845153914
113 5 9.72845153914
114 5 9.72845153914
115 5 9.72845153914
116 5 9.72845153914
117 5 9.72845153914
118 5 9.72845153914
119 5 9.72845153914
120 5 9.72845153914
121 6 14.2028584744
122 6 14.2028584744
123 6 14.2028584744
124 6 14.2028584744
125 6 14.2028584744
126 6 14.2028584744
127 6 14.2028584744
128 6 14.2028584744
129 6 14.2028584744
130 6 14.2028584744
131 6 14.2028584744
132 6 14.2028584744
133 6 14.2028584744
134 6 14.2028584744
135 6 14.2028584744
136 6 14.2028584744
137 6 14.2028584744
138 6 14.2028584744
139 6 14.2028584744
140 6 14.2028584744
141 7 12.9359025313
142 7 12.9359025313
143 7 12.9359025313
144 7 12.9359025313
145 7 12.9359025313
146 7 12.9359025313
147 7 12.9359025313
148 7 12.9359025313
149 7 12.9359025313
150 7 12.9359025313
151 7 12.9359025313
152 7 12.9359025313
153 7 12.9359025313
154 7 12.9359025313
155 7 12.9359025313
156 7 12.9359025313
157 7 12.9359025313
