1 0 18.186442471
2 0 18.186442471
3 0 18.186442471
4 0 18.186442471
5 0 18.186442471
6 0 18.186442471
7 0 18.186442471
8 0 18.186442471
9 0 18.186442471
10 0 18.186442471
11 0 18.186442471
12 0 18.186442471
13 0 18.186442471
14 0 18.186442471
15 0 18.186442471
16 0 18.186442471
17 0 18.186442471
18 0 18.186442471
19 0 18.186442471
20 0 18.186442471
21 0 18.186442471
22 0 18.186442471
23 0 18.186442471
24 0 18.186442471
25 0 18.186442471
26 0 18.186442471
27 0 18.186442471
28 0 18.186442471
29 0 18.186442471
30 0 18.186442471
31 0 18.186442471
32 0 18.186442471
33 0 18.186442471
34 0 18.186442471
35 0 18.186442471
36 0 18.186442471
37 0 18.186442471
38 0 18.186442471
39 0 18.186442471
40 0 18.186442471
41 1 13.5605783665
42 1 13.5605783665
43 1 13.5605783665
44 1 13.5605783665
45 1 13.5605783665
46 1 13.5605783665
47 1 13.5605783665
48 1 13.5605783665
49 1 13.5605783665
50 1 13.5605783665
51 1 13.5605783665
52 1 13.5605783665
53 1 13.5605783665
54 1 13.5605783665
55 1 13.5605783665
56 1 13.5605783665
57 1 13.5605783665
58 1 13.5605783665
59 1 13.5605783665
60 1 13.5605783665
61 1 13.5605783665
62 1 13.5605783665
63 1 13.5605783665
64 1 13.5605783665
65 1 13.5605783665
66 1 13.5605783665
67 1 13.5605783665
68 1 13.5605783665
69 1 13.5605783665
70 1 13.5605783665
71 1 13.5605783665
72 1 13.5605783665
73 1 13.5605783665
74 1 13.5605783665
75 1 13.5605783665
76 1 13.5605783665
77 1 13.5605783665
78 1 13.5605783665
79 1 13.5605783665
80 1 13.5605783665
81 2 12.8544736132
82 2 12.8544736132
83 2 12.8544736132
84 2 12.8544736132
85 2 12.8544736132
86 2 12.8544736132
87 2 12.8544736132
88 2 12.8544736132
89 2 12.8544736132
90 2 12.8544736132
91 2 12.8544736132
92 2 12.8544736132
93 2 12.8544736132
94 2 12.8544736132
95 2 12.8544736132
96 2 12.8544736132
97 2 12.8544736132
98 2 12.8544736132
99 2 12.8544736132
100 2 12.8544736132
101 2 12.8544736132
102 2 12.8544736132
103 2 12.8544736132
104 2 12.8544736132
105 2 12.8544736132
106 2 12.8544736132
107 2 12.8544736132
108 2 12.8544736132
109 2 12.8544736132
110 2 12.8544736132
111 2 12.8544736132
112 2 12.8544736132
113 2 12.8544736132
114 2 12.8544736132
115 2 12.8544736132
116 2 12.8544736132
117 2 12.8544736132
118 2 12.8544736132
119 2 12.8544736132
120 2 12.8544736132
121 3 22.2311145527
122 3 22.2311145527
123 3 22.2311145527
124 3 22.2311145527
125 3 22.2311145527
126 3 22.2311145527
127 3 22.2311145527
128 3 22.2311145527
129 3 22.2311145527
130 3 22.2311145527
131 3 22.2311145527
132 3 22.2311145527
133 3 22.2311145527
134 3 22.2311145527
135 3 22.2311145527
136 3 22.2311145527
137 3 22.2311145527
138 3 22.2311145527
139 3 22.2311145527
140 3 22.2311145527
141 3 22.2311145527
142 3 22.2311145527
143 3 22.2311145527
144 3 22.2311145527
145 3 22.2311145527
146 3 22.2311145527
147 3 22.2311145527
148 3 22.2311145527
149 3 22.2311145527
150 3 22.2311145527
151 3 22.2311145527
152 3 22.2311145527
153 3 22.2311145527
154 3 22.2311145527
155 3 22.2311145527
156 3 22.2311145527
157 3 22.2311145527
158 3 22.2311145527
159 3 22.2311145527
160 3 22.2311145527
161 4 16.4654170618
162 4 16.4654170618
163 4 16.4654170618
164 4 16.4654170618
165 4 16.4654170618
166 4 16.4654170618
167 4 16.4654170618
168 4 16.4654170618
169 4 16.4654170618
170 4 16.4654170618
171 4 16.4654170618
172 4 16.4654170618
173 4 16.4654170618
174 4 16.4654170618
175 4 16.4654170618
176 4 16.4654170618
177 4 16.4654170618
178 4 16.4654170618
179 4 16.4654170618
180 4 16.4654170618
181 4 16.4654170618
182 4 16.4654170618
183 4 16.4654170618
184 4 16.4654170618
185 4 16.4654170618
186 4 16.4654170618
187 4 16.4654170618
188 4 16.4654170618
189 4 16.4654170618
190 4 16.4654170618
191 4 16.4654170618
192 4 16.4654170618
193 4 16.4654170618
194 4 16.4654170618
195 4 16.4654170618
196 4 16.4654170618
197 4 16.4654170618
198 4 16.4654170618
199 4 16.4654170618
200 4 16.4654170618
201 5 10.5791133277
202 5 10.5791133277
203 5 10.5791133277
204 5 10.5791133277
205 5 10.5791133277
206 5 10.5791133277
207 5 10.5791133277
208 5 10.5791133277
209 5 10.5791133277
210 5 10.5791133277
211 5 10.5791133277
212 5 10.5791133277
213 5 10.5791133277
214 5 10.5791133277
215 5 10.5791133277
216 5 10.5791133277
217 5 10.5791133277
218 5 10.5791133277
219 5 10.5791133277
220 5 10.5791133277
221 5 10.5791133277
222 5 10.5791133277
223 5 10.5791133277
224 5 10.5791133277
225 5 10.5791133277
226 5 10.5791133277
227 5 10.5791133277
228 5 10.5791133277
229 5 10.5791133277
230 5 10.5791133277
231 5 10.5791133277
232 5 10.5791133277
233 5 10.5791133277
234 5 10.5791133277
235 5 10.5791133277
236 5 10.5791133277
237 5 10.5791133277
238 5 10.5791133277
239 5 10.5791133277
240 5 10.5791133277
241 6 15.2942776734
242 6 15.2942776734
243 6 15.2942776734
244 6 15.2942776734
245 6 15.2942776734
246 6 15.2942776734
247 6 15.2942776734
248 6 15.2942776734
249 6 15.2942776734
250 6 15.2942776734
251 6 15.2942776734
252 6 15.2942776734
253 6 15.2942776734
254 6 15.2942776734
255 6 15.2942776734
256 6 15.2942776734
257 6 15.2942776734
258 6 15.2942776734
259 6 15.2942776734
260 6 15.2942776734
261 6 15.2942776734
262 6 15.2942776734
263 6 15.2942776734
264 6 15.2942776734
265 6 15.2942776734
266 6 15.2942776734
267 6 15.2942776734
268 6 15.2942776734
269 6 15.2942776734
270 6 15.2942776734
271 6 15.2942776734
272 6 15.2942776734
273 6 15.2942776734
274 6 15.2942776734
275 6 15.2942776734
276 6 15.2942776734
277 6 15.2942776734
278 6 15.2942776734
279 6 15.2942776734
280 6 15.2942776734
281 7 17.2706665481
282 7 17.2706665481
283 7 17.2706665481
284 7 17.2706665481
285 7 17.2706665481
286 7 17.2706665481
287 7 17.2706665481
288 7 17.2706665481
289 7 17.2706665481
290 7 17.2706665481
291 7 17.2706665481
292 7 17.2706665481
293 7 17.2706665481
294 7 17.2706665481
295 7 17.2706665481
296 7 17.2706665481
297 7 17.2706665481
298 7 17.2706665481
299 7 17.2706665481
300 7 17.2706665481
301 7 17.2706665481
302 7 17.2706665481
303 7 17.2706665481
304 7 17.2706665481
305 7 17.2706665481
306 7 17.2706665481
307 7 17.2706665481
308 7 17.2706665481
309 7 17.2706665481
310 7 17.2706665481
311 7 17.2706665481
312 7 17.2706665481
313 7 17.2706665481
314 7 17.2706665481
315 7 17.2706665481
316 7 17.2706665481
317 7 17.2706665481
318 7 17.2706665481
319 7 17.2706665481
320 7 17.2706665481
321 8 17.54153909
322 8 17.54153909
323 8 17.54153909
324 8 17.54153909
325 8 17.54153909
326 8 17.54153909
327 8 17.54153909
328 8 17.54153909
329 8 17.54153909
330 8 17.54153909
331 8 17.54153909
332 8 17.54153909
333 8 17.54153909
334 8 17.54153909
335 8 17.54153909
336 8 17.54153909
337 8 17.54153909
338 8 17.54153909
339 8 17.54153909
340 8 17.54153909
341 8 17.54153909
342 8 17.54153909
343 8 17.54153909
344 8 17.54153909
345 8 17.54153909
346 8 17.54153909
347 8 17.54153909
348 8 17.54153909
349 8 17.54153909
350 8 17.54153909
351 8 17.54153909
352 8 17.54153909
353 8 17.54153909
354 8 17.54153909
355 8 17.54153909
356 8 17.54153909
357 8 17.54153909
358 8 17.54153909
359 8 17.54153909
360 8 17.54153909
361 9 23.1308912358
362 9 23.1308912358
363 9 23.1308912358
364 9 23.1308912358
365 9 23.1308912358
366 9 23.1308912358
367 9 23.1308912358
368 9 23.1308912358
369 9 23.1308912358
370 9 23.1308912358
371 9 23.1308912358
372 9 23.1308912358
373 9 23.1308912358
374 9 23.1308912358
375 9 23.1308912358
376 9 23.1308912358
377 9 23.1308912358
378 9 23.1308912358
379 9 23.1308912358
380 9 23.1308912358
381 9 23.1308912358
382 9 23.1308912358
383 9 23.1308912358
384 9 23.1308912358
385 9 23.1308912358
386 9 23.1308912358
387 9 23.1308912358
388 9 23.1308912358
389 9 23.1308912358
390 9 23.1308912358
391 9 23.1308912358
392 9 23.1308912358
393 9 23.1308912358
394 9 23.1308912358
395 9 23.1308912358
396 9 23.1308912358
397 9 23.1308912358
398 9 23.1308912358
399 9 23.1308912358
400 9 23.1308912358
401 10 29.6991934932
402 10 29.6991934932
403 10 29.6991934932
404 10 29.6991934932
405 10 29.6991934932
406 10 29.6991934932
407 10 29.6991934932
408 10 29.6991934932
409 10 29.6991934932
410 10 29.6991934932
411 10 29.6991934932
412 10 29.6991934932
413 10 29.6991934932
414 10 29.6991934932
415 10 29.6991934932
416 10 29.6991934932
417 10 29.6991934932
418 10 29.6991934932
419 10 29.6991934932
420 10 29.6991934932
421 10 29.6991934932
422 10 29.6991934932
423 10 29.6991934932
424 10 29.6991934932
425 10 29.6991934932
426 10 29.6991934932
427 10 29.6991934932
428 10 29.6991934932
429 10 29.6991934932
430 10 29.6991934932
431 10 29.6991934932
432 10 29.6991934932
433 10 29.6991934932
434 10 29.6991934932
435 10 29.6991934932
436 10 29.6991934932
437 10 29.6991934932
438 10 29.6991934932
439 10 29.6991934932
440 10 29.6991934932
441 11 27.3446789295
442 11 27.3446789295
443 11 27.3446789295
444 11 27.3446789295
445 11 27.3446789295
446 11 27.3446789295
447 11 27.3446789295
448 11 27.3446789295
449 11 27.3446789295
450 11 27.3446789295
451 11 27.3446789295
452 11 27.3446789295
453 11 27.3446789295
454 11 27.3446789295
455 11 27.3446789295
456 11 27.3446789295
457 11 27.3446789295
458 11 27.3446789295
459 11 27.3446789295
460 11 27.3446789295
461 11 27.3446789295
462 11 27.3446789295
463 11 27.3446789295
464 11 27.3446789295
465 11 27.3446789295
466 11 27.3446789295
467 11 27.3446789295
468 11 27.3446789295
469 11 27.3446789295
470 11 27.3446789295
471 11 27.3446789295
472 11 27.3446789295
473 11 27.3446789295
474 11 27.3446789295
475 11 27.3446789295
476 11 27.3446789295
477 11 27.3446789295
478 11 27.3446789295
479 11 27.3446789295
480 11 27.3446789295
481 12 18.1008508604
482 12 18.1008508604
483 12 18.1008508604
484 12 18.1008508604
485 12 18.1008508604
486 12 18.1008508604
487 12 18.1008508604
488 12 18.1008508604
489 12 18.1008508604
490 12 18.1008508604
491 12 18.1008508604
492 12 18.1008508604
493 12 18.1008508604
494 12 18.1008508604
495 12 18.1008508604
496 12 18.1008508604
497 12 18.1008508604
498 12 18.1008508604
499 12 18.1008508604
500 12 18.1008508604
501 12 18.1008508604
502 12 18.1008508604
503 12 18.1008508604
504 12 18.1008508604
505 12 18.1008508604
506 12 18.1008508604
507 12 18.1008508604
508 12 18.1008508604
509 12 18.1008508604
510 12 18.1008508604
511 12 18.1008508604
512 12 18.1008508604
513 12 18.1008508604
514 12 18.1008508604
515 12 18.1008508604
516 12 18.1008508604
517 12 18.1008508604
518 12 18.1008508604
519 12 18.1008508604
520 12 18.1008508604
521 13 25.7101421709
522 13 25.7101421709
523 13 25.7101421709
524 13 25.7101421709
525 13 25.7101421709
526 13 25.7101421709
527 13 25.7101421709
528 13 25.7101421709
529 13 25.7101421709
530 13 25.7101421709
531 13 25.7101421709
532 13 25.7101421709
533 13 25.7101421709
534 13 25.7101421709
535 13 25.7101421709
536 13 25.7101421709
537 13 25.7101421709
538 13 25.7101421709
539 13 25.7101421709
540 13 25.7101421709
541 13 25.7101421709
542 13 25.7101421709
543 13 25.7101421709
544 13 25.7101421709
545 13 25.7101421709
546 13 25.7101421709
547 13 25.7101421709
548 13 25.7101421709
549 13 25.7101421709
550 13 25.7101421709
551 13 25.7101421709
552 13 25.7101421709
553 13 25.7101421709
554 13 25.7101421709
555 13 25.7101421709
556 13 25.7101421709
557 13 25.7101421709
558 13 25.7101421709
559 13 25.7101421709
560 13 25.7101421709
561 14 31.9001770143
562 14 31.9001770143
563 14 31.9001770143
564 14 31.9001770143
565 14 31.9001770143
566 14 31.9001770143
567 14 31.9001770143
568 14 31.9001770143
569 14 31.9001770143
570 14 31.9001770143
571 14 31.9001770143
572 14 31.9001770143
573 14 31.9001770143
574 14 31.9001770143
575 14 31.9001770143
576 14 31.9001770143
577 14 31.9001770143
578 14 31.9001770143
579 14 31.9001770143
580 14 31.9001770143
581 14 31.9001770143
582 14 31.9001770143
583 14 31.9001770143
584 14 31.9001770143
585 14 31.9001770143
586 14 31.9001770143
587 14 31.9001770143
588 14 31.9001770143
589 14 31.9001770143
590 14 31.9001770143
591 14 31.9001770143
592 14 31.9001770143
593 14 31.9001770143
594 14 31.9001770143
595 14 31.9001770143
596 14 31.9001770143
597 14 31.9001770143
598 14 31.9001770143
599 14 31.9001770143
600 14 31.9001770143
601 15 30.2540374286
602 15 30.2540374286
603 15 30.2540374286
604 15 30.2540374286
605 15 30.2540374286
606 15 30.2540374286
607 15 30.2540374286
608 15 30.2540374286
609 15 30.2540374286
610 15 30.2540374286
611 15 30.2540374286
612 15 30.2540374286
613 15 30.2540374286
614 15 30.2540374286
615 15 30.2540374286
616 15 30.2540374286
617 15 30.2540374286
618 15 30.2540374286
619 15 30.2540374286
620 15 30.2540374286
621 15 30.2540374286
622 15 30.2540374286
623 15 30.2540374286
624 15 30.2540374286
625 15 30.2540374286
626 15 30.2540374286
627 15 30.2540374286
628 15 30.2540374286
629 15 30.2540374286
630 15 30.2540374286
631 15 30.2540374286
632 15 30.2540374286
633 15 30.2540374286
634 15 30.2540374286
635 15 30.2540374286
636 15 30.2540374286
637 15 30.2540374286
638 15 30.2540374286
639 15 30.2540374286
640 15 30.2540374286
641 16 26.3954396782
642 16 26.3954396782
643 16 26.3954396782
644 16 26.3954396782
645 16 26.3954396782
646 16 26.3954396782
647 16 26.3954396782
648 16 26.3954396782
649 16 26.3954396782
650 16 26.3954396782
651 16 26.3954396782
652 16 26.3954396782
653 16 26.3954396782
654 16 26.3954396782
655 16 26.3954396782
656 16 26.3954396782
657 16 26.3954396782
658 16 26.3954396782
659 16 26.3954396782
660 16 26.3954396782
661 16 26.3954396782
662 16 26.3954396782
663 16 26.3954396782
664 16 26.3954396782
665 16 26.3954396782
666 16 26.3954396782
667 16 26.3954396782
668 16 26.3954396782
669 16 26.3954396782
670 16 26.3954396782
671 16 26.3954396782
672 16 26.3954396782
673 16 26.3954396782
674 16 26.3954396782
675 16 26.3954396782
676 16 26.3954396782
677 16 26.3954396782
678 16 26.3954396782
679 16 26.3954396782
680 16 26.3954396782
681 17 24.2696489637
682 17 24.2696489637
683 17 24.2696489637
684 17 24.2696489637
685 17 24.2696489637
686 17 24.2696489637
687 17 24.2696489637
688 17 24.2696489637
689 17 24.2696489637
690 17 24.2696489637
691 17 24.2696489637
692 17 24.2696489637
693 17 24.2696489637
694 17 24.2696489637
695 17 24.2696489637
696 17 24.2696489637
697 17 24.2696489637
698 17 24.2696489637
699 17 24.2696489637
700 17 24.2696489637
701 17 24.2696489637
702 17 24.2696489637
703 17 24.2696489637
704 17 24.2696489637
705 17 24.2696489637
706 17 24.2696489637
707 17 24.2696489637
708 17 24.2696489637
709 17 24.2696489637
710 17 24.2696489637
711 17 24.2696489637
712 17 24.2696489637
713 17 24.2696489637
714 17 24.2696489637
715 17 24.2696489637
716 17 24.2696489637
717 17 24.2696489637
718 17 24.2696489637
719 17 24.2696489637
720 17 24.2696489637
721 18 21.3996969333
722 18 21.3996969333
723 18 21.3996969333
724 18 21.3996969333
725 18 21.3996969333
726 18 21.3996969333
727 18 21.3996969333
728 18 21.3996969333
729 18 21.3996969333
730 18 21.3996969333
731 18 21.3996969333
732 18 21.3996969333
733 18 21.3996969333
734 18 21.3996969333
735 18 21.3996969333
736 18 21.3996969333
737 18 21.3996969333
738 18 21.3996969333
739 18 21.3996969333
740 18 21.3996969333
741 18 21.3996969333
742 18 21.3996969333
743 18 21.3996969333
744 18 21.3996969333
745 18 21.3996969333
746 18 21.3996969333
747 18 21.3996969333
748 18 21.3996969333
749 18 21.3996969333
750 18 21.3996969333
751 18 21.3996969333
752 18 21.3996969333
753 18 21.3996969333
754 18 21.3996969333
755 18 21.3996969333
756 18 21.3996969333
757 18 21.3996969333
758 18 21.3996969333
759 18 21.3996969333
760 18 21.3996969333
761 19 15.9102587078
762 19 15.9102587078
763 19 15.9102587078
764 19 15.9102587078
765 19 15.9102587078
766 19 15.9102587078
767 19 15.9102587078
768 19 15.9102587078
769 19 15.9102587078
770 19 15.9102587078
771 19 15.9102587078
772 19 15.9102587078
773 19 15.9102587078
774 19 15.9102587078
775 19 15.9102587078
776 19 15.9102587078
777 19 15.9102587078
778 19 15.9102587078
779 19 15.9102587078
780 19 15.9102587078
781 19 15.9102587078
782 19 15.9102587078
783 19 15.9102587078
784 19 15.9102587078
785 19 15.9102587078
786 19 15.9102587078
787 19 15.9102587078
788 19 15.9102587078
789 19 15.9102587078
790 19 15.9102587078
791 19 15.9102587078
792 19 15.9102587078
793 19 15.9102587078
794 19 15.9102587078
795 19 15.9102587078
796 19 15.9102587078
797 19 15.9102587078
798 19 15.9102587078
799 19 15.9102587078
800 19 15.9102587078
801 20 17.5107785673
802 20 17.5107785673
803 20 17.5107785673
804 20 17.5107785673
805 20 17.5107785673
806 20 17.5107785673
807 20 17.5107785673
808 20 17.5107785673
809 20 17.5107785673
810 20 17.5107785673
811 20 17.5107785673
812 20 17.5107785673
813 20 17.5107785673
814 20 17.5107785673
815 20 17.5107785673
816 20 17.5107785673
817 20 17.5107785673
818 20 17.5107785673
819 20 17.5107785673
820 20 17.5107785673
821 20 17.5107785673
822 20 17.5107785673
823 20 17.5107785673
824 20 17.5107785673
825 20 17.5107785673
826 20 17.5107785673
827 20 17.5107785673
828 20 17.5107785673
829 20 17.5107785673
830 20 17.5107785673
831 20 17.5107785673
832 20 17.5107785673
833 20 17.5107785673
834 20 17.5107785673
835 20 17.5107785673
836 20 17.5107785673
837 20 17.5107785673
838 20 17.5107785673
839 20 17.5107785673
840 20 17.5107785673
841 21 11.1869038297
842 21 11.1869038297
843 21 11.1869038297
844 21 11.1869038297
845 21 11.1869038297
846 21 11.1869038297
847 21 11.1869038297
848 21 11.1869038297
849 21 11.1869038297
850 21 11.1869038297
851 21 11.1869038297
852 21 11.1869038297
853 21 11.1869038297
854 21 11.1869038297
855 21 11.1869038297
856 21 11.1869038297
857 21 11.1869038297
858 21 11.1869038297
859 21 11.1869038297
860 21 11.1869038297
861 21 11.1869038297
862 21 11.1869038297
863 21 11.1869038297
864 21 11.1869038297
865 21 11.1869038297
866 21 11.1869038297
867 21 11.1869038297
868 21 11.1869038297
869 21 11.1869038297
870 21 11.1869038297
871 21 11.1869038297
872 21 11.1869038297
873 21 11.1869038297
874 21 11.1869038297
875 21 11.1869038297
876 21 11.1869038297
877 21 11.1869038297
878 21 11.1869038297
879 21 11.1869038297
880 21 11.1869038297
881 22 14.8757506898
882 22 14.8757506898
883 22 14.8757506898
884 22 14.8757506898
885 22 14.8757506898
886 22 14.8757506898
887 22 14.8757506898
888 22 14.8757506898
889 22 14.8757506898
890 22 14.8757506898
891 22 14.8757506898
892 22 14.8757506898
893 22 14.8757506898
894 22 14.8757506898
895 22 14.8757506898
896 22 14.8757506898
897 22 14.8757506898
898 22 14.8757506898
899 22 14.8757506898
900 22 14.8757506898
901 22 14.8757506898
902 22 14.8757506898
903 22 14.8757506898
904 22 14.8757506898
905 22 14.8757506898
906 22 14.8757506898
907 22 14.8757506898
908 22 14.8757506898
909 22 14.8757506898
910 22 14.8757506898
911 22 14.8757506898
912 22 14.8757506898
913 22 14.8757506898
914 22 14.8757506898
915 22 14.8757506898
916 22 14.8757506898
917 22 14.8757506898
918 22 14.8757506898
919 22 14.8757506898
920 22 14.8757506898
921 23 14.0201071031
922 23 14.0201071031
923 23 14.0201071031
924 23 14.0201071031
925 23 14.0201071031
926 23 14.0201071031
927 23 14.0201071031
928 23 14.0201071031
929 23 14.0201071031
930 23 14.0201071031
931 23 14.0201071031
932 23 14.0201071031
933 23 14.0201071031
934 23 14.0201071031
935 23 14.0201071031
936 23 14.0201071031
937 23 14.0201071031
938 23 14.0201071031
939 23 14.0201071031
940 23 14.0201071031
941 23 14.0201071031
942 23 14.0201071031
943 23 14.0201071031
944 23 14.0201071031
945 23 14.0201071031
946 23 14.0201071031
947 23 14.0201071031
948 23 14.0201071031
949 23 14.0201071031
950 23 14.0201071031
951 23 14.0201071031
952 23 14.0201071031
953 23 14.0201071031
954 23 14.0201071031
955 23 14.0201071031
956 23 14.0201071031
957 23 14.0201071031
958 23 14.0201071031
959 23 14.0201071031
960 23 14.0201071031
961 24 22.6797988006
962 24 22.6797988006
963 24 22.6797988006
964 24 22.6797988006
965 24 22.6797988006
966 24 22.6797988006
967 24 22.6797988006
968 24 22.6797988006
969 24 22.6797988006
970 24 22.6797988006
971 24 22.6797988006
972 24 22.6797988006
973 24 22.6797988006
974 24 22.6797988006
975 24 22.6797988006
976 24 22.6797988006
977 24 22.6797988006
978 24 22.6797988006
979 24 22.6797988006
980 24 22.6797988006
981 24 22.6797988006
982 24 22.6797988006
983 24 22.6797988006
984 24 22.6797988006
985 24 22.6797988006
986 24 22.6797988006
987 24 22.6797988006
988 24 22.6797988006
989 24 22.6797988006
990 24 22.6797988006
991 24 22.6797988006
992 24 22.6797988006
993 24 22.6797988006
994 24 22.6797988006
995 24 22.6797988006
996 24 22.6797988006
997 24 22.6797988006
998 24 22.6797988006
999 24 22.6797988006
1000 24 22.6797988006
1001 25 27.852218767
1002 25 27.852218767
1003 25 27.852218767
1004 25 27.852218767
1005 25 27.852218767
1006 25 27.852218767
1007 25 27.852218767
1008 25 27.852218767
1009 25 27.852218767
1010 25 27.852218767
1011 25 27.852218767
1012 25 27.852218767
1013 25 27.852218767
1014 25 27.852218767
1015 25 27.852218767
1016 25 27.852218767
1017 25 27.852218767
1018 25 27.852218767
1019 25 27.852218767
1020 25 27.852218767
1021 25 27.852218767
1022 25 27.852218767
1023 25 27.852218767
1024 25 27.852218767
1025 25 27.852218767
1026 25 27.852218767
1027 25 27.852218767
1028 25 27.852218767
1029 25 27.852218767
1030 25 27.852218767
1031 25 27.852218767
1032 25 27.852218767
1033 25 27.852218767
1034 25 27.852218767
1035 25 27.852218767
1036 25 27.852218767
1037 25 27.852218767
1038 25 27.852218767
1039 25 27.852218767
1040 25 27.852218767
1041 26 28.1435565731
1042 26 28.1435565731
1043 26 28.1435565731
1044 26 28.1435565731
1045 26 28.1435565731
1046 26 28.1435565731
1047 26 28.1435565731
1048 26 28.1435565731
1049 26 28.1435565731
1050 26 28.1435565731
1051 26 28.1435565731
1052 26 28.1435565731
1053 26 28.1435565731
1054 26 28.1435565731
1055 26 28.1435565731
1056 26 28.1435565731
1057 26 28.1435565731
1058 26 28.1435565731
1059 26 28.1435565731
1060 26 28.1435565731
1061 26 28.1435565731
1062 26 28.1435565731
1063 26 28.1435565731
1064 26 28.1435565731
1065 26 28.1435565731
1066 26 28.1435565731
1067 26 28.1435565731
1068 26 28.1435565731
1069 26 28.1435565731
1070 26 28.1435565731
1071 26 28.1435565731
1072 26 28.1435565731
1073 26 28.1435565731
1074 26 28.1435565731
1075 26 28.1435565731
1076 26 28.1435565731
1077 26 28.1435565731
1078 26 28.1435565731
1079 26 28.1435565731
1080 26 28.1435565731
1081 27 28.6236317315
1082 27 28.6236317315
1083 27 28.6236317315
1084 27 28.6236317315
1085 27 28.6236317315
1086 27 28.6236317315
1087 27 28.6236317315
1088 27 28.6236317315
1089 27 28.6236317315
1090 27 28.6236317315
1091 27 28.6236317315
1092 27 28.6236317315
1093 27 28.6236317315
1094 27 28.6236317315
