1 0 15.5508451299
2 0 15.5508451299
3 0 15.5508451299
4 0 15.5508451299
5 0 15.5508451299
6 0 15.5508451299
7 0 15.5508451299
8 0 15.5508451299
9 0 15.5508451299
10 0 15.5508451299
11 0 15.5508451299
12 0 15.5508451299
13 0 15.5508451299
14 0 15.5508451299
15 0 15.5508451299
16 0 15.5508451299
17 0 15.5508451299
18 0 15.5508451299
19 0 15.5508451299
20 0 15.5508451299
21 1 14.9885296507
22 1 14.9885296507
23 1 14.9885296507
24 1 14.9885296507
25 1 14.9885296507
26 1 14.9885296507
27 1 14.9885296507
28 1 14.9885296507
29 1 14.9885296507
30 1 14.9885296507
31 1 14.9885296507
32 1 14.9885296507
33 1 14.9885296507
34 1 14.9885296507
35 1 14.9885296507
36 1 14.9885296507
37 1 14.9885296507
38 1 14.9885296507
39 1 14.9885296507
40 1 14.9885296507
41 2 11.000513619
42 2 11.000513619
43 2 11.000513619
44 2 11.000513619
45 2 11.000513619
46 2 11.000513619
47 2 11.000513619
48 2 11.000513619
49 2 11.000513619
50 2 11.000513619
51 2 11.000513619
52 2 11.000513619
53 2 11.000513619
54 2 11.000513619
55 2 11.000513619
56 2 11.000513619
57 2 11.000513619
58 2 11.000513619
59 2 11.000513619
60 2 11.000513619
61 3 16.3499231955
62 3 16.3499231955
63 3 16.3499231955
64 3 16.3499231955
65 4 9.28759500351
66 5 9.19631084071
67 6 9.79900640521
68 7 9.95546238565
69 8 9.56436528464
70 9 9.78072296476
71 10 10.483352602
72 11 10.4355099878
73 12 10.1966076639
74 13 10.6684580195
75 14 11.3849970196
76 15 11.2267424098
77 16 11.0969873493
78 17 11.9113373767
79 18 12.4358993432
80 19 12.8239483064
81 20 13.9272424165
82 21 15.0383250136
83 25 15.6699472408
84 26 16.5989204833
85 27 16.6679312916
86 28 15.80727142
87 29 15.088744796
88 30 14.9761738527
89 31 14.7451852934
90 32 13.921587297
91 33 13.4363952183
92 34 13.4621095332
93 35 12.7978676279
94 36 12.1518838247
95 37 12.1454913979
96 38 11.8544136733
97 39 11.231961476
98 40 10.9444137379
99 41 10.8921213517
100 42 10.4951981808
101 43 10.0262637375
102 44 10.0352156343
103 45 9.82458590799
104 46 9.39864824164
105 47 9.23286908279
106 48 9.3175070673
107 49 8.963195777
108 50 8.74265980455
109 51 8.56791131106
110 52 8.55861478278
111 53 8.696191325
112 54 8.83534678356
113 55 8.93493087298
114 56 8.88763470297
115 57 8.74194952257
116 58 8.80131749642
117 59 8.77488162929
118 60 8.97172576439
119 61 9.25098276912
120 62 9.62573939907
121 63 9.29959553916
122 64 9.27387973598
123 65 10.0202387663
124 66 10.0471619549
125 67 9.65023737313
126 68 10.2961929233
127 69 11.0267878059
128 70 10.5970670392
129 71 10.5946736196
130 72 11.6659385981
131 73 11.9350069728
132 74 11.3823341451
133 75 12.0105071219
134 76 13.0681575304
135 77 12.687678712
136 78 12.2749552931
137 79 13.3936997838
138 80 13.9894327491
139 81 13.2965415023
140 82 13.6515201258
141 83 14.9053683855
142 84 14.7636475322
143 85 14.1605013888
144 86 15.139012228
145 87 16.0467258848
146 88 15.5689780605
147 89 15.4297886857
148 90 16.6681375698
149 91 17.0409785528
