1 0 18.8564651078
2 0 18.8564651078
3 0 18.8564651078
4 0 18.8564651078
5 0 18.8564651078
6 0 18.8564651078
7 0 18.8564651078
8 0 18.8564651078
9 0 18.8564651078
10 0 18.8564651078
11 0 18.8564651078
12 0 18.8564651078
13 0 18.8564651078
14 0 18.8564651078
15 0 18.8564651078
16 0 18.8564651078
17 0 18.8564651078
18 0 18.8564651078
19 0 18.8564651078
20 0 18.8564651078
21 1 18.8103853649
22 1 18.8103853649
23 1 18.8103853649
24 1 18.8103853649
25 1 18.8103853649
26 1 18.8103853649
27 1 18.8103853649
28 1 18.8103853649
29 1 18.8103853649
30 1 18.8103853649
31 1 18.8103853649
32 1 18.8103853649
33 1 18.8103853649
34 1 18.8103853649
35 1 18.8103853649
36 1 18.8103853649
37 1 18.8103853649
38 1 18.8103853649
39 1 18.8103853649
40 1 18.8103853649
41 2 19.172584498
42 2 19.172584498
43 2 19.172584498
44 2 19.172584498
45 2 19.172584498
46 2 19.172584498
47 2 19.172584498
48 2 19.172584498
49 2 19.172584498
50 2 19.172584498
51 2 19.172584498
52 2 19.172584498
53 2 19.172584498
54 2 19.172584498
55 2 19.172584498
56 2 19.172584498
57 2 19.172584498
58 2 19.172584498
59 2 19.172584498
60 2 19.172584498
61 3 16.6720355376
62 3 16.6720355376
63 3 16.6720355376
64 3 16.6720355376
65 3 16.6720355376
66 3 16.6720355376
67 3 16.6720355376
68 3 16.6720355376
69 3 16.6720355376
70 3 16.6720355376
71 3 16.6720355376
72 3 16.6720355376
73 3 16.6720355376
74 3 16.6720355376
75 3 16.6720355376
76 3 16.6720355376
77 3 16.6720355376
78 3 16.6720355376
79 3 16.6720355376
80 3 16.6720355376
81 4 19.1927355819
82 4 19.1927355819
83 4 19.1927355819
84 4 19.1927355819
85 4 19.1927355819
86 4 19.1927355819
87 4 19.1927355819
88 4 19.1927355819
89 4 19.1927355819
90 4 19.1927355819
91 4 19.1927355819
92 4 19.1927355819
93 4 19.1927355819
94 4 19.1927355819
95 4 19.1927355819
96 4 19.1927355819
97 4 19.1927355819
98 4 19.1927355819
99 4 19.1927355819
100 4 19.1927355819
101 5 11.6821513846
102 5 11.6821513846
103 5 11.6821513846
104 5 11.6821513846
105 5 11.6821513846
106 5 11.6821513846
107 5 11.6821513846
108 5 11.6821513846
109 5 11.6821513846
110 5 11.6821513846
111 5 11.6821513846
112 5 11.6821513846
113 5 11.6821513846
114 5 11.6821513846
115 5 11.6821513846
116 5 11.6821513846
117 5 11.6821513846
118 5 11.6821513846
119 5 11.6821513846
120 5 11.6821513846
121 6 19.9546167137
122 6 19.9546167137
123 6 19.9546167137
124 6 19.9546167137
125 6 19.9546167137
126 6 19.9546167137
127 6 19.9546167137
128 6 19.9546167137
129 6 19.9546167137
130 6 19.9546167137
131 6 19.9546167137
132 6 19.9546167137
133 6 19.9546167137
134 6 19.9546167137
135 6 19.9546167137
136 6 19.9546167137
137 6 19.9546167137
138 6 19.9546167137
139 6 19.9546167137
140 6 19.9546167137
141 7 13.79490348
142 7 13.79490348
143 7 13.79490348
144 7 13.79490348
145 7 13.79490348
146 7 13.79490348
147 7 13.79490348
148 7 13.79490348
149 7 13.79490348
150 7 13.79490348
151 7 13.79490348
152 7 13.79490348
153 7 13.79490348
154 7 13.79490348
155 7 13.79490348
156 7 13.79490348
157 7 13.79490348
158 7 13.79490348
159 7 13.79490348
160 7 13.79490348
161 8 23.0955031466
162 8 23.0955031466
163 8 23.0955031466
164 8 23.0955031466
165 8 23.0955031466
166 8 23.0955031466
167 8 23.0955031466
168 8 23.0955031466
169 8 23.0955031466
170 8 23.0955031466
171 8 23.0955031466
172 8 23.0955031466
173 8 23.0955031466
174 8 23.0955031466
175 8 23.0955031466
176 8 23.0955031466
177 8 23.0955031466
178 8 23.0955031466
179 8 23.0955031466
180 8 23.0955031466
181 9 17.3908439231
182 9 17.3908439231
183 9 17.3908439231
184 9 17.3908439231
185 9 17.3908439231
186 9 17.3908439231
187 9 17.3908439231
188 9 17.3908439231
189 9 17.3908439231
190 9 17.3908439231
191 9 17.3908439231
192 9 17.3908439231
193 9 17.3908439231
194 9 17.3908439231
195 9 17.3908439231
196 9 17.3908439231
197 9 17.3908439231
198 9 17.3908439231
199 9 17.3908439231
200 9 17.3908439231
201 10 23.3957454962
202 10 23.3957454962
203 10 23.3957454962
204 10 23.3957454962
205 10 23.3957454962
206 10 23.3957454962
207 10 23.3957454962
208 10 23.3957454962
209 10 23.3957454962
210 10 23.3957454962
211 10 23.3957454962
212 10 23.3957454962
213 10 23.3957454962
214 10 23.3957454962
215 10 23.3957454962
216 10 23.3957454962
217 10 23.3957454962
218 10 23.3957454962
219 10 23.3957454962
220 10 23.3957454962
221 11 25.5324857248
222 11 25.5324857248
223 11 25.5324857248
224 11 25.5324857248
225 11 25.5324857248
226 11 25.5324857248
227 11 25.5324857248
228 11 25.5324857248
229 11 25.5324857248
230 11 25.5324857248
231 11 25.5324857248
232 11 25.5324857248
233 11 25.5324857248
234 11 25.5324857248
235 11 25.5324857248
236 11 25.5324857248
237 11 25.5324857248
238 11 25.5324857248
239 11 25.5324857248
240 11 25.5324857248
241 12 26.7323963401
242 12 26.7323963401
243 12 26.7323963401
244 12 26.7323963401
245 12 26.7323963401
246 12 26.7323963401
247 12 26.7323963401
248 12 26.7323963401
249 12 26.7323963401
250 12 26.7323963401
251 12 26.7323963401
252 12 26.7323963401
253 12 26.7323963401
254 12 26.7323963401
255 12 26.7323963401
256 12 26.7323963401
257 12 26.7323963401
258 12 26.7323963401
259 12 26.7323963401
260 12 26.7323963401
261 13 26.5852289876
262 13 26.5852289876
263 13 26.5852289876
264 13 26.5852289876
265 13 26.5852289876
266 13 26.5852289876
267 13 26.5852289876
268 13 26.5852289876
269 13 26.5852289876
270 13 26.5852289876
271 13 26.5852289876
272 13 26.5852289876
273 13 26.5852289876
274 13 26.5852289876
275 13 26.5852289876
276 13 26.5852289876
277 13 26.5852289876
278 13 26.5852289876
279 13 26.5852289876
280 13 26.5852289876
281 14 23.8521812384
282 14 23.8521812384
283 14 23.8521812384
284 14 23.8521812384
285 14 23.8521812384
286 14 23.8521812384
287 14 23.8521812384
288 14 23.8521812384
289 14 23.8521812384
290 14 23.8521812384
291 14 23.8521812384
292 14 23.8521812384
293 14 23.8521812384
294 14 23.8521812384
295 14 23.8521812384
296 14 23.8521812384
297 14 23.8521812384
298 14 23.8521812384
299 14 23.8521812384
300 14 23.8521812384
301 15 21.3750165566
302 15 21.3750165566
303 15 21.3750165566
304 15 21.3750165566
305 15 21.3750165566
306 15 21.3750165566
307 15 21.3750165566
308 15 21.3750165566
309 15 21.3750165566
310 15 21.3750165566
311 15 21.3750165566
312 15 21.3750165566
313 15 21.3750165566
314 15 21.3750165566
315 15 21.3750165566
316 15 21.3750165566
317 15 21.3750165566
318 15 21.3750165566
319 15 21.3750165566
320 15 21.3750165566
321 16 24.854294115
322 16 24.854294115
323 16 24.854294115
324 16 24.854294115
325 16 24.854294115
326 16 24.854294115
327 16 24.854294115
328 16 24.854294115
329 16 24.854294115
330 16 24.854294115
331 16 24.854294115
332 16 24.854294115
333 16 24.854294115
334 16 24.854294115
335 16 24.854294115
336 16 24.854294115
337 16 24.854294115
338 16 24.854294115
339 16 24.854294115
340 16 24.854294115
341 17 26.154847603
342 17 26.154847603
343 17 26.154847603
344 17 26.154847603
345 17 26.154847603
346 17 26.154847603
347 17 26.154847603
348 17 26.154847603
349 17 26.154847603
350 17 26.154847603
351 17 26.154847603
352 17 26.154847603
353 17 26.154847603
354 17 26.154847603
355 17 26.154847603
356 17 26.154847603
357 17 26.154847603
358 17 26.154847603
359 17 26.154847603
360 17 26.154847603
361 18 23.2217985245
362 18 23.2217985245
363 18 23.2217985245
364 18 23.2217985245
365 18 23.2217985245
366 18 23.2217985245
367 18 23.2217985245
368 18 23.2217985245
369 18 23.2217985245
370 18 23.2217985245
371 18 23.2217985245
372 18 23.2217985245
373 18 23.2217985245
374 18 23.2217985245
375 18 23.2217985245
376 18 23.2217985245
377 18 23.2217985245
378 18 23.2217985245
379 18 23.2217985245
380 18 23.2217985245
381 19 24.3857456413
382 19 24.3857456413
383 19 24.3857456413
384 19 24.3857456413
385 19 24.3857456413
386 19 24.3857456413
387 19 24.3857456413
388 19 24.3857456413
389 19 24.3857456413
390 19 24.3857456413
391 19 24.3857456413
392 19 24.3857456413
393 19 24.3857456413
394 19 24.3857456413
395 19 24.3857456413
396 19 24.3857456413
397 19 24.3857456413
398 19 24.3857456413
399 19 24.3857456413
400 19 24.3857456413
401 20 23.4461313845
402 20 23.4461313845
403 20 23.4461313845
404 20 23.4461313845
405 20 23.4461313845
406 20 23.4461313845
407 20 23.4461313845
408 20 23.4461313845
409 20 23.4461313845
410 20 23.4461313845
411 20 23.4461313845
412 20 23.4461313845
413 20 23.4461313845
414 20 23.4461313845
415 20 23.4461313845
416 20 23.4461313845
417 20 23.4461313845
418 20 23.4461313845
419 20 23.4461313845
420 20 23.4461313845
421 21 23.1503745443
422 21 23.1503745443
423 21 23.1503745443
424 21 23.1503745443
425 21 23.1503745443
426 21 23.1503745443
427 21 23.1503745443
428 21 23.1503745443
429 21 23.1503745443
430 21 23.1503745443
431 21 23.1503745443
432 21 23.1503745443
433 21 23.1503745443
434 21 23.1503745443
435 21 23.1503745443
436 21 23.1503745443
437 21 23.1503745443
438 21 23.1503745443
439 21 23.1503745443
440 21 23.1503745443
441 22 26.0627159732
442 22 26.0627159732
443 22 26.0627159732
444 22 26.0627159732
445 22 26.0627159732
446 22 26.0627159732
447 22 26.0627159732
448 22 26.0627159732
449 22 26.0627159732
450 22 26.0627159732
451 22 26.0627159732
452 22 26.0627159732
453 22 26.0627159732
454 22 26.0627159732
455 22 26.0627159732
456 22 26.0627159732
457 22 26.0627159732
458 22 26.0627159732
459 22 26.0627159732
460 22 26.0627159732
461 23 30.6809693796
462 23 30.6809693796
463 23 30.6809693796
464 23 30.6809693796
465 23 30.6809693796
466 23 30.6809693796
467 23 30.6809693796
468 23 30.6809693796
469 23 30.6809693796
470 23 30.6809693796
471 23 30.6809693796
472 23 30.6809693796
473 23 30.6809693796
474 23 30.6809693796
475 23 30.6809693796
476 23 30.6809693796
477 23 30.6809693796
478 23 30.6809693796
479 23 30.6809693796
480 23 30.6809693796
481 24 30.9980758313
482 24 30.9980758313
483 24 30.9980758313
484 24 30.9980758313
485 24 30.9980758313
486 24 30.9980758313
487 24 30.9980758313
488 24 30.9980758313
489 24 30.9980758313
490 24 30.9980758313
491 24 30.9980758313
492 24 30.9980758313
493 24 30.9980758313
494 24 30.9980758313
495 24 30.9980758313
496 24 30.9980758313
497 24 30.9980758313
498 24 30.9980758313
499 24 30.9980758313
500 24 30.9980758313
501 25 38.0712341469
502 25 38.0712341469
503 25 38.0712341469
504 25 38.0712341469
505 25 38.0712341469
506 25 38.0712341469
507 25 38.0712341469
508 25 38.0712341469
509 25 38.0712341469
510 25 38.0712341469
511 25 38.0712341469
512 25 38.0712341469
513 25 38.0712341469
514 25 38.0712341469
515 25 38.0712341469
516 25 38.0712341469
517 25 38.0712341469
518 25 38.0712341469
519 25 38.0712341469
520 25 38.0712341469
521 26 41.8624410661
522 26 41.8624410661
523 26 41.8624410661
524 26 41.8624410661
525 26 41.8624410661
526 26 41.8624410661
527 26 41.8624410661
528 26 41.8624410661
529 26 41.8624410661
530 26 41.8624410661
531 26 41.8624410661
532 26 41.8624410661
533 26 41.8624410661
534 26 41.8624410661
535 26 41.8624410661
536 26 41.8624410661
537 26 41.8624410661
538 26 41.8624410661
539 26 41.8624410661
540 26 41.8624410661
541 27 37.0865024775
542 27 37.0865024775
543 27 37.0865024775
544 27 37.0865024775
545 27 37.0865024775
546 27 37.0865024775
547 27 37.0865024775
548 27 37.0865024775
549 27 37.0865024775
550 27 37.0865024775
551 27 37.0865024775
552 27 37.0865024775
553 27 37.0865024775
554 27 37.0865024775
555 27 37.0865024775
556 27 37.0865024775
557 27 37.0865024775
558 27 37.0865024775
559 27 37.0865024775
560 27 37.0865024775
561 28 32.7764205339
562 28 32.7764205339
563 28 32.7764205339
564 28 32.7764205339
565 28 32.7764205339
566 28 32.7764205339
