1 0 25.0365957755
2 0 25.0365957755
3 0 25.0365957755
4 0 25.0365957755
5 0 25.0365957755
6 0 25.0365957755
7 0 25.0365957755
8 0 25.0365957755
9 0 25.0365957755
10 0 25.0365957755
11 0 25.0365957755
12 0 25.0365957755
13 0 25.0365957755
14 0 25.0365957755
15 0 25.0365957755
16 0 25.0365957755
17 0 25.0365957755
18 0 25.0365957755
19 1 29.6720952966
20 2 28.788401912
21 3 28.0244327682
22 4 27.5060526885
23 5 26.1541698012
24 6 27.1113720631
25 7 27.4543170808
26 8 25.6099624439
27 9 25.1185641651
28 10 26.2910295217
29 11 25.5384604551
30 12 23.5717162625
31 13 24.1510792761
32 14 25.0731886478
33 15 23.4933491853
34 16 23.4850892331
35 17 24.7684862455
36 18 24.218244095
37 19 25.5847190785
38 20 25.4821231162
39 21 23.8155018838
40 22 24.3386827143
41 23 25.7056843669
42 24 24.7513056972
43 25 23.3582439693
44 26 24.7357172322
45 27 25.696006335
46 28 26.0273026752
47 29 26.7941901746
48 30 25.3623174783
49 31 23.4892099457
50 32 24.3814208394
51 33 23.9954319781
52 34 22.0450698059
53 35 23.6202679439
54 36 23.4493444062
55 37 21.1029806839
56 38 20.7607450716
57 39 22.3605234544
58 40 21.075924877
59 41 19.0795234195
60 42 20.1706334893
61 43 21.0356554994
62 44 18.8621735365
63 45 19.2889457815
64 46 20.3634386496
65 47 18.3935843314
66 48 17.5135790992
67 49 18.2306442339
68 50 19.5956070459
69 51 20.9986089795
70 52 20.3713128144
71 53 21.5318255589
72 54 23.4363078419
73 55 22.96393874
74 56 24.128876651
75 57 23.5795491827
76 58 21.7295078132
77 59 21.7096375317
78 60 21.8452331006
79 61 20.0392766465
80 62 19.413635273
81 63 20.4369217376
82 64 19.9254547268
83 65 18.1601265749
84 66 18.7624649526
85 67 19.6915924225
86 68 18.479884556
87 69 17.4759819578
88 70 18.658866576
89 71 18.9597299474
90 72 17.7304828708
91 73 18.2058513657
92 74 19.4327871249
93 75 20.2043771686
94 76 21.3837566097
95 77 22.7598649282
96 78 23.8745015922
97 79 25.4337600528
98 80 24.3378075857
99 81 23.9645110385
100 82 22.3494845437
101 83 22.1422889877
102 84 21.711438354
103 85 22.9363629422
104 86 24.162925187
105 87 25.0633871152
106 88 25.1984074397
107 89 26.3032632502
108 90 26.1497001659
109 91 27.3753947647
110 92 27.8567629123
111 93 32.9224382964
112 93 32.9224382964
113 93 32.9224382964
114 93 32.9224382964
115 93 32.9224382964
116 93 32.9224382964
117 93 32.9224382964
118 93 32.9224382964
119 93 32.9224382964
120 93 32.9224382964
121 93 32.9224382964
122 93 32.9224382964
123 93 32.9224382964
124 93 32.9224382964
125 93 32.9224382964
126 93 32.9224382964
127 93 32.9224382964
