8 0 16.6623005056
9 1 16.9441940813
10 2 18.3220439778
11 3 18.9411865944
12 4 19.9954196112
13 5 21.1055115603
14 6 21.0133076366
15 7 20.155322784
16 8 18.935500308
17 9 17.7441344599
18 10 17.3240505231
19 11 16.4073773165
20 12 16.2061403935
21 13 15.0976822112
22 14 14.3049000858
23 15 14.4193497897
24 16 15.3971494523
25 17 15.5705219809
26 18 16.6965428015
27 19 17.1765025317
28 20 17.0375959208
29 21 17.8975323614
30 22 18.9195836936
31 23 19.1396799712
32 24 19.095128859
33 25 19.2405375497
34 26 17.5207367261
35 27 17.7532258151
36 28 17.0622631443
37 29 18.0749257102
38 30 17.3428067902
39 31 18.7227623264
40 32 19.2493034079
41 33 20.3357177775
42 34 21.6737314237
43 35 22.4416903684
44 36 24.0146682195
45 37 23.9094370894
46 38 24.72255805
47 39 23.8543891427
48 40 22.4044330081
49 41 22.3187401154
50 42 30.2133851899
51 42 30.2133851899
52 42 30.2133851899
53 42 30.2133851899
54 42 30.2133851899
55 42 30.2133851899
56 42 30.2133851899
57 42 30.2133851899
58 42 30.2133851899
59 42 30.2133851899
60 42 30.2133851899
61 42 30.2133851899
62 42 30.2133851899
63 42 30.2133851899
64 42 30.2133851899
65 42 30.2133851899
66 42 30.2133851899
67 42 30.2133851899
68 42 30.2133851899
69 42 30.2133851899
70 42 30.2133851899
71 42 30.2133851899
72 42 30.2133851899
73 42 30.2133851899
74 42 30.2133851899
75 42 30.2133851899
76 42 30.2133851899
77 42 30.2133851899
78 42 30.2133851899
79 42 30.2133851899
80 42 30.2133851899
81 42 30.2133851899
82 42 30.2133851899
83 42 30.2133851899
84 42 30.2133851899
85 42 30.2133851899
86 42 30.2133851899
87 42 30.2133851899
88 42 30.2133851899
89 42 30.2133851899
90 43 26.2354616103
91 43 26.2354616103
92 43 26.2354616103
93 43 26.2354616103
94 44 22.2605891003
95 45 21.0120005078
96 46 21.3602894208
97 47 20.4890770011
98 48 19.5156935172
99 49 18.5582600125
100 50 18.319009861
101 51 16.5358193194
102 52 15.6100027332
103 53 14.6099005974
104 54 14.6571936614
105 55 14.3206621298
106 56 13.6203465615
107 57 14.2616478095
108 58 15.1753258276
109 59 15.7902927028
110 60 16.8023874936
111 61 16.8212173603
112 62 18.1494486224
113 63 18.505274423
114 64 19.7203212764
115 65 19.439865339
116 66 18.5567535409
117 67 19.3439442166
118 68 18.6490600769
119 69 17.9062265905
120 70 16.4893113852
121 71 15.9688636192
122 72 14.6656355203
123 73 14.1486603941
124 74 13.1327361091
125 75 13.096043623
126 76 12.8609600581
127 77 12.329369156
128 78 11.7029385492
129 79 12.1314242506
130 80 12.7373693473
131 81 13.7312916148
132 82 14.6800540026
133 83 15.9780565953
134 84 17.1478993069
135 85 18.481660993
136 86 19.4655147027
137 87 20.3761495279
138 88 20.5474425709
139 89 21.4542893498
140 90 21.2844373975
141 91 20.2077844566
142 92 18.6877454303
143 93 17.9933151241
144 94 16.5525673834
145 95 15.7564660282
146 96 14.4834615579
147 97 13.4693690718
148 98 12.4266474794
149 99 11.8101261784
150 100 11.2851776703
151 101 15.4513276876
152 101 15.4513276876
153 101 15.4513276876
154 101 15.4513276876
155 101 15.4513276876
156 101 15.4513276876
157 101 15.4513276876
158 101 15.4513276876
159 101 15.4513276876
160 101 15.4513276876
161 101 15.4513276876
162 101 15.4513276876
163 101 15.4513276876
164 101 15.4513276876
165 102 11.0474163714
166 103 10.5935932238
167 104 11.1092947518
168 105 11.3463592408
169 106 11.8136004716
170 107 12.4281281798
171 108 13.2898948192
172 109 13.9168007862
173 110 14.8408000354
174 111 15.7883639173
175 112 15.1415054899
176 112 15.1415054899
177 112 15.1415054899
178 112 15.1415054899
179 112 15.1415054899
180 112 15.1415054899
181 112 15.1415054899
182 112 15.1415054899
183 112 15.1415054899
184 112 15.1415054899
185 112 15.1415054899
186 112 15.1415054899
187 112 15.1415054899
188 112 15.1415054899
189 112 15.1415054899
190 112 15.1415054899
191 112 15.1415054899
192 112 15.1415054899
193 112 15.1415054899
194 112 15.1415054899
195 112 15.1415054899
196 112 15.1415054899
197 112 15.1415054899
198 112 15.1415054899
199 112 15.1415054899
200 112 15.1415054899
201 112 15.1415054899
202 112 15.1415054899
203 112 15.1415054899
204 112 15.1415054899
205 112 15.1415054899
206 112 15.1415054899
207 112 15.1415054899
208 112 15.1415054899
209 112 15.1415054899
210 112 15.1415054899
211 112 15.1415054899
212 112 15.1415054899
213 112 15.1415054899
214 112 15.1415054899
215 113 13.4335995603
216 113 13.4335995603
217 113 13.4335995603
218 113 13.4335995603
219 113 13.4335995603
220 113 13.4335995603
221 113 13.4335995603
222 113 13.4335995603
223 113 13.4335995603
224 113 13.4335995603
225 113 13.4335995603
226 113 13.4335995603
227 113 13.4335995603
228 113 13.4335995603
229 113 13.4335995603
230 113 13.4335995603
231 114 16.4796568171
232 115 17.8323169993
233 116 19.1164224977
234 117 19.3380036232
235 118 18.0060301984
236 119 17.7531209327
237 120 16.7127763606
238 121 15.7422254459
239 122 14.7778082112
240 123 13.7765806688
241 124 12.7857526814
242 125 12.2934492721
243 126 11.4063767405
244 127 11.1015185134
245 128 10.9216773537
246 129 11.6553998194
247 130 11.3676587202
248 131 12.120406034
249 132 12.2784094646
250 133 13.3034709691
251 134 13.6494677627
252 135 14.5853659391
253 136 15.3374004289
254 137 15.8149989602
255 138 14.7478442956
256 139 14.375005815
257 140 13.2892846739
258 141 13.9135392735
259 142 14.6324687482
260 143 13.9439707729
261 144 13.2591925952
262 145 13.0037117173
263 146 11.9638046999
264 147 12.1871385846
265 148 11.6268994103
266 149 12.1210470656
267 150 12.2970255847
268 151 12.1251740003
269 152 12.8930310322
270 153 12.6246311125
271 154 13.4105324349
272 155 13.3912612505
273 156 13.2670548904
274 157 12.4032259027
275 158 12.6344867386
276 159 12.4160853644
277 160 11.5758041606
278 161 11.4109473657
279 162 11.9058904967
280 163 11.8184407316
281 164 12.4781336204
282 165 12.9539556523
283 166 13.8256686736
284 167 14.2564628024
285 168 15.2701568696
286 169 15.908318996
287 170 16.9475547797
288 171 18.0200090524
289 172 19.3890676653
290 173 20.1076779124
291 174 18.6803071729
292 175 18.2133367544
293 176 17.2894970523
294 177 16.7300336499
295 178 16.1481328523
296 179 15.3854263296
297 180 14.8984551593
298 181 13.8778028118
299 182 13.7586773718
300 183 13.0680765233
301 184 13.132150786
302 185 13.6402955772
303 186 12.992941721
304 187 13.8277742727
305 188 14.6075577927
306 189 14.8170539258
307 190 14.899462945
308 191 14.725439327
309 192 15.5240093144
310 193 14.922027846
311 194 15.5463697629
312 195 14.8992571706
313 196 15.6526291018
314 197 17.0751965494
315 198 17.9867922889
316 199 19.4071917233
317 200 20.3733180246
318 201 20.6093664333
319 202 21.90764815
320 203 20.8878017825
321 204 19.2566631966
322 205 19.2401174992
323 206 19.3290743888
324 207 17.8741912138
325 208 16.7613607591
326 209 15.5798003448
327 210 14.2067141035
328 211 14.1581321654
329 212 14.6708226474
330 213 16.2151484792
331 214 16.7061528194
332 215 16.303610159
333 216 16.6156072388
334 217 16.5212350704
335 218 17.0454156486
336 219 17.4337893283
337 220 18.588555675
338 221 18.1034400594
339 222 19.4508570311
340 223 18.8907081505
341 224 18.4643342772
342 225 17.1190092388
343 226 16.0375818296
344 227 15.4104537371
345 228 14.5078266314
346 229 14.7853762179
347 230 15.2543679909
348 231 15.2723186973
349 232 15.070743173
350 233 14.5628419667
351 234 14.0776868197
352 235 13.8090220387
353 236 13.8521746786
354 237 13.969697684
355 238 14.5652757632
356 239 15.2081483163
357 240 15.989026824
358 241 16.8829178649
359 242 18.0634765602
360 243 18.8283464878
361 244 19.6102925007
362 245 20.5903576184
363 246 22.0411739356
364 247 22.6967122239
365 248 24.2924524311
366 249 24.5177337843
367 250 24.824222757
368 251 24.122587753
369 252 22.7145940644
370 253 21.1465334913
371 254 20.3595261905
372 255 18.9305280558
373 256 18.2912150478
374 257 17.0314687343
375 258 16.5562291967
376 259 15.8340366694
377 260 15.4097419386
378 261 15.2058047618
379 262 14.6131126965
380 263 15.2770375468
381 264 15.8554485023
382 265 16.7034299069
383 266 17.0779625412
384 267 16.2280763433
385 268 16.5564138117
386 269 16.5610278204
387 270 17.2920265793
388 271 17.9034048155
389 272 18.1807173151
390 273 19.197910003
391 274 18.9465517375
392 275 20.4586549253
393 276 20.505968925
394 277 19.1406302844
395 278 19.7367360996
396 279 19.6216466434
397 280 18.8542266045
398 281 19.7672787068
399 282 19.1586689909
400 283 18.3330237806
401 284 17.9476953814
402 285 18.051026003
403 286 18.1988930613
404 287 17.7114462899
405 288 16.9318589469
406 289 17.1864652836
407 290 21.5591822447
408 290 21.5591822447
409 290 21.5591822447
410 290 21.5591822447
411 290 21.5591822447
412 290 21.5591822447
413 290 21.5591822447
414 290 21.5591822447
415 290 21.5591822447
416 290 21.5591822447
417 290 21.5591822447
418 290 21.5591822447
419 290 21.5591822447
420 290 21.5591822447
421 290 21.5591822447
422 290 21.5591822447
423 290 21.5591822447
424 290 21.5591822447
425 290 21.5591822447
426 290 21.5591822447
427 290 21.5591822447
428 290 21.5591822447
429 290 21.5591822447
430 290 21.5591822447
431 290 21.5591822447
432 290 21.5591822447
433 290 21.5591822447
434 290 21.5591822447
435 290 21.5591822447
436 290 21.5591822447
437 291 16.3601781818
438 292 15.3777869118
439 293 15.1634371055
440 294 14.6681691917
441 295 15.1238612292
442 296 15.8269260009
443 297 16.7441138588
444 298 17.6766126359
445 299 18.8158704858
446 300 19.7991875788
447 301 20.228378
448 302 19.6459578802
449 303 19.8754394192
450 304 19.1376366591
451 305 17.8697741056
452 306 17.3189646047
453 307 16.4460315433
454 308 15.9142669618
455 309 15.4509309033
456 310 15.5533713365
457 311 16.4774321315
458 312 17.0681988691
459 313 17.2076286382
460 314 17.1803655176
461 315 17.5702569251
462 316 18.2350849249
463 317 18.4274800147
464 318 19.3055101741
465 319 18.7870393978
466 320 20.0268805322
467 321 20.4109482721
468 322 19.3586877252
469 323 19.854079029
470 324 19.1320512761
471 325 19.7677279707
472 326 19.4786744561
473 327 18.7375135473
474 328 18.7119142045
475 329 18.5173235496
476 330 17.6276855735
477 331 23.0677774896
478 331 23.0677774896
479 331 23.0677774896
480 331 23.0677774896
481 331 23.0677774896
482 331 23.0677774896
483 331 23.0677774896
484 331 23.0677774896
485 331 23.0677774896
486 331 23.0677774896
487 331 23.0677774896
488 331 23.0677774896
489 331 23.0677774896
490 331 23.0677774896
491 331 23.0677774896
492 331 23.0677774896
493 331 23.0677774896
494 331 23.0677774896
495 331 23.0677774896
496 331 23.0677774896
497 331 23.0677774896
498 331 23.0677774896
499 331 23.0677774896
500 331 23.0677774896
501 331 23.0677774896
502 331 23.0677774896
503 332 17.607848396
504 333 17.5158722163
505 334 16.6689555963
506 335 15.738656539
507 336 15.6313178623
508 337 14.8993007425
509 338 15.5081466419
510 339 16.4892860264
511 340 17.3108372836
512 341 18.6889284729
513 342 19.5590634115
514 343 19.4841540455
515 344 21.0711000457
516 345 21.6589221122
517 346 20.7573679647
518 347 21.4150500456
519 348 20.6171079939
520 349 19.0064395354
521 350 18.103696299
522 351 17.0835499868
523 352 16.328843185
524 353 16.0908053723
525 354 15.7847730777
526 355 16.6750885452
527 356 17.5438471526
528 357 17.8720753898
529 358 17.708435669
530 359 18.523316466
531 360 19.3508895865
532 361 19.9309269481
533 362 20.9196728242
534 363 20.5071154852
535 364 21.5976934466
536 365 22.1384548206
537 366 23.0362324024
538 367 23.5696067182
539 368 29.4814164707
540 368 29.4814164707
541 368 29.4814164707
542 368 29.4814164707
543 368 29.4814164707
544 368 29.4814164707
545 368 29.4814164707
546 368 29.4814164707
547 368 29.4814164707
548 368 29.4814164707
549 368 29.4814164707
550 368 29.4814164707
551 368 29.4814164707
552 368 29.4814164707
553 368 29.4814164707
554 368 29.4814164707
555 368 29.4814164707
556 368 29.4814164707
557 368 29.4814164707
558 368 29.4814164707
559 368 29.4814164707
560 368 29.4814164707
561 368 29.4814164707
562 368 29.4814164707
563 368 29.4814164707
564 368 29.4814164707
565 368 29.4814164707
566 368 29.4814164707
567 368 29.4814164707
568 368 29.4814164707
569 368 29.4814164707
570 368 29.4814164707
571 368 29.4814164707
572 368 29.4814164707
573 368 29.4814164707
574 368 29.4814164707
575 368 29.4814164707
576 368 29.4814164707
577 368 29.4814164707
578 368 29.4814164707
579 369 23.152585906
580 369 23.152585906
581 369 23.152585906
582 369 23.152585906
583 369 23.152585906
584 369 23.152585906
585 369 23.152585906
586 369 23.152585906
587 369 23.152585906
588 369 23.152585906
589 369 23.152585906
590 369 23.152585906
591 369 23.152585906
592 369 23.152585906
593 369 23.152585906
594 369 23.152585906
595 369 23.152585906
596 369 23.152585906
597 369 23.152585906
598 369 23.152585906
599 369 23.152585906
600 369 23.152585906
601 369 23.152585906
602 369 23.152585906
603 369 23.152585906
604 369 23.152585906
605 369 23.152585906
606 369 23.152585906
607 369 23.152585906
608 369 23.152585906
609 369 23.152585906
610 369 23.152585906
611 369 23.152585906
612 369 23.152585906
613 369 23.152585906
614 369 23.152585906
615 369 23.152585906
616 369 23.152585906
617 369 23.152585906
618 369 23.152585906
619 370 18.1272704556
620 370 18.1272704556
621 370 18.1272704556
622 370 18.1272704556
623 370 18.1272704556
624 370 18.1272704556
625 370 18.1272704556
626 370 18.1272704556
627 370 18.1272704556
628 370 18.1272704556
629 370 18.1272704556
630 370 18.1272704556
631 370 18.1272704556
632 370 18.1272704556
633 370 18.1272704556
634 370 18.1272704556
635 370 18.1272704556
636 370 18.1272704556
637 370 18.1272704556
638 370 18.1272704556
639 370 18.1272704556
640 370 18.1272704556
641 370 18.1272704556
642 370 18.1272704556
643 370 18.1272704556
644 370 18.1272704556
645 370 18.1272704556
646 370 18.1272704556
647 370 18.1272704556
648 370 18.1272704556
649 370 18.1272704556
650 370 18.1272704556
651 370 18.1272704556
652 370 18.1272704556
653 370 18.1272704556
654 370 18.1272704556
655 370 18.1272704556
656 370 18.1272704556
657 370 18.1272704556
658 370 18.1272704556
659 371 11.0075639698
660 371 11.0075639698
661 371 11.0075639698
662 371 11.0075639698
663 371 11.0075639698
664 371 11.0075639698
665 371 11.0075639698
666 371 11.0075639698
667 371 11.0075639698
668 371 11.0075639698
669 371 11.0075639698
670 371 11.0075639698
671 371 11.0075639698
672 371 11.0075639698
673 371 11.0075639698
674 371 11.0075639698
675 371 11.0075639698
676 371 11.0075639698
677 371 11.0075639698
678 371 11.0075639698
679 371 11.0075639698
680 371 11.0075639698
681 371 11.0075639698
682 371 11.0075639698
683 371 11.0075639698
684 371 11.0075639698
685 371 11.0075639698
686 371 11.0075639698
687 371 11.0075639698
688 371 11.0075639698
689 371 11.0075639698
690 371 11.0075639698
691 371 11.0075639698
692 371 11.0075639698
693 371 11.0075639698
694 371 11.0075639698
695 371 11.0075639698
696 371 11.0075639698
697 371 11.0075639698
698 371 11.0075639698
699 372 12.5610109002
700 372 12.5610109002
701 372 12.5610109002
702 372 12.5610109002
703 372 12.5610109002
704 372 12.5610109002
705 372 12.5610109002
706 372 12.5610109002
707 372 12.5610109002
708 372 12.5610109002
709 372 12.5610109002
710 372 12.5610109002
711 372 12.5610109002
712 372 12.5610109002
713 372 12.5610109002
714 372 12.5610109002
715 372 12.5610109002
716 372 12.5610109002
717 372 12.5610109002
718 372 12.5610109002
719 372 12.5610109002
720 372 12.5610109002
721 372 12.5610109002
722 372 12.5610109002
723 372 12.5610109002
724 372 12.5610109002
725 372 12.5610109002
726 372 12.5610109002
727 372 12.5610109002
728 372 12.5610109002
729 372 12.5610109002
730 372 12.5610109002
731 372 12.5610109002
732 372 12.5610109002
733 372 12.5610109002
734 372 12.5610109002
735 372 12.5610109002
736 372 12.5610109002
737 372 12.5610109002
738 372 12.5610109002
739 373 14.5025688848
740 373 14.5025688848
741 373 14.5025688848
742 373 14.5025688848
743 373 14.5025688848
744 373 14.5025688848
745 373 14.5025688848
746 373 14.5025688848
747 373 14.5025688848
748 373 14.5025688848
749 373 14.5025688848
750 373 14.5025688848
751 373 14.5025688848
752 373 14.5025688848
753 373 14.5025688848
754 373 14.5025688848
755 373 14.5025688848
756 373 14.5025688848
757 373 14.5025688848
758 373 14.5025688848
759 373 14.5025688848
760 373 14.5025688848
761 373 14.5025688848
762 373 14.5025688848
763 373 14.5025688848
764 373 14.5025688848
765 373 14.5025688848
766 373 14.5025688848
767 373 14.5025688848
768 373 14.5025688848
769 373 14.5025688848
770 373 14.5025688848
771 373 14.5025688848
772 373 14.5025688848
773 373 14.5025688848
774 373 14.5025688848
775 373 14.5025688848
776 373 14.5025688848
777 373 14.5025688848
778 373 14.5025688848
779 374 21.1255339003
780 374 21.1255339003
781 374 21.1255339003
782 374 21.1255339003
783 374 21.1255339003
784 374 21.1255339003
785 374 21.1255339003
786 374 21.1255339003
787 374 21.1255339003
788 374 21.1255339003
789 374 21.1255339003
790 374 21.1255339003
791 374 21.1255339003
792 374 21.1255339003
793 374 21.1255339003
794 374 21.1255339003
795 374 21.1255339003
796 374 21.1255339003
797 374 21.1255339003
798 374 21.1255339003
799 374 21.1255339003
800 374 21.1255339003
801 374 21.1255339003
802 374 21.1255339003
803 374 21.1255339003
804 374 21.1255339003
805 374 21.1255339003
806 374 21.1255339003
807 374 21.1255339003
808 374 21.1255339003
809 374 21.1255339003
810 374 21.1255339003
811 374 21.1255339003
812 374 21.1255339003
813 374 21.1255339003
814 374 21.1255339003
815 374 21.1255339003
816 374 21.1255339003
817 374 21.1255339003
818 374 21.1255339003
819 375 18.4278977977
820 375 18.4278977977
821 375 18.4278977977
822 375 18.4278977977
823 375 18.4278977977
824 375 18.4278977977
825 375 18.4278977977
826 375 18.4278977977
827 375 18.4278977977
828 375 18.4278977977
829 375 18.4278977977
830 375 18.4278977977
831 375 18.4278977977
832 375 18.4278977977
833 375 18.4278977977
834 375 18.4278977977
835 375 18.4278977977
836 375 18.4278977977
837 375 18.4278977977
838 375 18.4278977977
839 375 18.4278977977
840 375 18.4278977977
841 375 18.4278977977
842 375 18.4278977977
843 375 18.4278977977
844 375 18.4278977977
845 375 18.4278977977
846 375 18.4278977977
847 375 18.4278977977
848 375 18.4278977977
849 375 18.4278977977
850 375 18.4278977977
851 375 18.4278977977
852 375 18.4278977977
853 375 18.4278977977
854 375 18.4278977977
855 375 18.4278977977
856 375 18.4278977977
857 375 18.4278977977
858 375 18.4278977977
859 376 14.0830759939
860 376 14.0830759939
861 376 14.0830759939
862 376 14.0830759939
863 376 14.0830759939
864 376 14.0830759939
865 376 14.0830759939
866 376 14.0830759939
867 376 14.0830759939
868 376 14.0830759939
869 376 14.0830759939
870 376 14.0830759939
871 376 14.0830759939
872 376 14.0830759939
873 376 14.0830759939
874 376 14.0830759939
875 376 14.0830759939
876 376 14.0830759939
877 376 14.0830759939
878 376 14.0830759939
879 376 14.0830759939
880 376 14.0830759939
881 376 14.0830759939
882 376 14.0830759939
883 376 14.0830759939
884 376 14.0830759939
885 376 14.0830759939
886 376 14.0830759939
887 376 14.0830759939
888 376 14.0830759939
889 376 14.0830759939
890 376 14.0830759939
891 376 14.0830759939
892 376 14.0830759939
893 376 14.0830759939
894 376 14.0830759939
895 376 14.0830759939
896 376 14.0830759939
897 376 14.0830759939
898 376 14.0830759939
899 377 12.9186904682
900 377 12.9186904682
901 377 12.9186904682
902 377 12.9186904682
903 377 12.9186904682
904 377 12.9186904682
905 377 12.9186904682
906 377 12.9186904682
907 377 12.9186904682
908 377 12.9186904682
909 377 12.9186904682
910 377 12.9186904682
911 377 12.9186904682
912 377 12.9186904682
913 377 12.9186904682
914 377 12.9186904682
915 377 12.9186904682
916 377 12.9186904682
917 377 12.9186904682
918 377 12.9186904682
919 377 12.9186904682
920 377 12.9186904682
921 377 12.9186904682
922 377 12.9186904682
923 377 12.9186904682
924 377 12.9186904682
925 377 12.9186904682
926 377 12.9186904682
927 377 12.9186904682
928 377 12.9186904682
929 377 12.9186904682
930 377 12.9186904682
931 377 12.9186904682
932 377 12.9186904682
933 377 12.9186904682
934 377 12.9186904682
935 377 12.9186904682
936 377 12.9186904682
937 377 12.9186904682
938 377 12.9186904682
939 378 17.0542030762
940 378 17.0542030762
941 378 17.0542030762
942 378 17.0542030762
943 378 17.0542030762
944 378 17.0542030762
945 378 17.0542030762
946 378 17.0542030762
947 378 17.0542030762
948 378 17.0542030762
949 378 17.0542030762
950 378 17.0542030762
951 378 17.0542030762
952 378 17.0542030762
953 378 17.0542030762
954 378 17.0542030762
955 378 17.0542030762
956 378 17.0542030762
957 378 17.0542030762
958 378 17.0542030762
959 378 17.0542030762
960 378 17.0542030762
961 378 17.0542030762
962 378 17.0542030762
963 378 17.0542030762
964 378 17.0542030762
965 378 17.0542030762
966 378 17.0542030762
967 378 17.0542030762
968 378 17.0542030762
969 378 17.0542030762
970 378 17.0542030762
971 378 17.0542030762
972 378 17.0542030762
973 378 17.0542030762
974 378 17.0542030762
975 378 17.0542030762
976 378 17.0542030762
977 378 17.0542030762
978 378 17.0542030762
979 379 19.5584586962
980 379 19.5584586962
981 379 19.5584586962
982 379 19.5584586962
983 379 19.5584586962
984 379 19.5584586962
985 379 19.5584586962
986 379 19.5584586962
