1 0 8.80335218353
2 0 8.80335218353
3 0 8.80335218353
4 0 8.80335218353
5 0 8.80335218353
6 0 8.80335218353
7 0 8.80335218353
8 0 8.80335218353
9 0 8.80335218353
10 0 8.80335218353
11 0 8.80335218353
12 0 8.80335218353
13 0 8.80335218353
14 0 8.80335218353
15 0 8.80335218353
16 0 8.80335218353
17 0 8.80335218353
18 0 8.80335218353
19 0 8.80335218353
20 0 8.80335218353
21 0 8.80335218353
22 0 8.80335218353
23 0 8.80335218353
24 0 8.80335218353
25 0 8.80335218353
26 0 8.80335218353
27 0 8.80335218353
28 0 8.80335218353
29 0 8.80335218353
30 0 8.80335218353
31 0 8.80335218353
32 0 8.80335218353
33 0 8.80335218353
34 0 8.80335218353
35 0 8.80335218353
36 0 8.80335218353
37 0 8.80335218353
38 0 8.80335218353
39 0 8.80335218353
40 0 8.80335218353
41 1 13.0963592271
42 1 13.0963592271
43 1 13.0963592271
44 1 13.0963592271
45 1 13.0963592271
46 1 13.0963592271
47 1 13.0963592271
48 1 13.0963592271
49 1 13.0963592271
50 1 13.0963592271
51 1 13.0963592271
52 1 13.0963592271
53 1 13.0963592271
54 1 13.0963592271
55 1 13.0963592271
56 1 13.0963592271
57 1 13.0963592271
58 1 13.0963592271
59 1 13.0963592271
60 1 13.0963592271
61 1 13.0963592271
62 1 13.0963592271
63 1 13.0963592271
64 1 13.0963592271
65 1 13.0963592271
66 1 13.0963592271
67 1 13.0963592271
68 1 13.0963592271
69 1 13.0963592271
70 1 13.0963592271
71 1 13.0963592271
72 1 13.0963592271
73 1 13.0963592271
74 1 13.0963592271
75 1 13.0963592271
76 1 13.0963592271
77 1 13.0963592271
78 1 13.0963592271
79 1 13.0963592271
80 1 13.0963592271
81 2 19.6573032847
82 2 19.6573032847
83 2 19.6573032847
84 2 19.6573032847
85 2 19.6573032847
86 2 19.6573032847
87 2 19.6573032847
88 2 19.6573032847
89 2 19.6573032847
90 2 19.6573032847
91 2 19.6573032847
92 2 19.6573032847
93 2 19.6573032847
94 2 19.6573032847
95 2 19.6573032847
96 2 19.6573032847
97 2 19.6573032847
98 2 19.6573032847
99 2 19.6573032847
100 2 19.6573032847
101 2 19.6573032847
102 2 19.6573032847
103 2 19.6573032847
104 2 19.6573032847
105 2 19.6573032847
106 2 19.6573032847
107 2 19.6573032847
108 2 19.6573032847
109 2 19.6573032847
110 2 19.6573032847
111 2 19.6573032847
112 2 19.6573032847
113 2 19.6573032847
114 2 19.6573032847
115 2 19.6573032847
116 2 19.6573032847
117 2 19.6573032847
118 2 19.6573032847
119 2 19.6573032847
120 2 19.6573032847
121 3 25.1903877992
122 3 25.1903877992
123 3 25.1903877992
124 3 25.1903877992
125 3 25.1903877992
126 3 25.1903877992
127 3 25.1903877992
128 3 25.1903877992
129 3 25.1903877992
130 3 25.1903877992
131 3 25.1903877992
132 3 25.1903877992
133 3 25.1903877992
134 3 25.1903877992
135 3 25.1903877992
136 3 25.1903877992
137 3 25.1903877992
138 3 25.1903877992
139 3 25.1903877992
140 3 25.1903877992
141 3 25.1903877992
142 3 25.1903877992
143 3 25.1903877992
144 3 25.1903877992
145 3 25.1903877992
146 3 25.1903877992
147 3 25.1903877992
148 3 25.1903877992
149 3 25.1903877992
150 3 25.1903877992
151 3 25.1903877992
152 3 25.1903877992
153 3 25.1903877992
154 3 25.1903877992
155 3 25.1903877992
156 3 25.1903877992
157 3 25.1903877992
158 3 25.1903877992
159 3 25.1903877992
160 3 25.1903877992
161 4 25.2537302276
162 4 25.2537302276
163 4 25.2537302276
164 4 25.2537302276
165 4 25.2537302276
166 4 25.2537302276
167 4 25.2537302276
168 4 25.2537302276
169 4 25.2537302276
170 4 25.2537302276
171 4 25.2537302276
172 4 25.2537302276
173 4 25.2537302276
174 4 25.2537302276
175 4 25.2537302276
176 4 25.2537302276
177 4 25.2537302276
178 4 25.2537302276
179 4 25.2537302276
180 4 25.2537302276
181 4 25.2537302276
182 4 25.2537302276
183 4 25.2537302276
184 4 25.2537302276
185 4 25.2537302276
186 4 25.2537302276
187 4 25.2537302276
188 4 25.2537302276
189 4 25.2537302276
190 4 25.2537302276
191 4 25.2537302276
192 4 25.2537302276
193 4 25.2537302276
194 4 25.2537302276
195 4 25.2537302276
196 4 25.2537302276
197 4 25.2537302276
198 4 25.2537302276
199 4 25.2537302276
200 4 25.2537302276
201 5 30.1386692362
202 5 30.1386692362
203 5 30.1386692362
204 5 30.1386692362
205 5 30.1386692362
206 5 30.1386692362
207 5 30.1386692362
208 5 30.1386692362
209 5 30.1386692362
210 5 30.1386692362
211 5 30.1386692362
212 5 30.1386692362
213 5 30.1386692362
214 5 30.1386692362
215 5 30.1386692362
216 5 30.1386692362
217 5 30.1386692362
218 5 30.1386692362
219 5 30.1386692362
220 5 30.1386692362
221 5 30.1386692362
222 5 30.1386692362
223 5 30.1386692362
224 5 30.1386692362
225 5 30.1386692362
226 5 30.1386692362
227 5 30.1386692362
228 5 30.1386692362
229 5 30.1386692362
230 5 30.1386692362
231 5 30.1386692362
232 5 30.1386692362
233 5 30.1386692362
234 5 30.1386692362
235 5 30.1386692362
236 5 30.1386692362
237 5 30.1386692362
238 5 30.1386692362
239 5 30.1386692362
240 5 30.1386692362
241 6 38.1779487868
242 6 38.1779487868
243 6 38.1779487868
244 6 38.1779487868
245 6 38.1779487868
246 6 38.1779487868
247 6 38.1779487868
248 6 38.1779487868
249 6 38.1779487868
250 6 38.1779487868
251 6 38.1779487868
252 6 38.1779487868
253 6 38.1779487868
254 6 38.1779487868
255 6 38.1779487868
256 6 38.1779487868
257 6 38.1779487868
258 6 38.1779487868
259 6 38.1779487868
260 6 38.1779487868
261 6 38.1779487868
262 6 38.1779487868
263 6 38.1779487868
264 6 38.1779487868
265 6 38.1779487868
266 6 38.1779487868
267 6 38.1779487868
268 6 38.1779487868
269 6 38.1779487868
270 6 38.1779487868
271 6 38.1779487868
272 6 38.1779487868
273 6 38.1779487868
274 6 38.1779487868
275 6 38.1779487868
276 6 38.1779487868
277 6 38.1779487868
278 6 38.1779487868
279 6 38.1779487868
280 6 38.1779487868
281 7 34.7574162499
282 7 34.7574162499
283 7 34.7574162499
284 7 34.7574162499
285 7 34.7574162499
286 7 34.7574162499
287 7 34.7574162499
288 7 34.7574162499
289 7 34.7574162499
290 7 34.7574162499
291 7 34.7574162499
292 7 34.7574162499
293 7 34.7574162499
294 7 34.7574162499
295 7 34.7574162499
296 7 34.7574162499
297 7 34.7574162499
298 7 34.7574162499
299 7 34.7574162499
300 7 34.7574162499
301 7 34.7574162499
302 7 34.7574162499
303 7 34.7574162499
304 7 34.7574162499
305 7 34.7574162499
306 7 34.7574162499
307 7 34.7574162499
308 7 34.7574162499
309 7 34.7574162499
310 7 34.7574162499
311 7 34.7574162499
312 7 34.7574162499
313 7 34.7574162499
314 7 34.7574162499
315 7 34.7574162499
316 7 34.7574162499
317 7 34.7574162499
318 7 34.7574162499
319 7 34.7574162499
320 7 34.7574162499
321 8 44.4164252171
322 8 44.4164252171
323 8 44.4164252171
324 8 44.4164252171
325 8 44.4164252171
326 8 44.4164252171
327 8 44.4164252171
328 8 44.4164252171
329 8 44.4164252171
330 8 44.4164252171
331 8 44.4164252171
332 8 44.4164252171
333 8 44.4164252171
334 8 44.4164252171
335 8 44.4164252171
336 8 44.4164252171
337 8 44.4164252171
338 8 44.4164252171
339 8 44.4164252171
340 8 44.4164252171
341 8 44.4164252171
342 8 44.4164252171
343 8 44.4164252171
344 8 44.4164252171
345 8 44.4164252171
346 8 44.4164252171
347 8 44.4164252171
348 8 44.4164252171
349 8 44.4164252171
350 8 44.4164252171
351 8 44.4164252171
352 8 44.4164252171
353 8 44.4164252171
354 8 44.4164252171
355 8 44.4164252171
356 8 44.4164252171
357 8 44.4164252171
358 8 44.4164252171
359 8 44.4164252171
360 8 44.4164252171
361 9 50.9901773997
362 9 50.9901773997
363 9 50.9901773997
364 9 50.9901773997
365 9 50.9901773997
366 9 50.9901773997
367 9 50.9901773997
368 9 50.9901773997
369 9 50.9901773997
370 9 50.9901773997
371 9 50.9901773997
372 9 50.9901773997
373 9 50.9901773997
374 9 50.9901773997
375 9 50.9901773997
376 9 50.9901773997
377 9 50.9901773997
378 9 50.9901773997
379 9 50.9901773997
380 9 50.9901773997
381 9 50.9901773997
382 9 50.9901773997
383 9 50.9901773997
384 9 50.9901773997
385 9 50.9901773997
386 9 50.9901773997
387 9 50.9901773997
388 9 50.9901773997
389 9 50.9901773997
390 9 50.9901773997
391 9 50.9901773997
392 9 50.9901773997
393 9 50.9901773997
394 9 50.9901773997
395 9 50.9901773997
396 9 50.9901773997
397 9 50.9901773997
398 9 50.9901773997
399 9 50.9901773997
400 9 50.9901773997
401 10 52.3136050864
402 10 52.3136050864
403 10 52.3136050864
404 10 52.3136050864
405 10 52.3136050864
406 10 52.3136050864
407 10 52.3136050864
408 10 52.3136050864
409 10 52.3136050864
410 10 52.3136050864
411 10 52.3136050864
412 10 52.3136050864
413 10 52.3136050864
414 10 52.3136050864
415 10 52.3136050864
416 10 52.3136050864
417 10 52.3136050864
418 10 52.3136050864
419 10 52.3136050864
420 10 52.3136050864
421 10 52.3136050864
422 10 52.3136050864
423 10 52.3136050864
424 10 52.3136050864
425 10 52.3136050864
426 10 52.3136050864
427 10 52.3136050864
428 10 52.3136050864
429 10 52.3136050864
430 10 52.3136050864
431 10 52.3136050864
432 10 52.3136050864
433 10 52.3136050864
434 10 52.3136050864
435 10 52.3136050864
436 10 52.3136050864
