1 0 6.7669534433
2 1 8.0016093897
3 2 7.64948759235
4 3 6.85563676239
5 4 7.25769168638
6 5 7.86521880142
7 6 7.01768957293
8 7 6.68503059409
9 8 7.45469503378
10 9 7.80872236637
11 10 6.71868764408
12 11 6.63971825479
13 12 7.68978133897
14 13 7.77166671074
15 14 6.7617071178
16 15 7.07139787356
17 16 8.31078762245
18 17 7.94734844211
19 18 7.09769072929
20 19 8.10423439815
21 20 9.36024849605
22 21 8.49936205774
23 22 7.86877428281
24 23 9.36757279697
25 24 10.3216819505
26 25 9.33216723675
27 26 8.91502374152
28 27 10.6908741364
29 28 11.5637537673
30 29 10.4965000158
31 30 9.90483879464
32 31 8.989313714
33 32 10.2763325213
34 33 11.0374095459
35 34 10.5585564221
36 35 11.2172281897
37 36 12.8891157616
38 37 14.1239811893
39 38 13.3322572632
40 39 14.1543205236
41 40 14.3148564391
42 41 15.0532218103
43 42 13.7851112057
44 43 14.0977328068
45 44 13.0241328133
46 45 13.1134923412
47 46 13.4833314214
48 47 13.4286218315
49 48 15.3027687115
50 49 15.4783903576
51 50 16.2051290553
52 51 15.0401248208
53 52 16.0021959463
54 53 15.3771774414
55 54 13.1633093765
56 55 13.0709053949
57 56 13.8049922998
58 57 12.3810657131
59 58 10.693320181
60 59 11.2090742718
61 60 11.3024558922
62 61 9.59308910928
63 62 8.78871208059
64 63 9.65203692021
65 64 8.62530879942
66 65 7.37113556384
67 66 8.0503657831
68 67 8.04711856426
69 68 6.80608862118
70 69 6.80020869074
71 70 7.5038837333
72 71 6.71491544365
73 72 6.23725615018
74 73 6.67018413118
75 74 6.87486833096
76 75 6.12591045015
77 76 5.9769151951
78 77 6.59430627671
79 78 6.09868709443
80 79 5.95569521253
81 80 6.22222310019
82 81 7.44603039554
83 82 7.11634812584
84 83 8.98102436139
85 84 9.88491546171
86 85 11.3648450465
87 86 12.2202613692
88 87 14.4089576826
89 88 13.0717394287
90 89 11.4841044434
91 90 13.6799979658
92 91 14.3737867621
93 92 12.1335778912
94 93 12.4920912068
95 94 14.752577022
96 95 13.8649703004
97 96 11.9876930784
98 97 13.7020731646
99 98 14.9137350359
100 99 12.8954719567
101 100 12.463656029
102 101 14.5759774171
103 102 14.0005346233
104 103 11.6878556146
105 104 12.5653010409
106 105 14.0719416536
107 106 12.2583983037
108 107 11.1018414533
109 108 12.80262785
110 109 12.7251880369
111 110 10.564919542
112 111 10.841902891
113 112 12.4533824212
114 113 11.2516529718
115 114 9.75125677738
116 115 11.0046899116
117 116 11.7432300277
118 117 10.1151256449
119 118 9.8352638461
120 119 11.3403961791
121 120 10.7082683029
122 121 9.4682589193
123 122 10.5069132898
124 123 11.252906646
125 124 10.0617120163
126 125 9.93573633311
127 126 11.4990695709
128 127 11.1954406502
129 128 10.5680650404
130 128 10.5680650404
131 128 10.5680650404
132 128 10.5680650404
133 128 10.5680650404
134 128 10.5680650404
135 128 10.5680650404
136 128 10.5680650404
137 128 10.5680650404
138 128 10.5680650404
139 128 10.5680650404
140 128 10.5680650404
