1 0 24.0571428716
2 0 24.0571428716
3 0 24.0571428716
4 0 24.0571428716
5 0 24.0571428716
6 0 24.0571428716
7 0 24.0571428716
8 0 24.0571428716
9 0 24.0571428716
10 0 24.0571428716
11 0 24.0571428716
12 0 24.0571428716
13 0 24.0571428716
14 0 24.0571428716
15 0 24.0571428716
16 0 24.0571428716
17 0 24.0571428716
18 0 24.0571428716
19 0 24.0571428716
20 0 24.0571428716
21 1 20.825732956
22 1 20.825732956
23 1 20.825732956
24 1 20.825732956
25 1 20.825732956
26 1 20.825732956
27 1 20.825732956
28 1 20.825732956
29 1 20.825732956
30 1 20.825732956
31 1 20.825732956
32 1 20.825732956
33 1 20.825732956
34 1 20.825732956
35 1 20.825732956
36 1 20.825732956
37 1 20.825732956
38 1 20.825732956
39 1 20.825732956
40 1 20.825732956
41 2 17.8397845667
42 2 17.8397845667
43 2 17.8397845667
44 2 17.8397845667
45 2 17.8397845667
46 2 17.8397845667
47 2 17.8397845667
48 2 17.8397845667
49 2 17.8397845667
50 2 17.8397845667
51 2 17.8397845667
52 2 17.8397845667
53 2 17.8397845667
54 2 17.8397845667
55 2 17.8397845667
56 2 17.8397845667
57 2 17.8397845667
58 2 17.8397845667
59 2 17.8397845667
60 2 17.8397845667
61 3 21.5336108939
62 3 21.5336108939
63 3 21.5336108939
64 3 21.5336108939
65 3 21.5336108939
66 3 21.5336108939
67 3 21.5336108939
68 3 21.5336108939
69 3 21.5336108939
70 3 21.5336108939
71 3 21.5336108939
72 3 21.5336108939
73 3 21.5336108939
74 3 21.5336108939
75 3 21.5336108939
76 3 21.5336108939
77 3 21.5336108939
78 3 21.5336108939
79 3 21.5336108939
80 3 21.5336108939
81 4 26.1892763053
82 4 26.1892763053
83 4 26.1892763053
84 4 26.1892763053
85 4 26.1892763053
86 4 26.1892763053
87 4 26.1892763053
88 4 26.1892763053
89 4 26.1892763053
90 4 26.1892763053
91 4 26.1892763053
92 4 26.1892763053
93 4 26.1892763053
94 4 26.1892763053
95 4 26.1892763053
96 4 26.1892763053
97 4 26.1892763053
98 4 26.1892763053
99 4 26.1892763053
100 4 26.1892763053
101 5 29.4752326589
102 5 29.4752326589
103 5 29.4752326589
104 5 29.4752326589
105 5 29.4752326589
106 5 29.4752326589
107 5 29.4752326589
108 5 29.4752326589
109 5 29.4752326589
110 5 29.4752326589
111 5 29.4752326589
112 5 29.4752326589
113 5 29.4752326589
114 5 29.4752326589
115 5 29.4752326589
116 5 29.4752326589
117 5 29.4752326589
118 5 29.4752326589
119 5 29.4752326589
120 5 29.4752326589
121 6 27.2930967437
122 6 27.2930967437
123 6 27.2930967437
124 6 27.2930967437
125 6 27.2930967437
126 6 27.2930967437
127 6 27.2930967437
128 6 27.2930967437
129 6 27.2930967437
130 6 27.2930967437
131 6 27.2930967437
132 6 27.2930967437
133 6 27.2930967437
134 6 27.2930967437
135 6 27.2930967437
136 6 27.2930967437
137 6 27.2930967437
138 6 27.2930967437
139 6 27.2930967437
140 6 27.2930967437
141 7 20.8820854505
142 7 20.8820854505
143 7 20.8820854505
144 7 20.8820854505
145 7 20.8820854505
146 7 20.8820854505
147 7 20.8820854505
148 7 20.8820854505
149 7 20.8820854505
150 7 20.8820854505
151 7 20.8820854505
152 7 20.8820854505
153 7 20.8820854505
154 7 20.8820854505
155 7 20.8820854505
156 7 20.8820854505
157 7 20.8820854505
158 7 20.8820854505
159 7 20.8820854505
160 7 20.8820854505
161 8 20.00042085
162 8 20.00042085
163 8 20.00042085
164 8 20.00042085
165 8 20.00042085
166 8 20.00042085
167 8 20.00042085
168 8 20.00042085
169 8 20.00042085
170 8 20.00042085
171 8 20.00042085
172 8 20.00042085
173 8 20.00042085
174 8 20.00042085
175 8 20.00042085
176 8 20.00042085
177 8 20.00042085
178 8 20.00042085
179 8 20.00042085
180 8 20.00042085
181 9 13.6748744825
182 9 13.6748744825
183 9 13.6748744825
184 9 13.6748744825
185 9 13.6748744825
186 9 13.6748744825
187 9 13.6748744825
188 9 13.6748744825
189 9 13.6748744825
190 9 13.6748744825
191 9 13.6748744825
192 9 13.6748744825
193 9 13.6748744825
194 9 13.6748744825
195 9 13.6748744825
196 9 13.6748744825
197 9 13.6748744825
198 9 13.6748744825
199 9 13.6748744825
200 9 13.6748744825
201 10 18.2906610006
202 10 18.2906610006
203 10 18.2906610006
204 10 18.2906610006
205 10 18.2906610006
206 10 18.2906610006
207 10 18.2906610006
208 10 18.2906610006
209 10 18.2906610006
210 10 18.2906610006
211 10 18.2906610006
212 10 18.2906610006
213 10 18.2906610006
214 10 18.2906610006
215 10 18.2906610006
216 10 18.2906610006
217 10 18.2906610006
218 10 18.2906610006
219 10 18.2906610006
220 10 18.2906610006
