1 0 10.0239240522
2 0 10.0239240522
3 0 10.0239240522
4 0 10.0239240522
5 0 10.0239240522
6 0 10.0239240522
7 0 10.0239240522
8 0 10.0239240522
9 0 10.0239240522
10 0 10.0239240522
11 0 10.0239240522
12 0 10.0239240522
13 0 10.0239240522
14 0 10.0239240522
15 0 10.0239240522
16 0 10.0239240522
17 0 10.0239240522
18 0 10.0239240522
19 0 10.0239240522
20 0 10.0239240522
21 1 14.6362267802
22 1 14.6362267802
23 1 14.6362267802
24 1 14.6362267802
25 1 14.6362267802
26 1 14.6362267802
27 1 14.6362267802
28 1 14.6362267802
29 1 14.6362267802
30 1 14.6362267802
31 1 14.6362267802
32 1 14.6362267802
33 1 14.6362267802
34 1 14.6362267802
35 1 14.6362267802
36 1 14.6362267802
37 2 9.5498638702
38 3 9.23948499136
39 4 9.32598946792
40 5 9.96276990608
41 6 10.1093203152
42 7 9.78170286097
43 8 10.3119275451
44 9 11.0335097378
45 10 10.768623135
46 11 10.7252334919
47 12 11.4672060299
48 13 11.8568677196
49 14 11.4781966379
50 15 11.8994685918
51 16 12.5131718763
52 17 12.5979524265
53 18 12.6579085609
54 19 13.2799056058
55 20 13.7492968789
56 21 13.7272076573
57 22 14.128006922
58 23 14.8713890739
59 24 14.6165045092
60 25 14.5643722025
61 26 15.0957982806
62 27 14.7771555083
63 28 15.256469855
64 29 15.6001591214
65 30 14.9950211473
66 31 14.1906268856
67 32 13.5466501936
68 33 13.1495453276
69 34 12.9393960844
70 35 12.6181957207
71 36 12.1088247572
72 37 11.8658260186
73 38 11.6574177589
74 39 11.1722189271
75 40 10.8177532441
76 41 10.7115618207
77 42 10.4367797185
78 43 10.1057010055
79 44 9.90031307294
80 45 9.74769744908
81 46 9.61870672826
82 47 9.46773275387
83 48 9.29410105473
84 49 9.18283624177
85 50 9.32092657857
86 51 9.22779642324
87 52 8.99549942699
88 53 9.26454919997
89 54 9.50571109084
90 55 9.04032017301
91 56 9.00863299266
92 57 9.6300004225
93 58 9.61336273363
94 59 9.11905598962
95 60 9.67277512131
96 61 10.2298373272
97 62 9.67977710174
98 63 9.59858648725
99 64 10.572972141
100 65 10.7062635106
101 66 9.96675983177
102 67 10.3731063699
103 68 11.3382740226
104 69 10.9520664876
105 70 10.4546812858
106 71 11.4001233496
107 72 12.0374772387
108 73 11.3092689032
109 74 11.3984603487
110 75 12.5876483328
111 76 12.4732300811
112 77 11.6693991231
113 78 12.4041602023
114 79 13.2860562001
115 80 12.6084616042
116 81 12.330294179
117 82 13.5064737773
118 83 13.690091023
119 84 12.8092444196
120 85 13.2482876519
121 86 14.3195276913
122 87 13.7987772137
123 88 13.351791699
124 89 14.3960814918
125 90 14.8099354056
126 91 13.9622694955
127 92 13.4152045966
128 93 17.0382880705
129 93 17.0382880705
130 93 17.0382880705
131 93 17.0382880705
132 94 9.97091969137
133 94 9.97091969137
134 94 9.97091969137
135 94 9.97091969137
136 94 9.97091969137
137 94 9.97091969137
138 94 9.97091969137
139 94 9.97091969137
140 94 9.97091969137
141 94 9.97091969137
142 94 9.97091969137
143 94 9.97091969137
144 94 9.97091969137
145 94 9.97091969137
146 94 9.97091969137
147 94 9.97091969137
148 94 9.97091969137
149 94 9.97091969137
150 94 9.97091969137
151 94 9.97091969137
152 95 10.8096463811
153 95 10.8096463811
154 95 10.8096463811
155 95 10.8096463811
156 95 10.8096463811
157 95 10.8096463811
158 95 10.8096463811
159 95 10.8096463811
160 95 10.8096463811
161 95 10.8096463811
162 95 10.8096463811
163 95 10.8096463811
164 95 10.8096463811
165 95 10.8096463811
166 95 10.8096463811
167 95 10.8096463811
168 95 10.8096463811
169 95 10.8096463811
170 95 10.8096463811
171 95 10.8096463811
172 96 15.0625688275
173 96 15.0625688275
174 96 15.0625688275
175 96 15.0625688275
176 96 15.0625688275
177 96 15.0625688275
178 96 15.0625688275
179 96 15.0625688275
180 96 15.0625688275
181 96 15.0625688275
182 96 15.0625688275
183 96 15.0625688275
184 96 15.0625688275
185 96 15.0625688275
186 96 15.0625688275
187 96 15.0625688275
188 96 15.0625688275
189 96 15.0625688275
190 96 15.0625688275
191 96 15.0625688275
192 97 14.6631323019
193 97 14.6631323019
194 97 14.6631323019
195 97 14.6631323019
196 97 14.6631323019
197 97 14.6631323019
198 97 14.6631323019
199 97 14.6631323019
200 97 14.6631323019
201 97 14.6631323019
202 97 14.6631323019
203 97 14.6631323019
204 97 14.6631323019
205 97 14.6631323019
206 97 14.6631323019
207 97 14.6631323019
208 97 14.6631323019
209 97 14.6631323019
210 97 14.6631323019
211 97 14.6631323019
212 98 21.3245620599
213 98 21.3245620599
214 98 21.3245620599
215 98 21.3245620599
216 98 21.3245620599
217 98 21.3245620599
218 98 21.3245620599
219 98 21.3245620599
220 98 21.3245620599
221 98 21.3245620599
222 98 21.3245620599
223 98 21.3245620599
224 98 21.3245620599
225 98 21.3245620599
226 98 21.3245620599
227 98 21.3245620599
228 98 21.3245620599
229 98 21.3245620599
230 98 21.3245620599
231 98 21.3245620599
232 99 25.1839460134
233 99 25.1839460134
234 99 25.1839460134
235 99 25.1839460134
236 99 25.1839460134
237 99 25.1839460134
238 99 25.1839460134
239 99 25.1839460134
240 99 25.1839460134
241 99 25.1839460134
242 99 25.1839460134
243 99 25.1839460134
244 99 25.1839460134
245 99 25.1839460134
246 99 25.1839460134
247 99 25.1839460134
248 99 25.1839460134
249 99 25.1839460134
250 99 25.1839460134
251 99 25.1839460134
252 100 29.8952170982
253 100 29.8952170982
254 100 29.8952170982
255 100 29.8952170982
256 100 29.8952170982
257 100 29.8952170982
258 100 29.8952170982
259 100 29.8952170982
260 100 29.8952170982
261 100 29.8952170982
262 100 29.8952170982
263 100 29.8952170982
264 100 29.8952170982
265 100 29.8952170982
266 100 29.8952170982
267 100 29.8952170982
268 100 29.8952170982
269 100 29.8952170982
270 100 29.8952170982
271 100 29.8952170982
272 101 31.9221109909
273 101 31.9221109909
274 101 31.9221109909
275 101 31.9221109909
276 101 31.9221109909
277 101 31.9221109909
278 101 31.9221109909
279 101 31.9221109909
280 101 31.9221109909
281 101 31.9221109909
282 101 31.9221109909
283 101 31.9221109909
284 101 31.9221109909
