1 0 12.6634807863
2 0 12.6634807863
3 0 12.6634807863
4 0 12.6634807863
5 0 12.6634807863
6 0 12.6634807863
7 0 12.6634807863
8 0 12.6634807863
9 0 12.6634807863
10 0 12.6634807863
11 0 12.6634807863
12 0 12.6634807863
13 0 12.6634807863
14 0 12.6634807863
15 0 12.6634807863
16 0 12.6634807863
17 0 12.6634807863
18 0 12.6634807863
19 0 12.6634807863
20 0 12.6634807863
21 0 12.6634807863
22 0 12.6634807863
23 0 12.6634807863
24 0 12.6634807863
25 0 12.6634807863
26 0 12.6634807863
27 0 12.6634807863
28 0 12.6634807863
29 0 12.6634807863
30 0 12.6634807863
31 0 12.6634807863
32 0 12.6634807863
33 0 12.6634807863
34 0 12.6634807863
35 0 12.6634807863
36 0 12.6634807863
37 0 12.6634807863
38 0 12.6634807863
39 0 12.6634807863
40 0 12.6634807863
41 1 12.6938803155
42 1 12.6938803155
43 1 12.6938803155
44 1 12.6938803155
45 1 12.6938803155
46 1 12.6938803155
47 1 12.6938803155
48 1 12.6938803155
49 1 12.6938803155
50 1 12.6938803155
51 1 12.6938803155
52 1 12.6938803155
53 1 12.6938803155
54 1 12.6938803155
55 1 12.6938803155
56 1 12.6938803155
57 1 12.6938803155
58 1 12.6938803155
59 1 12.6938803155
60 1 12.6938803155
61 1 12.6938803155
62 1 12.6938803155
63 1 12.6938803155
64 1 12.6938803155
65 1 12.6938803155
66 1 12.6938803155
67 1 12.6938803155
68 1 12.6938803155
69 1 12.6938803155
70 1 12.6938803155
71 1 12.6938803155
72 1 12.6938803155
73 1 12.6938803155
74 1 12.6938803155
75 1 12.6938803155
76 1 12.6938803155
77 1 12.6938803155
78 1 12.6938803155
79 1 12.6938803155
80 1 12.6938803155
81 2 11.3763324273
82 2 11.3763324273
83 2 11.3763324273
84 2 11.3763324273
85 2 11.3763324273
86 2 11.3763324273
87 2 11.3763324273
88 2 11.3763324273
89 2 11.3763324273
90 2 11.3763324273
91 2 11.3763324273
92 2 11.3763324273
93 2 11.3763324273
94 2 11.3763324273
95 2 11.3763324273
96 2 11.3763324273
97 2 11.3763324273
98 2 11.3763324273
99 2 11.3763324273
100 2 11.3763324273
101 2 11.3763324273
102 2 11.3763324273
103 2 11.3763324273
104 2 11.3763324273
105 2 11.3763324273
106 2 11.3763324273
107 2 11.3763324273
108 2 11.3763324273
109 2 11.3763324273
110 2 11.3763324273
111 2 11.3763324273
112 2 11.3763324273
113 2 11.3763324273
114 2 11.3763324273
115 2 11.3763324273
116 2 11.3763324273
117 2 11.3763324273
118 2 11.3763324273
119 2 11.3763324273
120 2 11.3763324273
121 3 21.1406459123
122 3 21.1406459123
123 3 21.1406459123
124 3 21.1406459123
125 3 21.1406459123
126 3 21.1406459123
127 3 21.1406459123
128 3 21.1406459123
129 3 21.1406459123
130 3 21.1406459123
131 3 21.1406459123
132 3 21.1406459123
133 3 21.1406459123
134 3 21.1406459123
135 3 21.1406459123
136 3 21.1406459123
137 3 21.1406459123
138 3 21.1406459123
139 3 21.1406459123
140 3 21.1406459123
141 3 21.1406459123
142 3 21.1406459123
143 3 21.1406459123
144 3 21.1406459123
145 3 21.1406459123
146 3 21.1406459123
147 3 21.1406459123
148 3 21.1406459123
149 3 21.1406459123
150 3 21.1406459123
151 3 21.1406459123
152 3 21.1406459123
153 3 21.1406459123
154 3 21.1406459123
155 3 21.1406459123
156 3 21.1406459123
157 3 21.1406459123
158 3 21.1406459123
159 3 21.1406459123
160 3 21.1406459123
161 4 18.4519181004
162 4 18.4519181004
163 4 18.4519181004
164 4 18.4519181004
165 4 18.4519181004
166 4 18.4519181004
167 4 18.4519181004
168 4 18.4519181004
169 4 18.4519181004
170 4 18.4519181004
171 4 18.4519181004
172 4 18.4519181004
173 4 18.4519181004
174 4 18.4519181004
175 4 18.4519181004
176 4 18.4519181004
177 4 18.4519181004
178 4 18.4519181004
179 4 18.4519181004
180 4 18.4519181004
181 4 18.4519181004
182 4 18.4519181004
183 4 18.4519181004
184 4 18.4519181004
185 4 18.4519181004
186 4 18.4519181004
187 4 18.4519181004
188 4 18.4519181004
189 4 18.4519181004
190 4 18.4519181004
191 4 18.4519181004
192 4 18.4519181004
193 4 18.4519181004
194 4 18.4519181004
195 4 18.4519181004
196 4 18.4519181004
197 4 18.4519181004
198 4 18.4519181004
199 4 18.4519181004
200 4 18.4519181004
201 5 17.2069023085
202 5 17.2069023085
203 5 17.2069023085
204 5 17.2069023085
205 5 17.2069023085
206 5 17.2069023085
207 5 17.2069023085
208 5 17.2069023085
209 5 17.2069023085
210 5 17.2069023085
211 5 17.2069023085
212 5 17.2069023085
213 5 17.2069023085
214 5 17.2069023085
215 5 17.2069023085
216 5 17.2069023085
217 5 17.2069023085
218 5 17.2069023085
219 5 17.2069023085
220 5 17.2069023085
221 5 17.2069023085
222 5 17.2069023085
223 5 17.2069023085
224 5 17.2069023085
225 5 17.2069023085
226 5 17.2069023085
227 5 17.2069023085
228 5 17.2069023085
229 5 17.2069023085
230 5 17.2069023085
231 5 17.2069023085
232 5 17.2069023085
233 5 17.2069023085
234 5 17.2069023085
235 5 17.2069023085
236 5 17.2069023085
237 5 17.2069023085
238 5 17.2069023085
239 5 17.2069023085
240 5 17.2069023085
241 6 19.3226060177
242 6 19.3226060177
243 6 19.3226060177
244 6 19.3226060177
245 6 19.3226060177
246 6 19.3226060177
247 6 19.3226060177
248 6 19.3226060177
249 6 19.3226060177
250 6 19.3226060177
251 6 19.3226060177
252 6 19.3226060177
253 6 19.3226060177
254 6 19.3226060177
255 6 19.3226060177
256 6 19.3226060177
257 6 19.3226060177
258 6 19.3226060177
259 6 19.3226060177
260 6 19.3226060177
261 6 19.3226060177
262 6 19.3226060177
263 6 19.3226060177
264 6 19.3226060177
265 6 19.3226060177
266 6 19.3226060177
267 6 19.3226060177
268 6 19.3226060177
269 6 19.3226060177
270 6 19.3226060177
271 6 19.3226060177
272 6 19.3226060177
273 6 19.3226060177
274 6 19.3226060177
275 6 19.3226060177
276 6 19.3226060177
277 6 19.3226060177
278 6 19.3226060177
279 6 19.3226060177
280 6 19.3226060177
281 7 20.3775328621
282 7 20.3775328621
283 7 20.3775328621
284 7 20.3775328621
285 7 20.3775328621
286 7 20.3775328621
287 7 20.3775328621
288 7 20.3775328621
289 7 20.3775328621
290 7 20.3775328621
291 7 20.3775328621
292 7 20.3775328621
293 7 20.3775328621
294 7 20.3775328621
295 7 20.3775328621
296 7 20.3775328621
297 7 20.3775328621
298 7 20.3775328621
299 7 20.3775328621
300 7 20.3775328621
301 7 20.3775328621
302 7 20.3775328621
303 7 20.3775328621
304 7 20.3775328621
305 7 20.3775328621
306 7 20.3775328621
307 7 20.3775328621
308 7 20.3775328621
309 7 20.3775328621
310 7 20.3775328621
311 7 20.3775328621
312 7 20.3775328621
313 7 20.3775328621
314 7 20.3775328621
315 7 20.3775328621
316 7 20.3775328621
317 7 20.3775328621
318 7 20.3775328621
319 7 20.3775328621
320 7 20.3775328621
321 8 29.1872649124
322 8 29.1872649124
323 8 29.1872649124
324 8 29.1872649124
325 8 29.1872649124
326 8 29.1872649124
327 8 29.1872649124
328 8 29.1872649124
329 8 29.1872649124
330 8 29.1872649124
331 8 29.1872649124
332 8 29.1872649124
333 8 29.1872649124
334 8 29.1872649124
335 8 29.1872649124
336 8 29.1872649124
337 8 29.1872649124
338 8 29.1872649124
339 8 29.1872649124
340 8 29.1872649124
341 8 29.1872649124
342 8 29.1872649124
343 8 29.1872649124
344 8 29.1872649124
345 8 29.1872649124
346 8 29.1872649124
347 8 29.1872649124
348 8 29.1872649124
349 8 29.1872649124
350 8 29.1872649124
351 8 29.1872649124
352 8 29.1872649124
353 8 29.1872649124
354 8 29.1872649124
355 8 29.1872649124
356 8 29.1872649124
357 8 29.1872649124
358 8 29.1872649124
359 8 29.1872649124
360 8 29.1872649124
361 9 29.6558528933
362 9 29.6558528933
363 9 29.6558528933
364 9 29.6558528933
365 9 29.6558528933
366 9 29.6558528933
367 9 29.6558528933
368 9 29.6558528933
369 9 29.6558528933
370 9 29.6558528933
371 9 29.6558528933
372 9 29.6558528933
373 9 29.6558528933
374 9 29.6558528933
375 9 29.6558528933
376 9 29.6558528933
377 9 29.6558528933
378 9 29.6558528933
379 9 29.6558528933
380 9 29.6558528933
381 9 29.6558528933
382 9 29.6558528933
383 9 29.6558528933
384 9 29.6558528933
385 9 29.6558528933
386 9 29.6558528933
387 9 29.6558528933
388 9 29.6558528933
389 9 29.6558528933
390 9 29.6558528933
391 9 29.6558528933
392 9 29.6558528933
393 9 29.6558528933
394 9 29.6558528933
395 9 29.6558528933
396 9 29.6558528933
397 9 29.6558528933
398 9 29.6558528933
399 9 29.6558528933
400 9 29.6558528933
401 10 58.3018007799
