1 0 28.6107112742
2 0 28.6107112742
3 0 28.6107112742
4 0 28.6107112742
5 0 28.6107112742
6 0 28.6107112742
7 0 28.6107112742
8 0 28.6107112742
9 0 28.6107112742
10 0 28.6107112742
11 0 28.6107112742
12 0 28.6107112742
13 0 28.6107112742
14 0 28.6107112742
15 0 28.6107112742
16 0 28.6107112742
17 0 28.6107112742
18 0 28.6107112742
19 0 28.6107112742
20 0 28.6107112742
21 1 20.2703496421
22 1 20.2703496421
23 1 20.2703496421
24 1 20.2703496421
25 1 20.2703496421
26 1 20.2703496421
27 1 20.2703496421
28 1 20.2703496421
29 1 20.2703496421
30 1 20.2703496421
31 1 20.2703496421
32 1 20.2703496421
33 1 20.2703496421
34 1 20.2703496421
35 1 20.2703496421
36 1 20.2703496421
37 1 20.2703496421
38 1 20.2703496421
39 1 20.2703496421
40 1 20.2703496421
41 2 15.7788202209
42 2 15.7788202209
43 2 15.7788202209
44 2 15.7788202209
45 2 15.7788202209
46 2 15.7788202209
47 2 15.7788202209
48 2 15.7788202209
49 2 15.7788202209
50 2 15.7788202209
51 2 15.7788202209
52 2 15.7788202209
53 2 15.7788202209
54 2 15.7788202209
55 2 15.7788202209
56 2 15.7788202209
57 2 15.7788202209
58 2 15.7788202209
59 2 15.7788202209
60 2 15.7788202209
61 3 11.8056481343
62 3 11.8056481343
63 3 11.8056481343
64 3 11.8056481343
65 3 11.8056481343
66 3 11.8056481343
67 3 11.8056481343
68 3 11.8056481343
69 3 11.8056481343
70 3 11.8056481343
71 3 11.8056481343
72 3 11.8056481343
73 3 11.8056481343
74 3 11.8056481343
75 3 11.8056481343
76 3 11.8056481343
77 3 11.8056481343
78 3 11.8056481343
79 3 11.8056481343
80 3 11.8056481343
81 4 8.54455585625
82 4 8.54455585625
83 4 8.54455585625
84 4 8.54455585625
85 4 8.54455585625
86 4 8.54455585625
87 4 8.54455585625
88 4 8.54455585625
89 4 8.54455585625
90 4 8.54455585625
91 4 8.54455585625
92 4 8.54455585625
93 4 8.54455585625
94 4 8.54455585625
95 4 8.54455585625
96 4 8.54455585625
97 4 8.54455585625
98 4 8.54455585625
99 4 8.54455585625
100 4 8.54455585625
101 5 13.1131617502
102 5 13.1131617502
103 5 13.1131617502
104 5 13.1131617502
105 5 13.1131617502
106 5 13.1131617502
107 5 13.1131617502
108 5 13.1131617502
109 5 13.1131617502
110 5 13.1131617502
111 5 13.1131617502
112 5 13.1131617502
113 5 13.1131617502
114 5 13.1131617502
115 5 13.1131617502
116 5 13.1131617502
117 5 13.1131617502
118 5 13.1131617502
119 5 13.1131617502
120 5 13.1131617502
121 6 10.1620805986
122 6 10.1620805986
123 6 10.1620805986
124 6 10.1620805986
125 6 10.1620805986
126 6 10.1620805986
127 6 10.1620805986
128 6 10.1620805986
129 6 10.1620805986
130 6 10.1620805986
131 6 10.1620805986
132 6 10.1620805986
133 6 10.1620805986
134 6 10.1620805986
135 6 10.1620805986
136 6 10.1620805986
137 6 10.1620805986
138 6 10.1620805986
139 6 10.1620805986
140 6 10.1620805986
141 7 9.03800580884
142 7 9.03800580884
143 7 9.03800580884
144 7 9.03800580884
145 7 9.03800580884
146 7 9.03800580884
147 7 9.03800580884
148 7 9.03800580884
149 7 9.03800580884
150 7 9.03800580884
151 7 9.03800580884
152 7 9.03800580884
153 7 9.03800580884
154 7 9.03800580884
155 7 9.03800580884
156 7 9.03800580884
157 7 9.03800580884
