1 0 8.7027737469
2 0 8.7027737469
3 0 8.7027737469
4 0 8.7027737469
5 0 8.7027737469
6 0 8.7027737469
7 0 8.7027737469
8 0 8.7027737469
9 0 8.7027737469
10 0 8.7027737469
11 0 8.7027737469
12 0 8.7027737469
13 0 8.7027737469
14 0 8.7027737469
15 0 8.7027737469
16 0 8.7027737469
17 0 8.7027737469
18 0 8.7027737469
19 0 8.7027737469
20 0 8.7027737469
21 1 10.9352030018
22 1 10.9352030018
23 1 10.9352030018
24 1 10.9352030018
25 1 10.9352030018
26 1 10.9352030018
27 1 10.9352030018
28 1 10.9352030018
29 1 10.9352030018
30 1 10.9352030018
31 1 10.9352030018
32 1 10.9352030018
33 1 10.9352030018
34 1 10.9352030018
35 1 10.9352030018
36 1 10.9352030018
37 2 9.35292296708
38 3 8.95002757313
39 4 8.78013027928
40 5 8.88002835872
41 6 8.65409647285
42 7 8.36517796494
43 8 8.46903615287
44 9 8.51756275338
45 10 8.2574227033
46 11 8.47478801856
47 12 8.69146392968
48 13 8.61025452917
49 14 8.70861230843
50 15 9.30184744502
51 16 9.2517468245
52 17 9.22267030122
53 18 9.68383264336
54 19 9.9634955205
55 20 9.9168826257
56 21 9.91902972586
57 22 10.1898092829
58 23 10.4380903704
59 24 10.4267034894
60 25 10.3696291392
61 26 10.5735241529
62 27 10.2663438239
63 28 10.4718188401
64 29 10.6080248841
65 30 10.2016568787
66 31 9.79053666581
67 32 9.44867186898
68 33 8.92786892515
69 34 9.15545543026
70 35 9.18347288868
71 36 8.45369326887
72 37 8.29630632467
73 38 8.60523572104
74 39 8.07589245171
75 40 7.71073982485
76 41 7.94604162817
77 42 8.04739238837
78 43 7.82406304312
79 44 7.92290206118
80 45 8.08907355578
81 46 8.25402478479
82 47 8.33870974386
83 48 8.46859479901
84 49 8.58370152285
85 50 8.9507647278
86 51 9.21441472142
87 52 9.25535147748
88 53 9.67768844888
89 54 10.324389052
90 55 10.0999975538
91 56 9.94387763901
92 57 10.6868418954
93 58 11.0299267181
94 59 10.6136986904
95 60 11.0055466849
96 61 11.6905358268
97 62 11.4594411011
98 63 11.3151263056
99 64 12.0466859972
100 65 12.3323157394
101 66 11.8830362815
102 67 12.0578903175
103 68 12.8003852851
104 69 12.7112456489
105 70 12.3528784937
106 71 12.9299193429
107 72 13.5091737274
108 73 13.1466433106
109 74 13.1225515644
110 75 13.997244123
111 76 14.0978954537
112 77 13.565688711
113 78 14.0158249965
114 79 14.7951359381
115 80 14.4748041075
116 81 14.235188313
117 82 15.1254299847
118 83 15.4500667162
119 84 14.8973587723
120 85 15.160506567
121 86 16.0749358625
122 87 15.8775177835
123 88 15.5647464616
124 89 16.3545241585
125 90 16.8474605636
126 91 16.3640555993
127 92 15.9429353641
128 93 19.0612682663
129 93 19.0612682663
130 93 19.0612682663
131 93 19.0612682663
132 94 14.7575440984
133 94 14.7575440984
134 94 14.7575440984
135 94 14.7575440984
136 94 14.7575440984
137 94 14.7575440984
138 94 14.7575440984
139 94 14.7575440984
140 94 14.7575440984
141 94 14.7575440984
142 94 14.7575440984
143 94 14.7575440984
144 94 14.7575440984
145 94 14.7575440984
146 94 14.7575440984
147 94 14.7575440984
148 94 14.7575440984
149 94 14.7575440984
150 94 14.7575440984
151 94 14.7575440984
152 95 12.8768176365
153 95 12.8768176365
154 95 12.8768176365
155 95 12.8768176365
156 95 12.8768176365
157 95 12.8768176365
158 95 12.8768176365
159 95 12.8768176365
160 95 12.8768176365
161 95 12.8768176365
162 95 12.8768176365
163 95 12.8768176365
164 95 12.8768176365
165 95 12.8768176365
166 95 12.8768176365
167 95 12.8768176365
168 95 12.8768176365
169 95 12.8768176365
170 95 12.8768176365
171 95 12.8768176365
172 96 15.2655434898
173 96 15.2655434898
174 96 15.2655434898
175 96 15.2655434898
176 96 15.2655434898
177 96 15.2655434898
178 96 15.2655434898
179 96 15.2655434898
180 96 15.2655434898
181 96 15.2655434898
182 96 15.2655434898
183 96 15.2655434898
184 96 15.2655434898
185 96 15.2655434898
186 96 15.2655434898
187 96 15.2655434898
188 96 15.2655434898
189 96 15.2655434898
190 96 15.2655434898
191 96 15.2655434898
192 97 23.0886328301
193 97 23.0886328301
194 97 23.0886328301
195 97 23.0886328301
196 97 23.0886328301
197 97 23.0886328301
198 97 23.0886328301
199 97 23.0886328301
200 97 23.0886328301
201 97 23.0886328301
202 97 23.0886328301
203 97 23.0886328301
204 97 23.0886328301
205 97 23.0886328301
206 97 23.0886328301
207 97 23.0886328301
208 97 23.0886328301
209 97 23.0886328301
210 97 23.0886328301
211 97 23.0886328301
212 98 28.1882915579
213 98 28.1882915579
214 98 28.1882915579
215 98 28.1882915579
216 98 28.1882915579
217 98 28.1882915579
218 98 28.1882915579
219 98 28.1882915579
220 98 28.1882915579
221 98 28.1882915579
222 98 28.1882915579
223 98 28.1882915579
224 98 28.1882915579
225 98 28.1882915579
226 98 28.1882915579
227 98 28.1882915579
228 98 28.1882915579
229 98 28.1882915579
230 98 28.1882915579
231 98 28.1882915579
232 99 29.4810084274
233 99 29.4810084274
234 99 29.4810084274
235 99 29.4810084274
236 99 29.4810084274
237 99 29.4810084274
238 99 29.4810084274
239 99 29.4810084274
240 99 29.4810084274
241 99 29.4810084274
242 99 29.4810084274
243 99 29.4810084274
244 99 29.4810084274
245 99 29.4810084274
246 99 29.4810084274
247 99 29.4810084274
248 99 29.4810084274
249 99 29.4810084274
250 99 29.4810084274
251 99 29.4810084274
252 100 31.2643734812
253 100 31.2643734812
254 100 31.2643734812
255 100 31.2643734812
256 100 31.2643734812
257 100 31.2643734812
258 100 31.2643734812
259 100 31.2643734812
260 100 31.2643734812
261 100 31.2643734812
262 100 31.2643734812
263 100 31.2643734812
264 100 31.2643734812
265 100 31.2643734812
266 100 31.2643734812
267 100 31.2643734812
268 100 31.2643734812
269 100 31.2643734812
270 100 31.2643734812
271 100 31.2643734812
272 101 29.9795597826
273 101 29.9795597826
274 101 29.9795597826
275 101 29.9795597826
276 101 29.9795597826
277 101 29.9795597826
278 101 29.9795597826
279 101 29.9795597826
280 101 29.9795597826
281 101 29.9795597826
282 101 29.9795597826
283 101 29.9795597826
284 101 29.9795597826
