1 0 13.6166350741
2 0 13.6166350741
3 0 13.6166350741
4 0 13.6166350741
5 0 13.6166350741
6 0 13.6166350741
7 0 13.6166350741
8 0 13.6166350741
9 0 13.6166350741
10 0 13.6166350741
11 0 13.6166350741
12 0 13.6166350741
13 0 13.6166350741
14 0 13.6166350741
15 0 13.6166350741
16 0 13.6166350741
17 0 13.6166350741
18 0 13.6166350741
19 0 13.6166350741
20 0 13.6166350741
21 1 15.1964438666
22 1 15.1964438666
23 1 15.1964438666
24 1 15.1964438666
25 1 15.1964438666
26 1 15.1964438666
27 1 15.1964438666
28 1 15.1964438666
29 1 15.1964438666
30 1 15.1964438666
31 1 15.1964438666
32 1 15.1964438666
33 1 15.1964438666
34 1 15.1964438666
35 1 15.1964438666
36 1 15.1964438666
37 1 15.1964438666
38 1 15.1964438666
39 1 15.1964438666
40 1 15.1964438666
41 2 28.8008151981
42 2 28.8008151981
43 2 28.8008151981
44 2 28.8008151981
45 2 28.8008151981
46 2 28.8008151981
47 2 28.8008151981
48 2 28.8008151981
49 2 28.8008151981
50 2 28.8008151981
51 2 28.8008151981
52 2 28.8008151981
53 2 28.8008151981
54 2 28.8008151981
55 2 28.8008151981
56 2 28.8008151981
57 2 28.8008151981
58 2 28.8008151981
59 2 28.8008151981
60 2 28.8008151981
61 3 29.4791944256
62 3 29.4791944256
63 3 29.4791944256
64 3 29.4791944256
65 3 29.4791944256
66 3 29.4791944256
67 3 29.4791944256
68 3 29.4791944256
69 3 29.4791944256
70 3 29.4791944256
71 3 29.4791944256
72 3 29.4791944256
73 3 29.4791944256
74 3 29.4791944256
75 3 29.4791944256
76 3 29.4791944256
77 3 29.4791944256
78 3 29.4791944256
79 3 29.4791944256
80 3 29.4791944256
81 4 24.9358841011
82 4 24.9358841011
83 4 24.9358841011
84 4 24.9358841011
85 4 24.9358841011
86 4 24.9358841011
87 4 24.9358841011
88 4 24.9358841011
89 4 24.9358841011
90 4 24.9358841011
91 4 24.9358841011
92 4 24.9358841011
93 4 24.9358841011
94 4 24.9358841011
95 4 24.9358841011
96 4 24.9358841011
97 4 24.9358841011
98 4 24.9358841011
99 4 24.9358841011
100 4 24.9358841011
101 5 25.1515584356
102 5 25.1515584356
103 5 25.1515584356
104 5 25.1515584356
105 5 25.1515584356
106 5 25.1515584356
107 5 25.1515584356
108 5 25.1515584356
109 5 25.1515584356
110 5 25.1515584356
111 5 25.1515584356
112 5 25.1515584356
113 5 25.1515584356
114 5 25.1515584356
115 5 25.1515584356
116 5 25.1515584356
117 5 25.1515584356
118 5 25.1515584356
119 5 25.1515584356
120 5 25.1515584356
121 6 27.5963465736
122 6 27.5963465736
123 6 27.5963465736
124 6 27.5963465736
125 6 27.5963465736
126 6 27.5963465736
127 6 27.5963465736
128 6 27.5963465736
129 6 27.5963465736
130 6 27.5963465736
131 6 27.5963465736
132 6 27.5963465736
133 6 27.5963465736
134 6 27.5963465736
135 6 27.5963465736
136 6 27.5963465736
137 6 27.5963465736
138 6 27.5963465736
139 6 27.5963465736
140 6 27.5963465736
141 7 25.2737848922
142 7 25.2737848922
143 7 25.2737848922
144 7 25.2737848922
145 7 25.2737848922
146 7 25.2737848922
147 7 25.2737848922
148 7 25.2737848922
149 7 25.2737848922
150 7 25.2737848922
151 7 25.2737848922
152 7 25.2737848922
153 7 25.2737848922
154 7 25.2737848922
155 7 25.2737848922
156 7 25.2737848922
157 7 25.2737848922
158 7 25.2737848922
159 7 25.2737848922
160 7 25.2737848922
161 8 16.7816267922
162 8 16.7816267922
163 8 16.7816267922
164 8 16.7816267922
165 8 16.7816267922
166 8 16.7816267922
167 8 16.7816267922
168 8 16.7816267922
169 8 16.7816267922
170 8 16.7816267922
171 8 16.7816267922
172 8 16.7816267922
173 8 16.7816267922
174 8 16.7816267922
175 8 16.7816267922
176 8 16.7816267922
177 8 16.7816267922
178 8 16.7816267922
179 8 16.7816267922
180 8 16.7816267922
181 9 19.5293638012
182 9 19.5293638012
183 9 19.5293638012
184 9 19.5293638012
185 9 19.5293638012
186 9 19.5293638012
187 9 19.5293638012
188 9 19.5293638012
189 9 19.5293638012
190 9 19.5293638012
191 9 19.5293638012
192 9 19.5293638012
193 9 19.5293638012
194 9 19.5293638012
195 9 19.5293638012
196 9 19.5293638012
197 9 19.5293638012
198 9 19.5293638012
199 9 19.5293638012
200 9 19.5293638012
201 10 19.8967144929
202 10 19.8967144929
203 10 19.8967144929
204 10 19.8967144929
205 10 19.8967144929
206 10 19.8967144929
207 10 19.8967144929
208 10 19.8967144929
209 10 19.8967144929
210 10 19.8967144929
211 10 19.8967144929
212 10 19.8967144929
213 10 19.8967144929
214 10 19.8967144929
215 10 19.8967144929
216 10 19.8967144929
217 10 19.8967144929
218 10 19.8967144929
219 10 19.8967144929
220 10 19.8967144929
221 11 15.0916612597
222 11 15.0916612597
223 11 15.0916612597
224 11 15.0916612597
225 11 15.0916612597
226 11 15.0916612597
227 11 15.0916612597
228 11 15.0916612597
229 11 15.0916612597
230 11 15.0916612597
231 11 15.0916612597
232 11 15.0916612597
233 11 15.0916612597
234 11 15.0916612597
235 11 15.0916612597
236 11 15.0916612597
237 11 15.0916612597
238 11 15.0916612597
239 11 15.0916612597
240 11 15.0916612597
241 12 11.5216307808
242 12 11.5216307808
243 12 11.5216307808
244 12 11.5216307808
245 12 11.5216307808
246 12 11.5216307808
247 12 11.5216307808
248 12 11.5216307808
249 12 11.5216307808
250 12 11.5216307808
251 12 11.5216307808
252 12 11.5216307808
253 12 11.5216307808
254 12 11.5216307808
255 12 11.5216307808
256 12 11.5216307808
257 12 11.5216307808
258 12 11.5216307808
259 12 11.5216307808
260 12 11.5216307808
261 13 10.4061822618
262 13 10.4061822618
263 13 10.4061822618
264 13 10.4061822618
265 13 10.4061822618
266 13 10.4061822618
267 13 10.4061822618
268 13 10.4061822618
269 13 10.4061822618
270 13 10.4061822618
271 13 10.4061822618
272 13 10.4061822618
273 13 10.4061822618
274 13 10.4061822618
275 13 10.4061822618
276 13 10.4061822618
277 13 10.4061822618
278 13 10.4061822618
279 13 10.4061822618
280 13 10.4061822618
281 14 18.9503207497
282 14 18.9503207497
283 14 18.9503207497
284 14 18.9503207497
285 14 18.9503207497
286 14 18.9503207497
287 14 18.9503207497
288 14 18.9503207497
289 14 18.9503207497
290 14 18.9503207497
291 14 18.9503207497
292 14 18.9503207497
293 14 18.9503207497
294 14 18.9503207497
295 14 18.9503207497
296 14 18.9503207497
297 14 18.9503207497
298 14 18.9503207497
299 14 18.9503207497
300 14 18.9503207497
301 15 20.83477165
302 15 20.83477165
303 15 20.83477165
304 15 20.83477165
305 15 20.83477165
306 15 20.83477165
307 15 20.83477165
308 15 20.83477165
309 15 20.83477165
310 15 20.83477165
311 15 20.83477165
312 15 20.83477165
313 15 20.83477165
314 15 20.83477165
315 15 20.83477165
316 15 20.83477165
317 15 20.83477165
318 15 20.83477165
319 15 20.83477165
320 15 20.83477165
321 16 19.9291613789
322 16 19.9291613789
323 16 19.9291613789
324 16 19.9291613789
325 16 19.9291613789
326 16 19.9291613789
327 16 19.9291613789
328 16 19.9291613789
329 16 19.9291613789
330 16 19.9291613789
331 16 19.9291613789
332 16 19.9291613789
333 16 19.9291613789
334 16 19.9291613789
335 16 19.9291613789
336 16 19.9291613789
337 16 19.9291613789
338 16 19.9291613789
339 16 19.9291613789
340 16 19.9291613789
341 17 9.76006802218
342 17 9.76006802218
343 17 9.76006802218
344 17 9.76006802218
345 17 9.76006802218
346 17 9.76006802218
347 17 9.76006802218
348 17 9.76006802218
349 17 9.76006802218
350 17 9.76006802218
351 17 9.76006802218
352 17 9.76006802218
353 17 9.76006802218
354 17 9.76006802218
355 17 9.76006802218
356 17 9.76006802218
357 17 9.76006802218
358 17 9.76006802218
359 17 9.76006802218
360 17 9.76006802218
361 18 13.9135291483
362 18 13.9135291483
363 18 13.9135291483
364 18 13.9135291483
365 18 13.9135291483
366 18 13.9135291483
367 18 13.9135291483
368 18 13.9135291483
369 18 13.9135291483
370 18 13.9135291483
371 18 13.9135291483
372 18 13.9135291483
373 18 13.9135291483
374 18 13.9135291483
375 18 13.9135291483
376 18 13.9135291483
377 18 13.9135291483
378 18 13.9135291483
379 18 13.9135291483
380 18 13.9135291483
381 19 17.1718644203
382 19 17.1718644203
383 19 17.1718644203
384 19 17.1718644203
385 19 17.1718644203
386 19 17.1718644203
387 19 17.1718644203
388 19 17.1718644203
389 19 17.1718644203
390 19 17.1718644203
391 19 17.1718644203
392 19 17.1718644203
393 19 17.1718644203
394 19 17.1718644203
395 19 17.1718644203
396 19 17.1718644203
397 19 17.1718644203
398 19 17.1718644203
399 19 17.1718644203
400 19 17.1718644203
401 20 13.4342489237
402 20 13.4342489237
403 20 13.4342489237
404 20 13.4342489237
405 20 13.4342489237
406 20 13.4342489237
407 20 13.4342489237
408 20 13.4342489237
409 20 13.4342489237
410 20 13.4342489237
411 20 13.4342489237
412 20 13.4342489237
413 20 13.4342489237
414 20 13.4342489237
415 20 13.4342489237
416 20 13.4342489237
417 20 13.4342489237
418 20 13.4342489237
419 20 13.4342489237
420 20 13.4342489237
421 21 18.645373395
422 21 18.645373395
423 21 18.645373395
424 21 18.645373395
425 21 18.645373395
426 21 18.645373395
427 21 18.645373395
428 21 18.645373395
429 21 18.645373395
430 21 18.645373395
431 21 18.645373395
432 21 18.645373395
433 21 18.645373395
434 21 18.645373395
435 21 18.645373395
436 21 18.645373395
437 21 18.645373395
438 21 18.645373395
439 21 18.645373395
440 21 18.645373395
441 22 25.2318362716
442 22 25.2318362716
443 22 25.2318362716
444 22 25.2318362716
445 22 25.2318362716
446 22 25.2318362716
447 22 25.2318362716
448 22 25.2318362716
449 22 25.2318362716
450 22 25.2318362716
451 22 25.2318362716
452 22 25.2318362716
453 22 25.2318362716
454 22 25.2318362716
455 22 25.2318362716
456 22 25.2318362716
457 22 25.2318362716
458 22 25.2318362716
459 22 25.2318362716
460 22 25.2318362716
461 23 23.640502185
462 23 23.640502185
463 23 23.640502185
464 23 23.640502185
465 23 23.640502185
466 23 23.640502185
467 23 23.640502185
468 23 23.640502185
469 23 23.640502185
470 23 23.640502185
471 23 23.640502185
472 23 23.640502185
473 23 23.640502185
474 23 23.640502185
475 23 23.640502185
476 23 23.640502185
477 23 23.640502185
478 23 23.640502185
479 23 23.640502185
480 23 23.640502185
481 24 26.8258314314
482 24 26.8258314314
483 24 26.8258314314
484 24 26.8258314314
485 24 26.8258314314
486 24 26.8258314314
487 24 26.8258314314
488 24 26.8258314314
489 24 26.8258314314
490 24 26.8258314314
491 24 26.8258314314
492 24 26.8258314314
493 24 26.8258314314
494 24 26.8258314314
495 24 26.8258314314
496 24 26.8258314314
497 24 26.8258314314
498 24 26.8258314314
499 24 26.8258314314
500 24 26.8258314314
501 25 16.0391439453
502 25 16.0391439453
503 25 16.0391439453
504 25 16.0391439453
505 25 16.0391439453
506 25 16.0391439453
507 25 16.0391439453
508 25 16.0391439453
509 25 16.0391439453
510 25 16.0391439453
511 25 16.0391439453
512 25 16.0391439453
513 25 16.0391439453
514 25 16.0391439453
515 25 16.0391439453
516 25 16.0391439453
517 25 16.0391439453
518 25 16.0391439453
519 25 16.0391439453
520 25 16.0391439453
521 26 23.9676820442
522 26 23.9676820442
523 26 23.9676820442
524 26 23.9676820442
525 26 23.9676820442
526 26 23.9676820442
527 26 23.9676820442
528 26 23.9676820442
529 26 23.9676820442
530 26 23.9676820442
531 26 23.9676820442
532 26 23.9676820442
533 26 23.9676820442
534 26 23.9676820442
535 26 23.9676820442
536 26 23.9676820442
537 26 23.9676820442
538 26 23.9676820442
539 26 23.9676820442
540 26 23.9676820442
541 27 23.4281546662
542 27 23.4281546662
543 27 23.4281546662
544 27 23.4281546662
545 27 23.4281546662
546 27 23.4281546662
547 27 23.4281546662
548 27 23.4281546662
549 27 23.4281546662
550 27 23.4281546662
551 27 23.4281546662
552 27 23.4281546662
553 27 23.4281546662
554 27 23.4281546662
555 27 23.4281546662
556 27 23.4281546662
557 27 23.4281546662
558 27 23.4281546662
559 27 23.4281546662
560 27 23.4281546662
561 28 26.0519854681
562 28 26.0519854681
563 28 26.0519854681
564 28 26.0519854681
565 28 26.0519854681
566 28 26.0519854681
567 28 26.0519854681
568 28 26.0519854681
569 28 26.0519854681
570 28 26.0519854681
571 28 26.0519854681
572 28 26.0519854681
573 28 26.0519854681
574 28 26.0519854681
575 28 26.0519854681
576 28 26.0519854681
577 28 26.0519854681
578 28 26.0519854681
579 28 26.0519854681
580 28 26.0519854681
581 29 15.8270317935
582 29 15.8270317935
583 29 15.8270317935
584 29 15.8270317935
585 29 15.8270317935
586 29 15.8270317935
587 29 15.8270317935
588 29 15.8270317935
589 29 15.8270317935
590 29 15.8270317935
591 29 15.8270317935
592 29 15.8270317935
593 29 15.8270317935
594 29 15.8270317935
595 29 15.8270317935
596 29 15.8270317935
597 29 15.8270317935
598 29 15.8270317935
599 29 15.8270317935
600 29 15.8270317935
601 30 21.2295117972
602 30 21.2295117972
603 30 21.2295117972
604 30 21.2295117972
605 30 21.2295117972
606 30 21.2295117972
607 30 21.2295117972
608 30 21.2295117972
609 30 21.2295117972
610 30 21.2295117972
611 30 21.2295117972
612 30 21.2295117972
613 30 21.2295117972
614 30 21.2295117972
615 30 21.2295117972
616 30 21.2295117972
617 30 21.2295117972
618 30 21.2295117972
619 30 21.2295117972
620 30 21.2295117972
621 31 18.0736588178
622 31 18.0736588178
623 31 18.0736588178
624 31 18.0736588178
625 31 18.0736588178
626 31 18.0736588178
627 31 18.0736588178
628 31 18.0736588178
629 31 18.0736588178
630 31 18.0736588178
631 31 18.0736588178
632 31 18.0736588178
633 31 18.0736588178
634 31 18.0736588178
635 31 18.0736588178
636 31 18.0736588178
637 31 18.0736588178
638 31 18.0736588178
639 31 18.0736588178
640 31 18.0736588178
641 32 14.9107424373
642 32 14.9107424373
643 32 14.9107424373
644 32 14.9107424373
645 32 14.9107424373
646 32 14.9107424373
647 32 14.9107424373
648 32 14.9107424373
649 32 14.9107424373
650 32 14.9107424373
651 32 14.9107424373
652 32 14.9107424373
653 32 14.9107424373
654 32 14.9107424373
655 32 14.9107424373
656 32 14.9107424373
657 32 14.9107424373
658 32 14.9107424373
659 32 14.9107424373
660 32 14.9107424373
661 33 21.5261172394
662 33 21.5261172394
663 33 21.5261172394
664 33 21.5261172394
665 33 21.5261172394
666 33 21.5261172394
667 33 21.5261172394
668 33 21.5261172394
669 33 21.5261172394
670 33 21.5261172394
671 33 21.5261172394
672 33 21.5261172394
673 33 21.5261172394
674 33 21.5261172394
675 33 21.5261172394
676 33 21.5261172394
677 33 21.5261172394
678 33 21.5261172394
679 33 21.5261172394
680 33 21.5261172394
681 34 18.102891736
682 34 18.102891736
683 34 18.102891736
684 34 18.102891736
685 34 18.102891736
686 34 18.102891736
687 34 18.102891736
688 34 18.102891736
689 34 18.102891736
690 34 18.102891736
691 34 18.102891736
692 34 18.102891736
693 34 18.102891736
694 34 18.102891736
695 34 18.102891736
696 34 18.102891736
697 34 18.102891736
698 34 18.102891736
699 34 18.102891736
700 34 18.102891736
701 35 19.0543869488
702 35 19.0543869488
703 35 19.0543869488
704 35 19.0543869488
705 35 19.0543869488
706 35 19.0543869488
707 35 19.0543869488
708 35 19.0543869488
709 35 19.0543869488
710 35 19.0543869488
711 35 19.0543869488
712 36 15.2970854069
713 36 15.2970854069
714 36 15.2970854069
715 36 15.2970854069
716 36 15.2970854069
717 36 15.2970854069
718 36 15.2970854069
719 36 15.2970854069
720 36 15.2970854069
721 36 15.2970854069
722 36 15.2970854069
723 36 15.2970854069
724 36 15.2970854069
725 36 15.2970854069
726 36 15.2970854069
727 36 15.2970854069
728 36 15.2970854069
729 36 15.2970854069
730 36 15.2970854069
731 36 15.2970854069
732 36 15.2970854069
733 36 15.2970854069
734 36 15.2970854069
735 36 15.2970854069
736 36 15.2970854069
737 36 15.2970854069
738 36 15.2970854069
739 36 15.2970854069
740 36 15.2970854069
741 36 15.2970854069
742 36 15.2970854069
743 36 15.2970854069
744 36 15.2970854069
745 36 15.2970854069
746 36 15.2970854069
747 36 15.2970854069
748 36 15.2970854069
749 36 15.2970854069
750 36 15.2970854069
751 36 15.2970854069
752 37 16.9780281626
753 37 16.9780281626
754 37 16.9780281626
755 37 16.9780281626
756 37 16.9780281626
757 37 16.9780281626
758 37 16.9780281626
759 37 16.9780281626
760 37 16.9780281626
761 37 16.9780281626
762 37 16.9780281626
763 37 16.9780281626
764 37 16.9780281626
765 37 16.9780281626
766 37 16.9780281626
767 37 16.9780281626
768 37 16.9780281626
769 37 16.9780281626
770 37 16.9780281626
771 37 16.9780281626
772 37 16.9780281626
773 37 16.9780281626
774 37 16.9780281626
775 37 16.9780281626
776 37 16.9780281626
777 37 16.9780281626
778 37 16.9780281626
779 37 16.9780281626
780 37 16.9780281626
781 37 16.9780281626
782 37 16.9780281626
783 37 16.9780281626
784 37 16.9780281626
785 37 16.9780281626
786 37 16.9780281626
787 37 16.9780281626
788 37 16.9780281626
789 37 16.9780281626
790 37 16.9780281626
791 37 16.9780281626
792 38 22.2650146238
793 38 22.2650146238
794 38 22.2650146238
795 38 22.2650146238
796 38 22.2650146238
797 38 22.2650146238
798 38 22.2650146238
799 38 22.2650146238
800 38 22.2650146238
801 38 22.2650146238
802 38 22.2650146238
803 38 22.2650146238
804 38 22.2650146238
805 38 22.2650146238
806 38 22.2650146238
807 38 22.2650146238
808 38 22.2650146238
809 38 22.2650146238
810 38 22.2650146238
811 38 22.2650146238
812 38 22.2650146238
813 38 22.2650146238
814 38 22.2650146238
815 38 22.2650146238
816 38 22.2650146238
817 38 22.2650146238
818 38 22.2650146238
819 38 22.2650146238
820 38 22.2650146238
821 38 22.2650146238
822 38 22.2650146238
823 38 22.2650146238
824 38 22.2650146238
825 38 22.2650146238
826 38 22.2650146238
827 38 22.2650146238
828 38 22.2650146238
829 38 22.2650146238
830 38 22.2650146238
831 38 22.2650146238
832 39 30.1654943651
833 39 30.1654943651
834 39 30.1654943651
835 39 30.1654943651
836 39 30.1654943651
837 39 30.1654943651
838 39 30.1654943651
839 39 30.1654943651
840 39 30.1654943651
841 39 30.1654943651
842 39 30.1654943651
843 39 30.1654943651
844 39 30.1654943651
845 39 30.1654943651
846 39 30.1654943651
847 39 30.1654943651
848 39 30.1654943651
849 39 30.1654943651
850 39 30.1654943651
851 39 30.1654943651
852 39 30.1654943651
853 39 30.1654943651
854 39 30.1654943651
855 39 30.1654943651
856 39 30.1654943651
857 39 30.1654943651
858 39 30.1654943651
859 39 30.1654943651
860 39 30.1654943651
861 39 30.1654943651
862 39 30.1654943651
863 39 30.1654943651
864 39 30.1654943651
865 39 30.1654943651
866 39 30.1654943651
867 39 30.1654943651
868 39 30.1654943651
869 39 30.1654943651
870 39 30.1654943651
871 39 30.1654943651
872 40 26.6174541948
873 40 26.6174541948
874 40 26.6174541948
875 40 26.6174541948
876 40 26.6174541948
877 40 26.6174541948
878 40 26.6174541948
879 40 26.6174541948
880 40 26.6174541948
881 40 26.6174541948
882 40 26.6174541948
883 40 26.6174541948
884 40 26.6174541948
885 40 26.6174541948
886 40 26.6174541948
887 40 26.6174541948
888 40 26.6174541948
889 40 26.6174541948
890 40 26.6174541948
891 40 26.6174541948
892 40 26.6174541948
893 40 26.6174541948
894 40 26.6174541948
895 40 26.6174541948
896 40 26.6174541948
897 40 26.6174541948
898 40 26.6174541948
899 40 26.6174541948
900 40 26.6174541948
901 40 26.6174541948
902 40 26.6174541948
903 40 26.6174541948
904 40 26.6174541948
905 40 26.6174541948
906 40 26.6174541948
907 40 26.6174541948
908 40 26.6174541948
909 40 26.6174541948
910 40 26.6174541948
911 40 26.6174541948
912 41 29.0093710987
913 41 29.0093710987
914 41 29.0093710987
915 41 29.0093710987
916 41 29.0093710987
917 41 29.0093710987
918 41 29.0093710987
919 41 29.0093710987
920 41 29.0093710987
921 41 29.0093710987
922 41 29.0093710987
923 41 29.0093710987
924 41 29.0093710987
925 41 29.0093710987
926 41 29.0093710987
927 41 29.0093710987
928 41 29.0093710987
929 41 29.0093710987
930 41 29.0093710987
931 41 29.0093710987
932 41 29.0093710987
933 41 29.0093710987
934 41 29.0093710987
935 41 29.0093710987
936 41 29.0093710987
937 41 29.0093710987
938 41 29.0093710987
939 41 29.0093710987
940 41 29.0093710987
941 41 29.0093710987
942 41 29.0093710987
943 41 29.0093710987
944 41 29.0093710987
945 41 29.0093710987
946 41 29.0093710987
947 41 29.0093710987
948 41 29.0093710987
949 41 29.0093710987
950 41 29.0093710987
951 41 29.0093710987
952 42 28.2126437512
953 42 28.2126437512
954 42 28.2126437512
955 42 28.2126437512
956 42 28.2126437512
957 42 28.2126437512
958 42 28.2126437512
959 42 28.2126437512
960 42 28.2126437512
961 42 28.2126437512
962 42 28.2126437512
963 42 28.2126437512
964 42 28.2126437512
965 42 28.2126437512
966 42 28.2126437512
967 42 28.2126437512
968 42 28.2126437512
969 42 28.2126437512
970 42 28.2126437512
971 42 28.2126437512
972 42 28.2126437512
973 42 28.2126437512
974 42 28.2126437512
975 42 28.2126437512
976 42 28.2126437512
977 42 28.2126437512
978 42 28.2126437512
979 42 28.2126437512
980 42 28.2126437512
981 42 28.2126437512
982 42 28.2126437512
983 42 28.2126437512
984 42 28.2126437512
985 42 28.2126437512
986 42 28.2126437512
987 42 28.2126437512
988 42 28.2126437512
989 42 28.2126437512
990 42 28.2126437512
991 42 28.2126437512
992 43 23.7774494413
993 43 23.7774494413
994 43 23.7774494413
995 43 23.7774494413
996 43 23.7774494413
997 43 23.7774494413
998 43 23.7774494413
999 43 23.7774494413
1000 43 23.7774494413
1001 43 23.7774494413
1002 43 23.7774494413
1003 43 23.7774494413
1004 43 23.7774494413
1005 43 23.7774494413
1006 43 23.7774494413
1007 43 23.7774494413
1008 43 23.7774494413
1009 43 23.7774494413
1010 43 23.7774494413
1011 43 23.7774494413
1012 43 23.7774494413
1013 43 23.7774494413
1014 43 23.7774494413
1015 43 23.7774494413
1016 43 23.7774494413
1017 43 23.7774494413
1018 43 23.7774494413
1019 43 23.7774494413
1020 43 23.7774494413
1021 43 23.7774494413
1022 43 23.7774494413
1023 43 23.7774494413
1024 43 23.7774494413
1025 43 23.7774494413
1026 43 23.7774494413
1027 43 23.7774494413
1028 43 23.7774494413
1029 43 23.7774494413
1030 43 23.7774494413
1031 43 23.7774494413
1032 44 22.4707413409
1033 44 22.4707413409
1034 44 22.4707413409
1035 44 22.4707413409
1036 44 22.4707413409
1037 44 22.4707413409
1038 44 22.4707413409
1039 44 22.4707413409
1040 44 22.4707413409
1041 44 22.4707413409
1042 44 22.4707413409
1043 44 22.4707413409
1044 44 22.4707413409
1045 44 22.4707413409
1046 44 22.4707413409
1047 44 22.4707413409
1048 44 22.4707413409
1049 44 22.4707413409
1050 44 22.4707413409
1051 44 22.4707413409
1052 44 22.4707413409
1053 44 22.4707413409
1054 44 22.4707413409
1055 44 22.4707413409
1056 44 22.4707413409
1057 44 22.4707413409
1058 44 22.4707413409
1059 44 22.4707413409
1060 44 22.4707413409
1061 44 22.4707413409
1062 44 22.4707413409
1063 44 22.4707413409
1064 44 22.4707413409
1065 44 22.4707413409
1066 44 22.4707413409
1067 44 22.4707413409
1068 44 22.4707413409
1069 44 22.4707413409
1070 44 22.4707413409
1071 44 22.4707413409
1072 45 25.583429009
1073 45 25.583429009
1074 45 25.583429009
1075 45 25.583429009
1076 45 25.583429009
1077 45 25.583429009
1078 45 25.583429009
1079 45 25.583429009
1080 45 25.583429009
1081 45 25.583429009
1082 45 25.583429009
