1 0 28.0962561287
2 0 28.0962561287
3 0 28.0962561287
4 0 28.0962561287
5 0 28.0962561287
6 0 28.0962561287
7 0 28.0962561287
8 0 28.0962561287
9 0 28.0962561287
10 0 28.0962561287
11 0 28.0962561287
12 0 28.0962561287
13 0 28.0962561287
14 0 28.0962561287
15 0 28.0962561287
16 0 28.0962561287
17 0 28.0962561287
18 0 28.0962561287
19 0 28.0962561287
20 0 28.0962561287
21 1 27.3499245976
22 1 27.3499245976
23 1 27.3499245976
24 1 27.3499245976
25 1 27.3499245976
26 1 27.3499245976
27 1 27.3499245976
28 1 27.3499245976
29 1 27.3499245976
30 1 27.3499245976
31 1 27.3499245976
32 1 27.3499245976
33 1 27.3499245976
34 1 27.3499245976
35 1 27.3499245976
36 1 27.3499245976
37 1 27.3499245976
38 1 27.3499245976
39 1 27.3499245976
40 1 27.3499245976
41 2 22.3082819473
42 2 22.3082819473
43 2 22.3082819473
44 2 22.3082819473
45 2 22.3082819473
46 2 22.3082819473
47 2 22.3082819473
48 2 22.3082819473
49 2 22.3082819473
50 2 22.3082819473
51 2 22.3082819473
52 2 22.3082819473
53 2 22.3082819473
54 2 22.3082819473
55 2 22.3082819473
56 2 22.3082819473
57 2 22.3082819473
58 2 22.3082819473
59 2 22.3082819473
60 2 22.3082819473
61 3 20.7662058057
62 3 20.7662058057
63 3 20.7662058057
64 3 20.7662058057
65 3 20.7662058057
66 3 20.7662058057
67 3 20.7662058057
68 3 20.7662058057
69 3 20.7662058057
70 3 20.7662058057
71 3 20.7662058057
72 3 20.7662058057
73 3 20.7662058057
74 3 20.7662058057
75 3 20.7662058057
76 3 20.7662058057
77 3 20.7662058057
78 3 20.7662058057
79 3 20.7662058057
80 3 20.7662058057
81 4 22.7053326479
82 4 22.7053326479
83 4 22.7053326479
84 4 22.7053326479
85 4 22.7053326479
86 4 22.7053326479
87 4 22.7053326479
88 4 22.7053326479
89 4 22.7053326479
90 4 22.7053326479
91 4 22.7053326479
92 4 22.7053326479
93 4 22.7053326479
94 4 22.7053326479
95 4 22.7053326479
96 4 22.7053326479
97 4 22.7053326479
98 4 22.7053326479
99 4 22.7053326479
100 4 22.7053326479
101 5 20.4602934349
102 5 20.4602934349
103 5 20.4602934349
104 5 20.4602934349
105 5 20.4602934349
106 5 20.4602934349
107 5 20.4602934349
108 5 20.4602934349
109 5 20.4602934349
110 5 20.4602934349
111 5 20.4602934349
112 5 20.4602934349
113 5 20.4602934349
114 5 20.4602934349
115 5 20.4602934349
116 5 20.4602934349
117 5 20.4602934349
118 5 20.4602934349
119 5 20.4602934349
120 5 20.4602934349
121 6 17.7590743864
122 6 17.7590743864
123 6 17.7590743864
124 6 17.7590743864
125 6 17.7590743864
126 6 17.7590743864
127 6 17.7590743864
128 6 17.7590743864
129 6 17.7590743864
130 6 17.7590743864
131 6 17.7590743864
132 6 17.7590743864
133 6 17.7590743864
134 6 17.7590743864
135 6 17.7590743864
136 6 17.7590743864
137 6 17.7590743864
138 6 17.7590743864
139 6 17.7590743864
140 6 17.7590743864
141 7 19.6916737316
142 7 19.6916737316
143 7 19.6916737316
144 7 19.6916737316
145 7 19.6916737316
146 7 19.6916737316
147 7 19.6916737316
148 7 19.6916737316
149 7 19.6916737316
150 7 19.6916737316
151 7 19.6916737316
152 7 19.6916737316
153 7 19.6916737316
154 7 19.6916737316
155 7 19.6916737316
156 7 19.6916737316
157 7 19.6916737316
158 7 19.6916737316
159 7 19.6916737316
160 7 19.6916737316
161 8 15.6286438188
162 8 15.6286438188
163 8 15.6286438188
164 8 15.6286438188
165 8 15.6286438188
166 8 15.6286438188
167 8 15.6286438188
168 8 15.6286438188
169 8 15.6286438188
170 8 15.6286438188
171 8 15.6286438188
172 8 15.6286438188
173 8 15.6286438188
174 8 15.6286438188
175 8 15.6286438188
176 8 15.6286438188
177 8 15.6286438188
178 8 15.6286438188
179 8 15.6286438188
180 8 15.6286438188
181 9 16.5202498709
182 9 16.5202498709
183 9 16.5202498709
184 9 16.5202498709
185 9 16.5202498709
186 9 16.5202498709
187 9 16.5202498709
188 9 16.5202498709
189 9 16.5202498709
190 9 16.5202498709
191 9 16.5202498709
192 9 16.5202498709
193 9 16.5202498709
194 9 16.5202498709
195 9 16.5202498709
196 9 16.5202498709
197 9 16.5202498709
198 9 16.5202498709
199 9 16.5202498709
200 9 16.5202498709
201 10 23.3512352264
202 10 23.3512352264
203 10 23.3512352264
204 10 23.3512352264
205 10 23.3512352264
206 10 23.3512352264
207 10 23.3512352264
208 10 23.3512352264
209 10 23.3512352264
210 10 23.3512352264
211 10 23.3512352264
212 10 23.3512352264
213 10 23.3512352264
214 10 23.3512352264
215 10 23.3512352264
216 10 23.3512352264
217 10 23.3512352264
218 10 23.3512352264
219 10 23.3512352264
220 10 23.3512352264
