1 0 17.4581496549
2 0 17.4581496549
3 0 17.4581496549
4 0 17.4581496549
5 0 17.4581496549
6 0 17.4581496549
7 0 17.4581496549
8 0 17.4581496549
9 0 17.4581496549
10 0 17.4581496549
11 0 17.4581496549
12 0 17.4581496549
13 0 17.4581496549
14 0 17.4581496549
15 0 17.4581496549
16 0 17.4581496549
17 0 17.4581496549
18 0 17.4581496549
19 0 17.4581496549
20 0 17.4581496549
21 0 17.4581496549
22 0 17.4581496549
23 0 17.4581496549
24 0 17.4581496549
25 0 17.4581496549
26 0 17.4581496549
27 0 17.4581496549
28 0 17.4581496549
29 0 17.4581496549
30 0 17.4581496549
31 0 17.4581496549
32 0 17.4581496549
33 0 17.4581496549
34 0 17.4581496549
35 0 17.4581496549
36 0 17.4581496549
37 0 17.4581496549
38 0 17.4581496549
39 0 17.4581496549
40 0 17.4581496549
41 1 20.6065040976
42 1 20.6065040976
43 1 20.6065040976
44 1 20.6065040976
45 1 20.6065040976
46 1 20.6065040976
47 1 20.6065040976
48 1 20.6065040976
49 1 20.6065040976
50 1 20.6065040976
51 1 20.6065040976
52 1 20.6065040976
53 1 20.6065040976
54 1 20.6065040976
55 1 20.6065040976
56 1 20.6065040976
57 1 20.6065040976
58 1 20.6065040976
59 1 20.6065040976
60 1 20.6065040976
61 1 20.6065040976
62 1 20.6065040976
63 1 20.6065040976
64 1 20.6065040976
65 1 20.6065040976
66 1 20.6065040976
67 1 20.6065040976
68 1 20.6065040976
69 1 20.6065040976
70 1 20.6065040976
71 1 20.6065040976
72 1 20.6065040976
73 1 20.6065040976
74 1 20.6065040976
75 1 20.6065040976
76 1 20.6065040976
77 1 20.6065040976
78 1 20.6065040976
79 1 20.6065040976
80 1 20.6065040976
81 2 22.1548471658
82 2 22.1548471658
83 2 22.1548471658
84 2 22.1548471658
85 2 22.1548471658
86 2 22.1548471658
87 2 22.1548471658
88 2 22.1548471658
89 2 22.1548471658
90 2 22.1548471658
91 2 22.1548471658
92 2 22.1548471658
93 2 22.1548471658
94 2 22.1548471658
95 2 22.1548471658
96 2 22.1548471658
97 2 22.1548471658
98 2 22.1548471658
99 2 22.1548471658
100 2 22.1548471658
101 2 22.1548471658
102 2 22.1548471658
103 2 22.1548471658
104 2 22.1548471658
105 2 22.1548471658
106 2 22.1548471658
107 2 22.1548471658
108 2 22.1548471658
109 2 22.1548471658
110 2 22.1548471658
111 2 22.1548471658
112 2 22.1548471658
113 2 22.1548471658
114 2 22.1548471658
115 2 22.1548471658
116 2 22.1548471658
117 2 22.1548471658
118 2 22.1548471658
119 2 22.1548471658
120 2 22.1548471658
121 3 22.5746220967
122 3 22.5746220967
123 3 22.5746220967
124 3 22.5746220967
125 3 22.5746220967
126 3 22.5746220967
127 3 22.5746220967
128 3 22.5746220967
129 3 22.5746220967
130 3 22.5746220967
131 3 22.5746220967
132 3 22.5746220967
133 3 22.5746220967
134 3 22.5746220967
135 3 22.5746220967
136 3 22.5746220967
137 3 22.5746220967
138 3 22.5746220967
139 3 22.5746220967
140 3 22.5746220967
141 3 22.5746220967
142 3 22.5746220967
143 3 22.5746220967
144 3 22.5746220967
145 3 22.5746220967
146 3 22.5746220967
147 3 22.5746220967
148 3 22.5746220967
149 3 22.5746220967
150 3 22.5746220967
151 3 22.5746220967
152 3 22.5746220967
153 3 22.5746220967
154 3 22.5746220967
155 3 22.5746220967
156 3 22.5746220967
157 3 22.5746220967
158 3 22.5746220967
159 3 22.5746220967
160 3 22.5746220967
161 4 27.5536381695
162 4 27.5536381695
163 4 27.5536381695
164 4 27.5536381695
165 4 27.5536381695
166 4 27.5536381695
167 4 27.5536381695
168 4 27.5536381695
169 4 27.5536381695
170 4 27.5536381695
171 4 27.5536381695
172 4 27.5536381695
173 4 27.5536381695
174 4 27.5536381695
175 4 27.5536381695
176 4 27.5536381695
177 4 27.5536381695
178 4 27.5536381695
179 4 27.5536381695
180 4 27.5536381695
181 4 27.5536381695
182 4 27.5536381695
183 4 27.5536381695
184 4 27.5536381695
185 4 27.5536381695
186 4 27.5536381695
187 4 27.5536381695
188 4 27.5536381695
189 4 27.5536381695
190 4 27.5536381695
191 4 27.5536381695
192 4 27.5536381695
193 4 27.5536381695
194 4 27.5536381695
195 4 27.5536381695
196 4 27.5536381695
197 4 27.5536381695
198 4 27.5536381695
199 4 27.5536381695
200 4 27.5536381695
201 5 27.5127764653
202 5 27.5127764653
203 5 27.5127764653
204 5 27.5127764653
205 5 27.5127764653
206 5 27.5127764653
207 5 27.5127764653
208 5 27.5127764653
209 5 27.5127764653
210 5 27.5127764653
211 5 27.5127764653
212 5 27.5127764653
213 5 27.5127764653
214 5 27.5127764653
215 5 27.5127764653
216 5 27.5127764653
217 5 27.5127764653
218 5 27.5127764653
219 5 27.5127764653
220 5 27.5127764653
221 5 27.5127764653
222 5 27.5127764653
223 5 27.5127764653
224 5 27.5127764653
225 5 27.5127764653
226 5 27.5127764653
227 5 27.5127764653
228 5 27.5127764653
229 5 27.5127764653
230 5 27.5127764653
231 5 27.5127764653
232 5 27.5127764653
233 5 27.5127764653
234 5 27.5127764653
235 5 27.5127764653
236 5 27.5127764653
237 5 27.5127764653
238 5 27.5127764653
239 5 27.5127764653
240 5 27.5127764653
241 6 31.0958614809
242 6 31.0958614809
243 6 31.0958614809
244 6 31.0958614809
245 6 31.0958614809
246 6 31.0958614809
247 6 31.0958614809
248 6 31.0958614809
249 6 31.0958614809
250 6 31.0958614809
251 6 31.0958614809
252 6 31.0958614809
253 6 31.0958614809
254 6 31.0958614809
255 6 31.0958614809
256 6 31.0958614809
257 6 31.0958614809
258 6 31.0958614809
259 6 31.0958614809
260 6 31.0958614809
261 6 31.0958614809
262 6 31.0958614809
263 6 31.0958614809
264 6 31.0958614809
265 6 31.0958614809
266 6 31.0958614809
267 6 31.0958614809
268 6 31.0958614809
269 6 31.0958614809
270 6 31.0958614809
271 6 31.0958614809
272 6 31.0958614809
273 6 31.0958614809
274 6 31.0958614809
275 6 31.0958614809
276 6 31.0958614809
277 6 31.0958614809
278 6 31.0958614809
279 6 31.0958614809
280 6 31.0958614809
281 7 25.3491497085
282 7 25.3491497085
283 7 25.3491497085
284 7 25.3491497085
285 7 25.3491497085
286 7 25.3491497085
287 7 25.3491497085
288 7 25.3491497085
289 7 25.3491497085
290 7 25.3491497085
291 7 25.3491497085
292 7 25.3491497085
293 7 25.3491497085
294 7 25.3491497085
295 7 25.3491497085
296 7 25.3491497085
297 7 25.3491497085
298 7 25.3491497085
299 7 25.3491497085
300 7 25.3491497085
301 7 25.3491497085
302 7 25.3491497085
303 7 25.3491497085
304 7 25.3491497085
305 7 25.3491497085
306 7 25.3491497085
307 7 25.3491497085
308 7 25.3491497085
309 7 25.3491497085
310 7 25.3491497085
311 7 25.3491497085
312 7 25.3491497085
313 7 25.3491497085
314 7 25.3491497085
315 7 25.3491497085
316 7 25.3491497085
317 7 25.3491497085
318 7 25.3491497085
319 7 25.3491497085
320 7 25.3491497085
321 8 34.0229589779
322 8 34.0229589779
323 8 34.0229589779
324 8 34.0229589779
325 8 34.0229589779
326 8 34.0229589779
327 8 34.0229589779
328 8 34.0229589779
329 8 34.0229589779
330 8 34.0229589779
331 8 34.0229589779
332 8 34.0229589779
333 8 34.0229589779
334 8 34.0229589779
335 8 34.0229589779
336 8 34.0229589779
337 8 34.0229589779
338 8 34.0229589779
339 8 34.0229589779
340 8 34.0229589779
341 8 34.0229589779
342 8 34.0229589779
343 8 34.0229589779
344 8 34.0229589779
345 8 34.0229589779
346 8 34.0229589779
347 8 34.0229589779
348 8 34.0229589779
349 8 34.0229589779
350 8 34.0229589779
351 8 34.0229589779
352 8 34.0229589779
353 8 34.0229589779
354 8 34.0229589779
355 8 34.0229589779
356 8 34.0229589779
357 8 34.0229589779
358 8 34.0229589779
359 8 34.0229589779
360 8 34.0229589779
361 9 39.9121221959
362 9 39.9121221959
363 9 39.9121221959
364 9 39.9121221959
365 9 39.9121221959
366 9 39.9121221959
367 9 39.9121221959
368 9 39.9121221959
369 9 39.9121221959
370 9 39.9121221959
371 9 39.9121221959
372 9 39.9121221959
373 9 39.9121221959
374 9 39.9121221959
375 9 39.9121221959
376 9 39.9121221959
377 9 39.9121221959
378 9 39.9121221959
379 9 39.9121221959
380 9 39.9121221959
381 9 39.9121221959
382 9 39.9121221959
383 9 39.9121221959
384 9 39.9121221959
385 9 39.9121221959
386 9 39.9121221959
387 9 39.9121221959
388 9 39.9121221959
389 9 39.9121221959
390 9 39.9121221959
391 9 39.9121221959
392 9 39.9121221959
393 9 39.9121221959
394 9 39.9121221959
395 9 39.9121221959
396 9 39.9121221959
397 9 39.9121221959
398 9 39.9121221959
399 9 39.9121221959
400 9 39.9121221959
401 10 42.3575623397
402 10 42.3575623397
403 10 42.3575623397
404 10 42.3575623397
405 10 42.3575623397
406 10 42.3575623397
407 10 42.3575623397
408 10 42.3575623397
409 10 42.3575623397
410 10 42.3575623397
411 10 42.3575623397
412 10 42.3575623397
413 10 42.3575623397
414 10 42.3575623397
415 10 42.3575623397
416 10 42.3575623397
417 10 42.3575623397
418 10 42.3575623397
419 10 42.3575623397
420 10 42.3575623397
421 10 42.3575623397
422 10 42.3575623397
423 10 42.3575623397
424 10 42.3575623397
425 10 42.3575623397
426 10 42.3575623397
427 10 42.3575623397
428 10 42.3575623397
429 10 42.3575623397
430 10 42.3575623397
431 10 42.3575623397
432 10 42.3575623397
433 10 42.3575623397
434 10 42.3575623397
435 10 42.3575623397
436 10 42.3575623397
