1 0 14.1796105978
2 0 14.1796105978
3 0 14.1796105978
4 0 14.1796105978
5 0 14.1796105978
6 0 14.1796105978
7 0 14.1796105978
8 0 14.1796105978
9 0 14.1796105978
10 0 14.1796105978
11 0 14.1796105978
12 0 14.1796105978
13 0 14.1796105978
14 0 14.1796105978
15 0 14.1796105978
16 0 14.1796105978
17 0 14.1796105978
18 0 14.1796105978
19 0 14.1796105978
20 0 14.1796105978
21 1 13.3716235687
22 1 13.3716235687
23 1 13.3716235687
24 1 13.3716235687
25 1 13.3716235687
26 1 13.3716235687
27 1 13.3716235687
28 1 13.3716235687
29 1 13.3716235687
30 1 13.3716235687
31 1 13.3716235687
32 1 13.3716235687
33 1 13.3716235687
34 1 13.3716235687
35 1 13.3716235687
36 1 13.3716235687
37 1 13.3716235687
38 1 13.3716235687
39 1 13.3716235687
40 1 13.3716235687
41 2 10.8327839811
42 2 10.8327839811
43 2 10.8327839811
44 2 10.8327839811
45 2 10.8327839811
46 2 10.8327839811
47 2 10.8327839811
48 2 10.8327839811
49 2 10.8327839811
50 2 10.8327839811
51 2 10.8327839811
52 2 10.8327839811
53 2 10.8327839811
54 2 10.8327839811
55 2 10.8327839811
56 2 10.8327839811
57 2 10.8327839811
58 2 10.8327839811
59 2 10.8327839811
60 2 10.8327839811
61 3 12.354993559
62 3 12.354993559
63 3 12.354993559
64 3 12.354993559
65 3 12.354993559
66 3 12.354993559
67 3 12.354993559
68 3 12.354993559
69 3 12.354993559
70 3 12.354993559
71 3 12.354993559
72 3 12.354993559
73 3 12.354993559
74 3 12.354993559
75 3 12.354993559
76 3 12.354993559
77 3 12.354993559
78 3 12.354993559
79 3 12.354993559
80 3 12.354993559
81 4 14.1789368679
82 4 14.1789368679
83 4 14.1789368679
84 4 14.1789368679
85 4 14.1789368679
86 4 14.1789368679
87 4 14.1789368679
88 4 14.1789368679
89 4 14.1789368679
90 4 14.1789368679
91 4 14.1789368679
92 4 14.1789368679
93 4 14.1789368679
94 4 14.1789368679
95 4 14.1789368679
96 4 14.1789368679
97 4 14.1789368679
98 4 14.1789368679
99 4 14.1789368679
100 4 14.1789368679
101 5 7.49757844183
102 5 7.49757844183
103 5 7.49757844183
104 5 7.49757844183
105 5 7.49757844183
106 5 7.49757844183
107 5 7.49757844183
108 5 7.49757844183
109 5 7.49757844183
110 5 7.49757844183
111 5 7.49757844183
112 5 7.49757844183
113 5 7.49757844183
114 5 7.49757844183
115 5 7.49757844183
116 5 7.49757844183
117 5 7.49757844183
118 5 7.49757844183
119 5 7.49757844183
120 5 7.49757844183
121 6 18.3551943661
122 6 18.3551943661
123 6 18.3551943661
124 6 18.3551943661
125 6 18.3551943661
126 6 18.3551943661
127 6 18.3551943661
128 6 18.3551943661
129 6 18.3551943661
130 6 18.3551943661
131 6 18.3551943661
132 6 18.3551943661
133 6 18.3551943661
134 6 18.3551943661
135 6 18.3551943661
136 6 18.3551943661
137 6 18.3551943661
138 6 18.3551943661
139 6 18.3551943661
140 6 18.3551943661
141 7 12.0666975324
142 7 12.0666975324
143 7 12.0666975324
144 7 12.0666975324
145 7 12.0666975324
146 7 12.0666975324
147 7 12.0666975324
148 7 12.0666975324
149 7 12.0666975324
150 7 12.0666975324
151 7 12.0666975324
152 7 12.0666975324
153 7 12.0666975324
154 7 12.0666975324
155 7 12.0666975324
156 7 12.0666975324
157 7 12.0666975324
158 7 12.0666975324
159 7 12.0666975324
160 7 12.0666975324
161 8 18.2150505161
162 8 18.2150505161
163 8 18.2150505161
164 8 18.2150505161
165 8 18.2150505161
166 8 18.2150505161
167 8 18.2150505161
168 8 18.2150505161
169 8 18.2150505161
170 8 18.2150505161
171 8 18.2150505161
172 8 18.2150505161
173 8 18.2150505161
174 8 18.2150505161
175 8 18.2150505161
176 8 18.2150505161
177 8 18.2150505161
178 8 18.2150505161
179 8 18.2150505161
180 8 18.2150505161
181 9 14.4447599513
182 9 14.4447599513
183 9 14.4447599513
184 9 14.4447599513
185 9 14.4447599513
186 9 14.4447599513
187 9 14.4447599513
188 9 14.4447599513
189 9 14.4447599513
190 9 14.4447599513
191 9 14.4447599513
192 9 14.4447599513
193 9 14.4447599513
194 9 14.4447599513
195 9 14.4447599513
196 9 14.4447599513
197 9 14.4447599513
198 9 14.4447599513
199 9 14.4447599513
200 9 14.4447599513
201 10 18.7847565814
202 10 18.7847565814
203 10 18.7847565814
204 10 18.7847565814
205 10 18.7847565814
206 10 18.7847565814
207 10 18.7847565814
208 10 18.7847565814
209 10 18.7847565814
210 10 18.7847565814
211 10 18.7847565814
212 10 18.7847565814
213 10 18.7847565814
214 10 18.7847565814
215 10 18.7847565814
216 10 18.7847565814
217 10 18.7847565814
218 10 18.7847565814
219 10 18.7847565814
220 10 18.7847565814
221 11 14.0415116573
222 11 14.0415116573
223 11 14.0415116573
224 11 14.0415116573
225 11 14.0415116573
226 11 14.0415116573
227 11 14.0415116573
228 11 14.0415116573
229 11 14.0415116573
230 11 14.0415116573
231 11 14.0415116573
232 11 14.0415116573
233 11 14.0415116573
234 11 14.0415116573
235 11 14.0415116573
236 11 14.0415116573
237 11 14.0415116573
238 11 14.0415116573
239 11 14.0415116573
240 11 14.0415116573
241 12 16.7983231326
242 12 16.7983231326
243 12 16.7983231326
244 12 16.7983231326
245 12 16.7983231326
246 12 16.7983231326
247 12 16.7983231326
248 12 16.7983231326
249 12 16.7983231326
250 12 16.7983231326
251 12 16.7983231326
252 12 16.7983231326
253 12 16.7983231326
254 12 16.7983231326
255 12 16.7983231326
256 12 16.7983231326
257 12 16.7983231326
258 12 16.7983231326
259 12 16.7983231326
260 12 16.7983231326
261 13 14.8866318756
262 13 14.8866318756
263 13 14.8866318756
264 13 14.8866318756
265 13 14.8866318756
266 13 14.8866318756
267 13 14.8866318756
268 13 14.8866318756
269 13 14.8866318756
270 13 14.8866318756
271 13 14.8866318756
272 13 14.8866318756
273 13 14.8866318756
274 13 14.8866318756
275 13 14.8866318756
276 13 14.8866318756
277 13 14.8866318756
278 13 14.8866318756
279 13 14.8866318756
280 13 14.8866318756
281 14 24.1431921893
282 14 24.1431921893
283 14 24.1431921893
284 14 24.1431921893
285 14 24.1431921893
286 14 24.1431921893
287 14 24.1431921893
288 14 24.1431921893
289 14 24.1431921893
290 14 24.1431921893
291 14 24.1431921893
292 14 24.1431921893
293 14 24.1431921893
294 14 24.1431921893
295 14 24.1431921893
296 14 24.1431921893
297 14 24.1431921893
298 14 24.1431921893
299 14 24.1431921893
300 14 24.1431921893
301 15 20.3463250307
302 15 20.3463250307
303 15 20.3463250307
304 15 20.3463250307
305 15 20.3463250307
306 15 20.3463250307
307 15 20.3463250307
308 15 20.3463250307
309 15 20.3463250307
310 15 20.3463250307
311 15 20.3463250307
312 15 20.3463250307
313 15 20.3463250307
314 15 20.3463250307
315 15 20.3463250307
316 15 20.3463250307
317 15 20.3463250307
318 15 20.3463250307
319 15 20.3463250307
320 15 20.3463250307
321 16 17.4343527319
322 16 17.4343527319
323 16 17.4343527319
324 16 17.4343527319
325 16 17.4343527319
326 16 17.4343527319
327 16 17.4343527319
328 16 17.4343527319
329 16 17.4343527319
330 16 17.4343527319
331 16 17.4343527319
332 16 17.4343527319
333 16 17.4343527319
334 16 17.4343527319
335 16 17.4343527319
336 16 17.4343527319
337 16 17.4343527319
338 16 17.4343527319
339 16 17.4343527319
340 16 17.4343527319
341 17 24.2210676748
342 17 24.2210676748
343 17 24.2210676748
344 17 24.2210676748
345 17 24.2210676748
346 17 24.2210676748
347 17 24.2210676748
348 17 24.2210676748
349 17 24.2210676748
350 17 24.2210676748
351 17 24.2210676748
352 17 24.2210676748
353 17 24.2210676748
354 17 24.2210676748
355 17 24.2210676748
356 17 24.2210676748
357 17 24.2210676748
358 17 24.2210676748
359 17 24.2210676748
360 17 24.2210676748
361 18 29.0637762909
362 18 29.0637762909
363 18 29.0637762909
364 18 29.0637762909
365 18 29.0637762909
366 18 29.0637762909
367 18 29.0637762909
368 18 29.0637762909
369 18 29.0637762909
370 18 29.0637762909
371 18 29.0637762909
372 18 29.0637762909
373 18 29.0637762909
374 18 29.0637762909
375 18 29.0637762909
376 18 29.0637762909
377 18 29.0637762909
378 18 29.0637762909
379 18 29.0637762909
380 18 29.0637762909
381 19 22.9038861963
382 19 22.9038861963
383 19 22.9038861963
384 19 22.9038861963
385 19 22.9038861963
386 19 22.9038861963
387 19 22.9038861963
388 19 22.9038861963
389 19 22.9038861963
390 19 22.9038861963
391 19 22.9038861963
392 19 22.9038861963
393 19 22.9038861963
394 19 22.9038861963
395 19 22.9038861963
396 19 22.9038861963
397 19 22.9038861963
398 19 22.9038861963
399 19 22.9038861963
400 19 22.9038861963
401 20 23.9511385545
402 20 23.9511385545
403 20 23.9511385545
404 20 23.9511385545
405 20 23.9511385545
406 20 23.9511385545
407 20 23.9511385545
408 20 23.9511385545
409 20 23.9511385545
410 20 23.9511385545
411 20 23.9511385545
412 20 23.9511385545
413 20 23.9511385545
414 20 23.9511385545
415 20 23.9511385545
416 20 23.9511385545
417 20 23.9511385545
418 20 23.9511385545
419 20 23.9511385545
420 20 23.9511385545
421 21 17.2249136446
422 21 17.2249136446
423 21 17.2249136446
424 21 17.2249136446
425 21 17.2249136446
426 21 17.2249136446
427 21 17.2249136446
428 21 17.2249136446
429 21 17.2249136446
430 21 17.2249136446
431 21 17.2249136446
432 21 17.2249136446
433 21 17.2249136446
434 21 17.2249136446
435 21 17.2249136446
436 21 17.2249136446
437 21 17.2249136446
438 21 17.2249136446
439 21 17.2249136446
440 21 17.2249136446
441 22 17.1271948522
442 22 17.1271948522
443 22 17.1271948522
444 22 17.1271948522
445 22 17.1271948522
446 22 17.1271948522
447 22 17.1271948522
448 22 17.1271948522
449 22 17.1271948522
450 22 17.1271948522
451 22 17.1271948522
452 22 17.1271948522
453 22 17.1271948522
454 22 17.1271948522
455 22 17.1271948522
456 22 17.1271948522
457 22 17.1271948522
458 22 17.1271948522
459 22 17.1271948522
460 22 17.1271948522
461 23 19.6998033809
462 23 19.6998033809
463 23 19.6998033809
464 23 19.6998033809
465 23 19.6998033809
466 23 19.6998033809
467 23 19.6998033809
468 23 19.6998033809
469 23 19.6998033809
470 23 19.6998033809
471 23 19.6998033809
472 23 19.6998033809
473 23 19.6998033809
474 23 19.6998033809
475 23 19.6998033809
476 23 19.6998033809
477 23 19.6998033809
478 23 19.6998033809
479 23 19.6998033809
480 23 19.6998033809
481 24 19.941641848
482 24 19.941641848
483 24 19.941641848
484 24 19.941641848
485 24 19.941641848
486 24 19.941641848
487 24 19.941641848
488 24 19.941641848
489 24 19.941641848
490 24 19.941641848
491 24 19.941641848
492 24 19.941641848
493 24 19.941641848
494 24 19.941641848
495 24 19.941641848
496 24 19.941641848
497 24 19.941641848
498 24 19.941641848
499 24 19.941641848
500 24 19.941641848
501 25 21.1954291018
502 25 21.1954291018
503 25 21.1954291018
504 25 21.1954291018
505 25 21.1954291018
506 25 21.1954291018
507 25 21.1954291018
508 25 21.1954291018
509 25 21.1954291018
510 25 21.1954291018
511 25 21.1954291018
512 25 21.1954291018
513 25 21.1954291018
514 25 21.1954291018
515 25 21.1954291018
516 25 21.1954291018
517 25 21.1954291018
518 25 21.1954291018
519 25 21.1954291018
520 25 21.1954291018
521 26 26.0370006512
522 26 26.0370006512
523 26 26.0370006512
524 26 26.0370006512
525 26 26.0370006512
526 26 26.0370006512
527 26 26.0370006512
528 26 26.0370006512
529 26 26.0370006512
530 26 26.0370006512
531 26 26.0370006512
532 26 26.0370006512
533 26 26.0370006512
534 26 26.0370006512
535 26 26.0370006512
536 26 26.0370006512
537 26 26.0370006512
538 26 26.0370006512
539 26 26.0370006512
540 26 26.0370006512
541 27 25.6618781352
542 27 25.6618781352
543 27 25.6618781352
544 27 25.6618781352
545 27 25.6618781352
546 27 25.6618781352
547 27 25.6618781352
548 27 25.6618781352
549 27 25.6618781352
550 27 25.6618781352
551 27 25.6618781352
552 27 25.6618781352
553 27 25.6618781352
554 27 25.6618781352
555 27 25.6618781352
556 27 25.6618781352
557 27 25.6618781352
558 27 25.6618781352
559 27 25.6618781352
560 27 25.6618781352
561 28 31.5428999765
562 28 31.5428999765
563 28 31.5428999765
564 28 31.5428999765
565 28 31.5428999765
566 28 31.5428999765
