8 0 18.0759116704
9 1 19.4376674703
10 2 21.6353963574
11 3 22.7561925402
12 4 24.5381775815
13 5 25.6056128263
14 6 24.9309485521
15 7 23.3698449248
16 8 21.4133756444
17 9 19.5238306017
18 10 17.9743063739
19 11 16.1473889355
20 12 14.7187996322
21 13 13.3497870303
22 14 11.4990436241
23 15 11.073006292
24 16 12.1635623271
25 17 11.9264429752
26 18 13.4074804388
27 19 14.3516425848
28 20 13.8838827526
29 21 14.3357196932
30 22 15.8135101336
31 23 16.4315203602
32 24 15.989296209
33 25 15.5099051197
34 26 13.8402085248
35 27 14.4971843772
36 28 14.658593475
37 29 16.4608434114
38 30 17.0878036314
39 31 18.9240194832
40 32 20.7320295225
41 33 22.2982209775
42 34 24.3737155908
43 35 25.385780144
44 36 26.9947694493
45 37 26.2603903089
46 38 26.5807821087
47 39 25.4990300898
48 40 23.9669199169
49 41 22.9138464998
50 42 26.8014781382
51 42 26.8014781382
52 42 26.8014781382
53 42 26.8014781382
54 42 26.8014781382
55 42 26.8014781382
56 42 26.8014781382
57 42 26.8014781382
58 42 26.8014781382
59 42 26.8014781382
60 42 26.8014781382
61 42 26.8014781382
62 42 26.8014781382
63 42 26.8014781382
64 42 26.8014781382
65 42 26.8014781382
66 42 26.8014781382
67 42 26.8014781382
68 42 26.8014781382
69 42 26.8014781382
70 42 26.8014781382
71 42 26.8014781382
72 42 26.8014781382
73 42 26.8014781382
74 42 26.8014781382
75 42 26.8014781382
76 42 26.8014781382
77 42 26.8014781382
78 42 26.8014781382
79 42 26.8014781382
80 42 26.8014781382
81 42 26.8014781382
82 42 26.8014781382
83 42 26.8014781382
84 42 26.8014781382
85 42 26.8014781382
86 42 26.8014781382
87 42 26.8014781382
88 42 26.8014781382
89 42 26.8014781382
90 43 25.8201056076
91 43 25.8201056076
92 43 25.8201056076
93 43 25.8201056076
94 44 22.6824349307
95 45 21.722837763
96 46 22.8692821404
97 47 21.3661312857
98 48 19.3875127828
99 49 17.9899076995
100 50 16.4974357925
101 51 14.7691018645
102 52 13.19235494
103 53 12.0749901614
104 54 12.4318474349
105 55 13.2346142369
106 56 12.8180575112
107 57 14.9073247483
108 58 16.8215742701
109 59 18.4297107858
110 60 20.1327238501
111 61 20.4329520812
112 62 22.2497510703
113 63 22.8072562172
114 64 24.676285427
115 65 24.6132081906
116 66 23.3823901713
117 67 24.3557068164
118 68 22.9088024205
119 69 21.8329119524
120 70 19.8705238955
121 71 18.6395989337
122 72 16.7642081852
123 73 15.1829069847
124 74 13.4512165467
125 75 12.122134207
126 76 10.5287533597
127 77 9.95450010721
128 78 10.2376624838
129 79 11.5705750456
130 80 13.2762155053
131 81 14.6818956753
132 82 16.6510024023
133 83 18.0214236609
134 84 20.0236305666
135 85 21.4419716225
136 86 23.1286115258
137 87 24.5965217377
138 88 24.4154894733
139 89 24.6529650768
140 90 24.2647209354
141 91 22.3035661094
142 92 20.4065326831
143 93 19.4970834552
144 94 17.7478857582
145 95 17.6283088522
146 96 16.0983057604
147 97 14.2388936525
148 98 13.0757376076
149 99 11.4805168577
150 100 11.5952939429
151 101 13.7431748548
152 101 13.7431748548
153 101 13.7431748548
154 101 13.7431748548
155 101 13.7431748548
156 101 13.7431748548
157 101 13.7431748548
158 101 13.7431748548
159 101 13.7431748548
160 101 13.7431748548
161 101 13.7431748548
162 101 13.7431748548
163 101 13.7431748548
164 101 13.7431748548
165 102 10.5763100092
166 103 9.39782704731
167 104 8.91297833361
168 105 9.66154602122
169 106 11.339565871
170 107 12.1294311108
171 108 14.0117630438
172 109 15.4768902075
173 110 16.9578841763
174 111 18.568032196
175 112 13.0571232369
176 112 13.0571232369
177 112 13.0571232369
178 112 13.0571232369
179 112 13.0571232369
180 112 13.0571232369
181 112 13.0571232369
182 112 13.0571232369
183 112 13.0571232369
184 112 13.0571232369
185 112 13.0571232369
186 112 13.0571232369
187 112 13.0571232369
188 112 13.0571232369
189 112 13.0571232369
190 112 13.0571232369
191 112 13.0571232369
192 112 13.0571232369
193 112 13.0571232369
194 112 13.0571232369
195 112 13.0571232369
196 112 13.0571232369
197 112 13.0571232369
198 112 13.0571232369
199 112 13.0571232369
200 112 13.0571232369
201 112 13.0571232369
202 112 13.0571232369
203 112 13.0571232369
204 112 13.0571232369
205 112 13.0571232369
206 112 13.0571232369
207 112 13.0571232369
208 112 13.0571232369
209 112 13.0571232369
210 112 13.0571232369
211 112 13.0571232369
212 112 13.0571232369
213 112 13.0571232369
214 112 13.0571232369
215 113 15.3035577057
216 113 15.3035577057
217 113 15.3035577057
218 113 15.3035577057
219 113 15.3035577057
220 113 15.3035577057
221 113 15.3035577057
222 113 15.3035577057
223 113 15.3035577057
224 113 15.3035577057
225 113 15.3035577057
226 113 15.3035577057
227 113 15.3035577057
228 113 15.3035577057
229 113 15.3035577057
230 113 15.3035577057
231 114 19.3167897614
232 115 21.1497525925
233 116 22.4388627934
234 117 22.3393973281
235 118 21.0309257613
236 119 21.1811865072
237 120 20.1157258434
238 121 18.3699866553
239 122 17.0073120692
240 123 15.3509013853
241 124 13.7118896405
242 125 12.2411399522
243 126 10.7510314767
244 127 9.29221404441
245 128 9.01792202996
246 129 9.70017768332
247 130 10.7607411845
248 131 12.3188725185
249 132 13.3414855363
250 133 15.0624281765
251 134 15.9721619437
252 135 17.7872344959
253 136 19.0110924099
254 137 20.1978028336
255 138 19.2487928569
256 139 19.0465121803
257 140 17.1861541634
258 141 17.3704400606
259 142 18.3102425689
260 143 17.1670216742
261 144 15.3977249143
262 145 15.3291672195
263 146 14.1122214357
264 147 15.2051071835
265 148 14.5338755748
266 149 14.4953221325
267 150 14.4080179367
268 151 13.2518349201
269 152 13.3472007543
270 153 12.0014121989
271 154 11.3198994064
272 155 9.92094971633
273 156 8.66987817155
274 157 7.83771555502
275 158 6.84080481794
276 159 7.8033711708
277 160 7.97774604263
278 161 7.49615408115
279 162 8.28061094025
280 163 9.47586902316
281 164 11.0107143895
282 165 11.7739867751
283 166 13.4144364888
284 167 14.9093256302
285 168 16.6518222353
286 169 17.7214164342
287 170 18.5814353223
288 171 20.5096987204
289 172 22.0073373607
290 173 22.2347803142
291 174 20.4028781014
292 175 19.8557799463
293 176 19.3967703182
294 177 18.1912223793
295 178 17.0178043709
296 179 16.1253242248
297 180 14.6191720879
298 181 12.8303977138
299 182 11.7145591518
300 183 10.1657416371
301 184 8.81275978703
302 185 8.41257059904
303 186 7.66695001964
304 187 8.86733347981
305 188 10.0795840374
306 189 11.0780945929
307 190 12.1147448587
308 191 12.5131680759
309 192 14.1167389953
310 193 14.5026618495
311 194 15.6624385144
312 195 15.9917338273
313 196 17.3037325287
314 197 18.2698147965
315 198 19.7952236756
316 199 20.6397574232
317 200 22.1952846061
318 201 23.1578608506
319 202 23.7103949839
320 203 22.1296949361
321 204 21.2572549543
322 205 20.6111080962
323 206 19.8296596493
324 207 18.9979286661
325 208 17.3296721389
326 209 16.0944852206
327 210 14.9243828818
328 211 13.638574609
329 212 13.1250241447
330 213 14.1772862051
331 214 13.8587538209
332 215 12.7962422122
333 216 13.4802530128
334 217 13.0433003558
335 218 13.754391765
336 219 13.5459354282
337 220 15.3046236347
338 221 14.5315751403
339 222 16.1977955179
340 223 14.9405452531
341 224 14.2252404111
342 225 12.2580098497
343 226 11.0863214965
344 227 10.658273424
345 228 9.40709707194
346 229 8.85305580262
347 230 9.56145304951
348 231 9.48921987076
349 232 9.68080775562
350 233 9.38709420456
351 234 9.25928286159
352 235 9.30054244809
353 236 10.7503757635
354 237 11.1838133373
355 238 13.1675646479
356 239 14.6758672711
357 240 16.8823335447
358 241 18.1280917466
359 242 19.8732578392
360 243 21.6825042565
361 244 22.5769281935
362 245 22.9143362742
363 246 24.3426035977
364 247 24.1501694457
365 248 25.4089247163
366 249 25.048792103
367 250 24.7225067561
368 251 24.262703691
369 252 22.7484400444
370 253 21.5585658117
371 254 20.6134324926
372 255 19.4182710021
373 256 18.3497579129
374 257 16.8276424969
375 258 16.1941854902
376 259 14.2249318444
377 260 13.4711382421
378 261 11.9699788444
379 262 10.5473511419
380 263 10.4892918666
381 264 11.1961948453
382 265 12.3237230129
383 266 13.4187907934
384 267 13.0100949209
385 268 14.222626613
386 269 15.2023973766
387 270 15.7867585814
388 271 17.1714995283
389 272 16.8224914614
390 273 18.058957226
391 274 17.1340742236
392 275 18.6156645508
393 276 17.9072088901
394 277 16.1629778653
395 278 16.5568468989
396 279 17.263633539
397 280 17.0525752548
398 281 18.7196463992
399 282 18.4389793306
400 283 17.122148359
401 284 17.1193708322
402 285 16.4275415665
403 286 16.2264419085
404 287 16.299645478
405 288 14.8227117199
406 289 14.0518475304
407 290 22.0903813148
408 290 22.0903813148
409 290 22.0903813148
410 290 22.0903813148
411 290 22.0903813148
412 290 22.0903813148
413 290 22.0903813148
414 290 22.0903813148
415 290 22.0903813148
416 290 22.0903813148
417 290 22.0903813148
418 290 22.0903813148
419 290 22.0903813148
420 290 22.0903813148
421 290 22.0903813148
422 290 22.0903813148
423 290 22.0903813148
424 290 22.0903813148
425 290 22.0903813148
426 290 22.0903813148
427 290 22.0903813148
428 290 22.0903813148
429 290 22.0903813148
430 290 22.0903813148
431 290 22.0903813148
432 290 22.0903813148
433 290 22.0903813148
434 290 22.0903813148
435 290 22.0903813148
436 290 22.0903813148
437 291 12.5452461491
438 292 11.6836424903
439 293 12.7267271755
440 294 12.950375927
441 295 14.9792209038
442 296 16.5471432391
443 297 18.8569929126
444 298 20.2997767543
445 299 22.5032157577
446 300 23.8181924103
447 301 24.0675122787
448 302 22.5171307284
449 303 22.5482449042
450 304 21.8629340641
451 305 19.7516857737
452 306 18.956612223
453 307 16.8170503885
454 308 15.5561779942
455 309 13.6307480472
456 310 12.5885060738
457 311 14.1137808955
458 312 15.7266392714
459 313 16.5324284586
460 314 17.4535187605
461 315 18.1208581732
462 316 19.7323811128
463 317 19.6335583098
464 318 20.9724099554
465 319 19.892046011
466 320 21.4198081652
467 321 21.3932958656
468 322 19.8512935519
469 323 20.734729299
470 324 19.8345986723
471 325 21.4394480222
472 326 20.9816658321
473 327 19.534195365
474 328 19.8372141449
475 329 18.9949868021
476 330 17.5791593493
477 331 25.2177383883
478 331 25.2177383883
479 331 25.2177383883
480 331 25.2177383883
481 331 25.2177383883
482 331 25.2177383883
483 331 25.2177383883
484 331 25.2177383883
485 331 25.2177383883
486 331 25.2177383883
487 331 25.2177383883
488 331 25.2177383883
489 331 25.2177383883
490 331 25.2177383883
491 331 25.2177383883
492 331 25.2177383883
493 331 25.2177383883
494 331 25.2177383883
495 331 25.2177383883
496 331 25.2177383883
497 331 25.2177383883
498 331 25.2177383883
499 331 25.2177383883
500 331 25.2177383883
501 331 25.2177383883
502 331 25.2177383883
503 332 17.2877583217
504 333 16.4423292679
505 334 14.747207341
506 335 13.5590756135
507 336 14.6243151407
508 337 14.0198456153
509 338 16.1637529889
510 339 18.0039356822
511 340 20.0073105332
512 341 22.1963282671
513 342 23.5674631291
514 343 23.6785459134
515 344 25.6876745669
516 345 26.238777474
517 346 25.0732021043
518 347 25.5917469457
519 348 24.4817692829
520 349 22.1284762986
521 350 20.3972600202
522 351 18.2488465694
523 352 16.6623814152
524 353 15.248180667
525 354 13.8375504478
526 355 15.043183384
527 356 16.4104942085
528 357 17.5166409702
529 358 18.2791411623
530 359 19.7779241931
531 360 21.6258579397
532 361 22.5448590173
533 362 24.2095754128
534 363 23.7800455539
535 364 24.9016402415
536 365 25.1853809594
537 366 26.1938496084
538 367 26.48459623
539 368 28.046617687
540 368 28.046617687
541 368 28.046617687
542 368 28.046617687
543 368 28.046617687
544 368 28.046617687
545 368 28.046617687
546 368 28.046617687
547 368 28.046617687
548 368 28.046617687
549 368 28.046617687
550 368 28.046617687
551 368 28.046617687
552 368 28.046617687
553 368 28.046617687
554 368 28.046617687
555 368 28.046617687
556 368 28.046617687
557 368 28.046617687
558 368 28.046617687
559 368 28.046617687
560 368 28.046617687
561 368 28.046617687
562 368 28.046617687
563 368 28.046617687
564 368 28.046617687
565 368 28.046617687
566 368 28.046617687
567 368 28.046617687
568 368 28.046617687
569 368 28.046617687
570 368 28.046617687
571 368 28.046617687
572 368 28.046617687
573 368 28.046617687
574 368 28.046617687
575 368 28.046617687
576 368 28.046617687
577 368 28.046617687
578 368 28.046617687
579 369 26.3388076318
580 369 26.3388076318
581 369 26.3388076318
582 369 26.3388076318
583 369 26.3388076318
584 369 26.3388076318
585 369 26.3388076318
586 369 26.3388076318
587 369 26.3388076318
588 369 26.3388076318
589 369 26.3388076318
590 369 26.3388076318
591 369 26.3388076318
592 369 26.3388076318
593 369 26.3388076318
594 369 26.3388076318
595 369 26.3388076318
596 369 26.3388076318
597 369 26.3388076318
598 369 26.3388076318
599 369 26.3388076318
600 369 26.3388076318
601 369 26.3388076318
602 369 26.3388076318
603 369 26.3388076318
604 369 26.3388076318
605 369 26.3388076318
606 369 26.3388076318
607 369 26.3388076318
608 369 26.3388076318
609 369 26.3388076318
610 369 26.3388076318
611 369 26.3388076318
612 369 26.3388076318
613 369 26.3388076318
614 369 26.3388076318
615 369 26.3388076318
616 369 26.3388076318
617 369 26.3388076318
618 369 26.3388076318
619 370 22.6706885933
620 370 22.6706885933
621 370 22.6706885933
622 370 22.6706885933
623 370 22.6706885933
624 370 22.6706885933
625 370 22.6706885933
626 370 22.6706885933
627 370 22.6706885933
628 370 22.6706885933
629 370 22.6706885933
630 370 22.6706885933
631 370 22.6706885933
632 370 22.6706885933
633 370 22.6706885933
634 370 22.6706885933
635 370 22.6706885933
636 370 22.6706885933
637 370 22.6706885933
638 370 22.6706885933
639 370 22.6706885933
640 370 22.6706885933
641 370 22.6706885933
642 370 22.6706885933
643 370 22.6706885933
644 370 22.6706885933
645 370 22.6706885933
646 370 22.6706885933
647 370 22.6706885933
648 370 22.6706885933
649 370 22.6706885933
650 370 22.6706885933
651 370 22.6706885933
652 370 22.6706885933
653 370 22.6706885933
654 370 22.6706885933
655 370 22.6706885933
656 370 22.6706885933
657 370 22.6706885933
658 370 22.6706885933
659 371 15.1342271023
660 371 15.1342271023
661 371 15.1342271023
662 371 15.1342271023
663 371 15.1342271023
664 371 15.1342271023
665 371 15.1342271023
666 371 15.1342271023
667 371 15.1342271023
668 371 15.1342271023
669 371 15.1342271023
670 371 15.1342271023
671 371 15.1342271023
672 371 15.1342271023
673 371 15.1342271023
674 371 15.1342271023
675 371 15.1342271023
676 371 15.1342271023
677 371 15.1342271023
678 371 15.1342271023
679 371 15.1342271023
680 371 15.1342271023
681 371 15.1342271023
682 371 15.1342271023
683 371 15.1342271023
684 371 15.1342271023
685 371 15.1342271023
686 371 15.1342271023
687 371 15.1342271023
688 371 15.1342271023
689 371 15.1342271023
690 371 15.1342271023
691 371 15.1342271023
692 371 15.1342271023
693 371 15.1342271023
694 371 15.1342271023
695 371 15.1342271023
696 371 15.1342271023
697 371 15.1342271023
698 371 15.1342271023
699 372 22.8744785977
700 372 22.8744785977
701 372 22.8744785977
702 372 22.8744785977
703 372 22.8744785977
704 372 22.8744785977
705 372 22.8744785977
706 372 22.8744785977
707 372 22.8744785977
708 372 22.8744785977
709 372 22.8744785977
710 372 22.8744785977
711 372 22.8744785977
712 372 22.8744785977
713 372 22.8744785977
714 372 22.8744785977
715 372 22.8744785977
716 372 22.8744785977
717 372 22.8744785977
718 372 22.8744785977
719 372 22.8744785977
720 372 22.8744785977
721 372 22.8744785977
722 372 22.8744785977
723 372 22.8744785977
724 372 22.8744785977
725 372 22.8744785977
726 372 22.8744785977
727 372 22.8744785977
728 372 22.8744785977
729 372 22.8744785977
730 372 22.8744785977
731 372 22.8744785977
732 372 22.8744785977
733 372 22.8744785977
734 372 22.8744785977
735 372 22.8744785977
736 372 22.8744785977
737 372 22.8744785977
738 372 22.8744785977
739 373 27.0595003952
740 373 27.0595003952
741 373 27.0595003952
742 373 27.0595003952
743 373 27.0595003952
744 373 27.0595003952
745 373 27.0595003952
746 373 27.0595003952
747 373 27.0595003952
748 373 27.0595003952
749 373 27.0595003952
750 373 27.0595003952
751 373 27.0595003952
752 373 27.0595003952
753 373 27.0595003952
754 373 27.0595003952
755 373 27.0595003952
756 373 27.0595003952
757 373 27.0595003952
758 373 27.0595003952
759 373 27.0595003952
760 373 27.0595003952
761 373 27.0595003952
762 373 27.0595003952
763 373 27.0595003952
764 373 27.0595003952
765 373 27.0595003952
766 373 27.0595003952
767 373 27.0595003952
768 373 27.0595003952
769 373 27.0595003952
770 373 27.0595003952
771 373 27.0595003952
772 373 27.0595003952
773 373 27.0595003952
774 373 27.0595003952
775 373 27.0595003952
776 373 27.0595003952
777 373 27.0595003952
778 373 27.0595003952
779 374 21.5288516757
780 374 21.5288516757
781 374 21.5288516757
782 374 21.5288516757
783 374 21.5288516757
784 374 21.5288516757
785 374 21.5288516757
786 374 21.5288516757
787 374 21.5288516757
788 374 21.5288516757
789 374 21.5288516757
790 374 21.5288516757
791 374 21.5288516757
792 374 21.5288516757
793 374 21.5288516757
794 374 21.5288516757
795 374 21.5288516757
796 374 21.5288516757
797 374 21.5288516757
798 374 21.5288516757
799 374 21.5288516757
800 374 21.5288516757
801 374 21.5288516757
802 374 21.5288516757
803 374 21.5288516757
804 374 21.5288516757
805 374 21.5288516757
806 374 21.5288516757
807 374 21.5288516757
808 374 21.5288516757
809 374 21.5288516757
810 374 21.5288516757
811 374 21.5288516757
812 374 21.5288516757
813 374 21.5288516757
814 374 21.5288516757
815 374 21.5288516757
816 374 21.5288516757
817 374 21.5288516757
818 374 21.5288516757
819 375 28.2129457111
820 375 28.2129457111
821 375 28.2129457111
822 375 28.2129457111
823 375 28.2129457111
824 375 28.2129457111
825 375 28.2129457111
826 375 28.2129457111
827 375 28.2129457111
828 375 28.2129457111
829 375 28.2129457111
830 375 28.2129457111
831 375 28.2129457111
832 375 28.2129457111
833 375 28.2129457111
834 375 28.2129457111
835 375 28.2129457111
836 375 28.2129457111
837 375 28.2129457111
838 375 28.2129457111
839 375 28.2129457111
840 375 28.2129457111
841 375 28.2129457111
842 375 28.2129457111
843 375 28.2129457111
844 375 28.2129457111
845 375 28.2129457111
846 375 28.2129457111
847 375 28.2129457111
848 375 28.2129457111
849 375 28.2129457111
850 375 28.2129457111
851 375 28.2129457111
852 375 28.2129457111
853 375 28.2129457111
854 375 28.2129457111
855 375 28.2129457111
856 375 28.2129457111
857 375 28.2129457111
858 375 28.2129457111
859 376 19.5963270668
860 376 19.5963270668
861 376 19.5963270668
862 376 19.5963270668
863 376 19.5963270668
864 376 19.5963270668
865 376 19.5963270668
866 376 19.5963270668
867 376 19.5963270668
868 376 19.5963270668
869 376 19.5963270668
870 376 19.5963270668
871 376 19.5963270668
872 376 19.5963270668
873 376 19.5963270668
874 376 19.5963270668
875 376 19.5963270668
876 376 19.5963270668
877 376 19.5963270668
878 376 19.5963270668
879 376 19.5963270668
880 376 19.5963270668
881 376 19.5963270668
882 376 19.5963270668
883 376 19.5963270668
884 376 19.5963270668
885 376 19.5963270668
886 376 19.5963270668
887 376 19.5963270668
888 376 19.5963270668
889 376 19.5963270668
890 376 19.5963270668
891 376 19.5963270668
892 376 19.5963270668
893 376 19.5963270668
894 376 19.5963270668
895 376 19.5963270668
896 376 19.5963270668
897 376 19.5963270668
898 376 19.5963270668
899 377 13.8664677158
900 377 13.8664677158
901 377 13.8664677158
902 377 13.8664677158
903 377 13.8664677158
904 377 13.8664677158
905 377 13.8664677158
906 377 13.8664677158
907 377 13.8664677158
908 377 13.8664677158
909 377 13.8664677158
910 377 13.8664677158
911 377 13.8664677158
912 377 13.8664677158
913 377 13.8664677158
914 377 13.8664677158
915 377 13.8664677158
916 377 13.8664677158
917 377 13.8664677158
918 377 13.8664677158
919 377 13.8664677158
920 377 13.8664677158
921 377 13.8664677158
922 377 13.8664677158
923 377 13.8664677158
924 377 13.8664677158
925 377 13.8664677158
926 377 13.8664677158
927 377 13.8664677158
928 377 13.8664677158
929 377 13.8664677158
930 377 13.8664677158
931 377 13.8664677158
932 377 13.8664677158
933 377 13.8664677158
934 377 13.8664677158
935 377 13.8664677158
936 377 13.8664677158
937 377 13.8664677158
938 377 13.8664677158
939 378 12.2109384457
940 378 12.2109384457
941 378 12.2109384457
942 378 12.2109384457
943 378 12.2109384457
944 378 12.2109384457
945 378 12.2109384457
946 378 12.2109384457
947 378 12.2109384457
948 378 12.2109384457
949 378 12.2109384457
950 378 12.2109384457
951 378 12.2109384457
952 378 12.2109384457
953 378 12.2109384457
954 378 12.2109384457
955 378 12.2109384457
956 378 12.2109384457
957 378 12.2109384457
958 378 12.2109384457
959 378 12.2109384457
960 378 12.2109384457
961 378 12.2109384457
962 378 12.2109384457
963 378 12.2109384457
964 378 12.2109384457
965 378 12.2109384457
966 378 12.2109384457
967 378 12.2109384457
968 378 12.2109384457
969 378 12.2109384457
970 378 12.2109384457
971 378 12.2109384457
972 378 12.2109384457
973 378 12.2109384457
974 378 12.2109384457
975 378 12.2109384457
976 378 12.2109384457
977 378 12.2109384457
978 378 12.2109384457
979 379 22.0396935809
980 379 22.0396935809
981 379 22.0396935809
982 379 22.0396935809
983 379 22.0396935809
984 379 22.0396935809
985 379 22.0396935809
986 379 22.0396935809
