1 0 23.1109516501
2 0 23.1109516501
3 0 23.1109516501
4 0 23.1109516501
5 0 23.1109516501
6 0 23.1109516501
7 0 23.1109516501
8 0 23.1109516501
9 0 23.1109516501
10 0 23.1109516501
11 0 23.1109516501
12 0 23.1109516501
13 0 23.1109516501
14 0 23.1109516501
15 0 23.1109516501
16 0 23.1109516501
17 0 23.1109516501
18 0 23.1109516501
19 1 27.7436628358
20 2 26.0356943653
21 3 24.7917966434
22 4 24.4157582534
23 5 22.4643772914
24 6 23.4150277879
25 7 25.0155117214
26 8 23.6377635722
27 9 22.1814824616
28 10 23.9074866429
29 11 24.7672235153
30 12 22.7941072025
31 13 22.2596736467
32 14 24.3897587552
33 15 23.7786703846
34 16 22.3331032887
35 17 24.572999713
36 18 24.7564838835
37 19 26.8701506431
38 20 27.0174581321
39 21 25.7455974089
40 22 26.6665592576
41 23 28.4822817338
42 24 27.5450378563
43 25 26.3646179537
44 26 28.0233444745
45 27 28.833199756
46 28 29.1405934849
47 29 29.2264674742
48 30 27.8322003956
49 31 26.5579289614
50 32 27.2288813469
51 33 26.2636590079
52 34 24.5196072161
53 35 25.263512771
54 36 25.6467703424
55 37 23.8788011405
56 38 22.9065975528
57 39 23.8956084327
58 40 23.0493328261
59 41 20.9203438566
60 42 20.853468911
61 43 21.1623606985
62 44 18.94980943
63 45 18.1801172174
64 46 18.3511961095
65 47 16.657761809
66 48 15.540405157
67 49 15.5920343215
68 50 16.3415210387
69 51 17.4444716265
70 52 16.82459262
71 53 16.7697123843
72 54 18.3358266388
73 55 18.5091800122
74 56 18.9974997654
75 57 19.549326781
76 58 17.6664898858
77 59 18.6874708657
78 60 20.2139101202
79 61 18.2543019897
80 62 17.3907393178
81 63 19.8881065883
82 64 20.3691666546
83 65 18.126535866
84 66 18.6519702318
85 67 21.1217084854
86 68 20.2064687813
87 69 18.3219907689
88 70 19.9792139278
89 71 21.3895919365
90 72 19.8164535567
91 73 20.0383092179
92 74 22.0452650722
93 75 23.5748936525
94 76 25.1577949033
95 77 26.8986005937
96 78 28.0277567376
97 79 29.0764483869
98 80 27.8246107959
99 81 27.711832104
100 82 25.8715013359
101 83 25.6820101093
102 84 24.386325588
103 85 25.7682921526
104 86 27.5598904901
105 87 27.9176364151
106 88 27.7674547324
107 89 29.2434897537
108 90 29.3275865985
109 91 30.7610781993
110 92 31.0049424559
111 93 35.5946648713
112 93 35.5946648713
113 93 35.5946648713
114 93 35.5946648713
115 93 35.5946648713
116 93 35.5946648713
117 93 35.5946648713
118 93 35.5946648713
119 93 35.5946648713
120 93 35.5946648713
121 93 35.5946648713
122 93 35.5946648713
123 93 35.5946648713
124 93 35.5946648713
125 93 35.5946648713
126 93 35.5946648713
127 93 35.5946648713
