1 0 7.17683816503
2 1 7.55248691253
3 2 7.81192678074
4 3 8.07948081335
5 4 7.28152293751
6 5 7.7826020098
7 6 8.31128105423
8 7 8.24727459868
9 8 8.00143615966
10 9 8.9531434924
11 10 9.35790138652
12 11 8.84477144657
13 12 9.65418338992
14 13 11.2133612601
15 14 10.8456540572
16 15 10.4021236415
17 16 12.3513540043
18 17 13.1808751256
19 18 12.1596396065
20 19 13.0539215826
21 20 15.0952601465
22 21 14.745888304
23 22 13.7758085013
24 23 15.4987865837
25 24 17.0477638577
26 25 16.1639047527
27 26 15.5241959472
28 27 17.5946724439
29 28 18.9078425997
30 29 17.7606515244
31 30 16.8916815667
32 31 15.392407291
33 32 17.0327219071
34 33 17.6938424583
35 34 16.2885863849
36 35 17.0909964424
37 36 18.5214156413
38 37 19.7687370176
39 38 18.283457127
40 39 18.6204553552
41 40 19.4473156137
42 41 21.1996031165
43 42 20.2887871109
44 43 21.1093525638
45 44 20.3394348499
46 45 20.6412417467
47 46 21.2954363336
48 47 21.1706077082
49 48 23.0211885395
50 49 23.2127483713
51 50 24.1003515253
52 51 22.6802465434
53 52 23.576533576
54 53 23.0104160896
55 54 20.6055272898
56 55 20.2507421384
57 56 21.0821724654
58 57 19.5532560264
59 58 17.6139394621
60 59 17.9349264131
61 60 18.186885446
62 61 16.2323394215
63 62 15.0536427341
64 63 15.9319846438
65 64 14.9049884291
66 65 13.0639063597
67 66 13.2032690139
68 67 13.4215053432
69 68 11.6559225442
70 69 10.5773434118
71 70 11.1544424974
72 71 10.5389132216
73 72 9.09883340889
74 73 8.88519242966
75 74 9.24732292084
76 75 8.22186095827
77 76 7.39536209284
78 77 8.15258352315
79 78 7.73848165581
80 79 6.86427762935
81 80 6.9882226342
82 81 7.8162168179
83 82 7.69275566051
84 83 9.29964334961
85 84 9.53145734758
86 85 10.2135071121
87 86 10.3789417236
88 87 12.1040464292
89 88 11.2862664208
90 89 9.82662311608
91 90 11.1274702808
92 91 11.9016555785
93 92 10.4153450871
94 93 10.2172236511
95 94 11.793368093
96 95 11.5439268984
97 96 10.1698748706
98 97 10.962025344
99 98 12.0382667654
100 99 11.010250882
101 100 10.4958301228
102 101 11.7551486513
103 102 11.8043049269
104 103 10.6085080992
105 104 10.9849316354
106 105 12.0045361667
107 106 11.3720222756
108 107 10.8655493467
109 108 11.7431437492
110 109 12.0522966653
111 110 11.267755121
112 111 11.5865190094
113 112 12.3714971264
114 113 12.2230798642
115 114 11.8435643283
116 115 12.5134645386
117 116 12.9703885758
118 117 12.6749095117
119 118 12.9318564417
120 119 13.5155371245
121 120 13.6096185129
122 121 13.5831552794
123 122 14.0626099806
124 123 14.4119358927
125 124 14.5256665225
126 125 14.8636955289
127 126 14.9868318954
128 127 15.3385188108
129 128 13.9492659424
130 128 13.9492659424
131 128 13.9492659424
132 128 13.9492659424
133 128 13.9492659424
134 128 13.9492659424
135 128 13.9492659424
136 128 13.9492659424
137 128 13.9492659424
138 128 13.9492659424
139 128 13.9492659424
140 128 13.9492659424
