1 0 17.4272135263
2 0 17.4272135263
3 0 17.4272135263
4 0 17.4272135263
5 0 17.4272135263
6 0 17.4272135263
7 0 17.4272135263
8 0 17.4272135263
9 0 17.4272135263
10 0 17.4272135263
11 0 17.4272135263
12 0 17.4272135263
13 0 17.4272135263
14 0 17.4272135263
15 0 17.4272135263
16 0 17.4272135263
17 0 17.4272135263
18 0 17.4272135263
19 0 17.4272135263
20 0 17.4272135263
21 1 10.1710644132
22 1 10.1710644132
23 1 10.1710644132
24 1 10.1710644132
25 1 10.1710644132
26 1 10.1710644132
27 1 10.1710644132
28 1 10.1710644132
29 1 10.1710644132
30 1 10.1710644132
31 1 10.1710644132
32 1 10.1710644132
33 1 10.1710644132
34 1 10.1710644132
35 1 10.1710644132
36 1 10.1710644132
37 1 10.1710644132
38 1 10.1710644132
39 1 10.1710644132
40 1 10.1710644132
41 2 9.3524133654
42 2 9.3524133654
43 2 9.3524133654
44 2 9.3524133654
45 2 9.3524133654
46 2 9.3524133654
47 2 9.3524133654
48 2 9.3524133654
49 2 9.3524133654
50 2 9.3524133654
51 2 9.3524133654
52 2 9.3524133654
53 2 9.3524133654
54 2 9.3524133654
55 2 9.3524133654
56 2 9.3524133654
57 2 9.3524133654
58 2 9.3524133654
59 2 9.3524133654
60 2 9.3524133654
61 3 9.53389561261
62 3 9.53389561261
63 3 9.53389561261
64 3 9.53389561261
65 4 9.55219508298
66 5 9.38537965741
67 6 9.70978991052
68 7 9.57679287726
69 8 9.0276119488
70 9 9.08721811658
71 10 9.48161915378
72 11 9.25437297842
73 12 8.80349366546
74 13 9.02148365219
75 14 9.38466637688
76 15 9.15256321039
77 16 8.76655410117
78 17 9.1530077488
79 18 9.50705192848
80 19 9.54560192406
81 20 9.8911682611
82 21 10.3299796222
83 25 10.6475179203
84 26 11.0716414554
85 27 11.1704700972
86 28 10.8376634822
87 29 10.5270631468
88 30 10.5947228582
89 31 10.5995863487
90 32 10.2593383804
91 33 10.2257723316
92 34 10.3864665843
93 35 10.2012459032
94 36 9.90539414766
95 37 10.1603906067
96 38 10.115351265
97 39 9.626896601
98 40 9.31709802659
99 41 9.42733388854
100 42 9.33757408432
101 43 8.89218532113
102 44 8.74259779895
103 45 8.88857158602
104 46 8.8876755682
105 47 8.65928457452
106 48 8.72826514121
107 49 8.96668262478
108 50 9.1016002634
109 51 9.56461738377
110 52 9.72629630645
111 53 9.96854334159
112 54 10.0867704481
113 55 9.75477224088
114 56 9.718369059
115 57 9.29514009791
116 58 9.65712829966
117 59 10.2432355054
118 60 10.672742334
119 61 11.0278599656
120 62 11.7603291421
121 63 11.4664675011
122 64 11.2053866852
123 65 11.9702419262
124 66 12.2725278954
125 67 11.8248304136
126 68 12.1933210469
127 69 12.9727050508
128 70 12.782257156
129 71 12.5803543931
130 72 13.3277896948
131 73 13.7929453038
132 74 13.3620310455
133 75 13.6109322076
134 76 14.5104128535
135 77 14.4247100126
136 78 13.9717211735
137 79 14.686303083
138 80 15.3630670241
139 81 14.9057349774
140 82 14.9700775239
141 83 15.9685220275
142 84 16.1012558584
143 85 15.5740513428
144 86 16.203312095
145 87 17.0731259354
146 88 16.8734992807
147 89 16.6428735141
148 90 17.5972771907
149 91 18.1159274974
