1 0 23.7131361894
2 0 23.7131361894
3 0 23.7131361894
4 0 23.7131361894
5 0 23.7131361894
6 0 23.7131361894
7 0 23.7131361894
8 0 23.7131361894
9 0 23.7131361894
10 0 23.7131361894
11 0 23.7131361894
12 0 23.7131361894
13 0 23.7131361894
14 0 23.7131361894
15 0 23.7131361894
16 0 23.7131361894
17 0 23.7131361894
18 0 23.7131361894
19 0 23.7131361894
20 0 23.7131361894
21 0 23.7131361894
22 0 23.7131361894
23 0 23.7131361894
24 0 23.7131361894
25 0 23.7131361894
26 0 23.7131361894
27 0 23.7131361894
28 0 23.7131361894
29 0 23.7131361894
30 0 23.7131361894
31 0 23.7131361894
32 0 23.7131361894
33 0 23.7131361894
34 0 23.7131361894
35 0 23.7131361894
36 0 23.7131361894
37 0 23.7131361894
38 0 23.7131361894
39 0 23.7131361894
40 0 23.7131361894
41 1 29.3473033031
42 1 29.3473033031
43 1 29.3473033031
44 1 29.3473033031
45 1 29.3473033031
46 1 29.3473033031
47 1 29.3473033031
48 1 29.3473033031
49 1 29.3473033031
50 1 29.3473033031
51 1 29.3473033031
52 1 29.3473033031
53 1 29.3473033031
54 1 29.3473033031
55 1 29.3473033031
56 1 29.3473033031
57 1 29.3473033031
58 1 29.3473033031
59 1 29.3473033031
60 1 29.3473033031
61 1 29.3473033031
62 1 29.3473033031
63 1 29.3473033031
64 1 29.3473033031
65 1 29.3473033031
66 1 29.3473033031
67 1 29.3473033031
68 1 29.3473033031
69 1 29.3473033031
70 1 29.3473033031
71 1 29.3473033031
72 1 29.3473033031
73 1 29.3473033031
74 1 29.3473033031
75 1 29.3473033031
76 1 29.3473033031
77 1 29.3473033031
78 1 29.3473033031
79 1 29.3473033031
80 1 29.3473033031
81 2 28.586174516
82 2 28.586174516
83 2 28.586174516
84 2 28.586174516
85 2 28.586174516
86 2 28.586174516
87 2 28.586174516
88 2 28.586174516
89 2 28.586174516
90 2 28.586174516
91 2 28.586174516
92 2 28.586174516
93 2 28.586174516
94 2 28.586174516
95 2 28.586174516
96 2 28.586174516
97 2 28.586174516
98 2 28.586174516
99 2 28.586174516
100 2 28.586174516
101 2 28.586174516
102 2 28.586174516
103 2 28.586174516
104 2 28.586174516
105 2 28.586174516
106 2 28.586174516
107 2 28.586174516
108 2 28.586174516
109 2 28.586174516
110 2 28.586174516
111 2 28.586174516
112 2 28.586174516
113 2 28.586174516
114 2 28.586174516
115 2 28.586174516
116 2 28.586174516
117 2 28.586174516
118 2 28.586174516
119 2 28.586174516
120 2 28.586174516
121 3 33.1221337275
122 3 33.1221337275
123 3 33.1221337275
124 3 33.1221337275
125 3 33.1221337275
126 3 33.1221337275
127 3 33.1221337275
128 3 33.1221337275
129 3 33.1221337275
130 3 33.1221337275
131 3 33.1221337275
132 3 33.1221337275
133 3 33.1221337275
134 3 33.1221337275
135 3 33.1221337275
136 3 33.1221337275
137 3 33.1221337275
138 3 33.1221337275
139 3 33.1221337275
140 3 33.1221337275
141 3 33.1221337275
142 3 33.1221337275
143 3 33.1221337275
144 3 33.1221337275
145 3 33.1221337275
146 3 33.1221337275
147 3 33.1221337275
148 3 33.1221337275
149 3 33.1221337275
150 3 33.1221337275
151 3 33.1221337275
152 3 33.1221337275
153 3 33.1221337275
154 3 33.1221337275
155 3 33.1221337275
156 3 33.1221337275
157 3 33.1221337275
158 3 33.1221337275
159 3 33.1221337275
160 3 33.1221337275
161 4 33.9203627715
162 4 33.9203627715
163 4 33.9203627715
164 4 33.9203627715
165 4 33.9203627715
166 4 33.9203627715
167 4 33.9203627715
168 4 33.9203627715
169 4 33.9203627715
170 4 33.9203627715
171 4 33.9203627715
172 4 33.9203627715
173 4 33.9203627715
174 4 33.9203627715
175 4 33.9203627715
176 4 33.9203627715
177 4 33.9203627715
178 4 33.9203627715
179 4 33.9203627715
180 4 33.9203627715
181 4 33.9203627715
182 4 33.9203627715
183 4 33.9203627715
184 4 33.9203627715
185 4 33.9203627715
186 4 33.9203627715
187 4 33.9203627715
188 4 33.9203627715
189 4 33.9203627715
190 4 33.9203627715
191 4 33.9203627715
192 4 33.9203627715
193 4 33.9203627715
194 4 33.9203627715
195 4 33.9203627715
196 4 33.9203627715
197 4 33.9203627715
198 4 33.9203627715
199 4 33.9203627715
200 4 33.9203627715
201 5 36.5749940614
202 5 36.5749940614
203 5 36.5749940614
204 5 36.5749940614
205 5 36.5749940614
206 5 36.5749940614
207 5 36.5749940614
208 5 36.5749940614
209 5 36.5749940614
210 5 36.5749940614
211 5 36.5749940614
212 5 36.5749940614
213 5 36.5749940614
214 5 36.5749940614
215 5 36.5749940614
216 5 36.5749940614
217 5 36.5749940614
218 5 36.5749940614
219 5 36.5749940614
220 5 36.5749940614
221 5 36.5749940614
222 5 36.5749940614
223 5 36.5749940614
224 5 36.5749940614
225 5 36.5749940614
226 5 36.5749940614
227 5 36.5749940614
228 5 36.5749940614
229 5 36.5749940614
230 5 36.5749940614
231 5 36.5749940614
232 5 36.5749940614
233 5 36.5749940614
234 5 36.5749940614
235 5 36.5749940614
236 5 36.5749940614
237 5 36.5749940614
238 5 36.5749940614
239 5 36.5749940614
240 5 36.5749940614
241 6 27.3170457311
242 6 27.3170457311
243 6 27.3170457311
244 6 27.3170457311
245 6 27.3170457311
246 6 27.3170457311
247 6 27.3170457311
248 6 27.3170457311
249 6 27.3170457311
250 6 27.3170457311
251 6 27.3170457311
252 6 27.3170457311
253 6 27.3170457311
254 6 27.3170457311
255 6 27.3170457311
256 6 27.3170457311
257 6 27.3170457311
258 6 27.3170457311
259 6 27.3170457311
260 6 27.3170457311
261 6 27.3170457311
262 6 27.3170457311
263 6 27.3170457311
264 6 27.3170457311
265 6 27.3170457311
266 6 27.3170457311
267 6 27.3170457311
268 6 27.3170457311
269 6 27.3170457311
270 6 27.3170457311
271 6 27.3170457311
272 6 27.3170457311
273 6 27.3170457311
274 6 27.3170457311
275 6 27.3170457311
276 6 27.3170457311
277 6 27.3170457311
278 6 27.3170457311
279 6 27.3170457311
280 6 27.3170457311
281 7 20.2268353405
282 7 20.2268353405
283 7 20.2268353405
284 7 20.2268353405
285 7 20.2268353405
286 7 20.2268353405
287 7 20.2268353405
288 7 20.2268353405
289 7 20.2268353405
290 7 20.2268353405
291 7 20.2268353405
292 7 20.2268353405
293 7 20.2268353405
294 7 20.2268353405
295 7 20.2268353405
296 7 20.2268353405
297 7 20.2268353405
298 7 20.2268353405
299 7 20.2268353405
300 7 20.2268353405
301 7 20.2268353405
302 7 20.2268353405
303 7 20.2268353405
304 7 20.2268353405
305 7 20.2268353405
306 7 20.2268353405
307 7 20.2268353405
308 7 20.2268353405
309 7 20.2268353405
310 7 20.2268353405
311 7 20.2268353405
312 7 20.2268353405
313 7 20.2268353405
314 7 20.2268353405
315 7 20.2268353405
316 7 20.2268353405
317 7 20.2268353405
318 7 20.2268353405
319 7 20.2268353405
320 7 20.2268353405
321 8 21.3632327499
322 8 21.3632327499
323 8 21.3632327499
324 8 21.3632327499
325 8 21.3632327499
326 8 21.3632327499
327 8 21.3632327499
328 8 21.3632327499
329 8 21.3632327499
330 8 21.3632327499
331 8 21.3632327499
332 8 21.3632327499
333 8 21.3632327499
334 8 21.3632327499
335 8 21.3632327499
336 8 21.3632327499
337 8 21.3632327499
338 8 21.3632327499
339 8 21.3632327499
340 8 21.3632327499
341 8 21.3632327499
342 8 21.3632327499
343 8 21.3632327499
344 8 21.3632327499
345 8 21.3632327499
346 8 21.3632327499
347 8 21.3632327499
348 8 21.3632327499
349 8 21.3632327499
350 8 21.3632327499
351 8 21.3632327499
352 8 21.3632327499
353 8 21.3632327499
354 8 21.3632327499
355 8 21.3632327499
356 8 21.3632327499
357 8 21.3632327499
358 8 21.3632327499
359 8 21.3632327499
360 8 21.3632327499
361 9 22.6128371728
362 9 22.6128371728
363 9 22.6128371728
364 9 22.6128371728
365 9 22.6128371728
366 9 22.6128371728
367 9 22.6128371728
368 9 22.6128371728
369 9 22.6128371728
370 9 22.6128371728
371 9 22.6128371728
372 9 22.6128371728
373 9 22.6128371728
374 9 22.6128371728
375 9 22.6128371728
376 9 22.6128371728
377 9 22.6128371728
378 9 22.6128371728
379 9 22.6128371728
380 9 22.6128371728
381 9 22.6128371728
382 9 22.6128371728
383 9 22.6128371728
384 9 22.6128371728
385 9 22.6128371728
386 9 22.6128371728
387 9 22.6128371728
388 9 22.6128371728
389 9 22.6128371728
390 9 22.6128371728
391 9 22.6128371728
392 9 22.6128371728
393 9 22.6128371728
394 9 22.6128371728
395 9 22.6128371728
396 9 22.6128371728
397 9 22.6128371728
398 9 22.6128371728
399 9 22.6128371728
400 9 22.6128371728
401 10 11.8819859069
402 10 11.8819859069
403 10 11.8819859069
404 10 11.8819859069
405 10 11.8819859069
406 10 11.8819859069
407 10 11.8819859069
408 10 11.8819859069
409 10 11.8819859069
410 10 11.8819859069
411 10 11.8819859069
412 10 11.8819859069
413 10 11.8819859069
414 10 11.8819859069
415 10 11.8819859069
416 10 11.8819859069
417 10 11.8819859069
418 10 11.8819859069
419 10 11.8819859069
420 10 11.8819859069
421 10 11.8819859069
422 10 11.8819859069
423 10 11.8819859069
424 10 11.8819859069
425 10 11.8819859069
426 10 11.8819859069
427 10 11.8819859069
428 10 11.8819859069
429 10 11.8819859069
430 10 11.8819859069
431 10 11.8819859069
432 10 11.8819859069
433 10 11.8819859069
434 10 11.8819859069
435 10 11.8819859069
436 10 11.8819859069
437 10 11.8819859069
438 10 11.8819859069
439 10 11.8819859069
440 10 11.8819859069
441 11 14.7549597156
442 11 14.7549597156
443 11 14.7549597156
444 11 14.7549597156
445 11 14.7549597156
446 11 14.7549597156
447 11 14.7549597156
448 11 14.7549597156
449 11 14.7549597156
450 11 14.7549597156
451 11 14.7549597156
452 11 14.7549597156
453 11 14.7549597156
454 11 14.7549597156
455 11 14.7549597156
456 11 14.7549597156
457 11 14.7549597156
458 11 14.7549597156
459 11 14.7549597156
460 11 14.7549597156
461 11 14.7549597156
462 11 14.7549597156
463 11 14.7549597156
464 11 14.7549597156
465 11 14.7549597156
466 11 14.7549597156
467 11 14.7549597156
468 11 14.7549597156
469 11 14.7549597156
470 11 14.7549597156
471 11 14.7549597156
472 11 14.7549597156
473 11 14.7549597156
474 11 14.7549597156
475 11 14.7549597156
476 11 14.7549597156
477 11 14.7549597156
478 11 14.7549597156
479 11 14.7549597156
480 11 14.7549597156
481 12 14.958052248
482 12 14.958052248
483 12 14.958052248
484 12 14.958052248
485 12 14.958052248
486 12 14.958052248
487 12 14.958052248
488 12 14.958052248
489 12 14.958052248
490 12 14.958052248
491 12 14.958052248
492 12 14.958052248
493 12 14.958052248
494 12 14.958052248
495 12 14.958052248
496 12 14.958052248
497 12 14.958052248
498 12 14.958052248
499 12 14.958052248
500 12 14.958052248
501 12 14.958052248
502 12 14.958052248
503 12 14.958052248
504 12 14.958052248
505 12 14.958052248
506 12 14.958052248
507 12 14.958052248
508 12 14.958052248
509 12 14.958052248
510 12 14.958052248
511 12 14.958052248
512 12 14.958052248
513 12 14.958052248
514 12 14.958052248
515 12 14.958052248
516 12 14.958052248
517 12 14.958052248
518 12 14.958052248
519 12 14.958052248
520 12 14.958052248
521 13 14.6301258122
522 13 14.6301258122
523 13 14.6301258122
524 13 14.6301258122
525 13 14.6301258122
526 13 14.6301258122
527 13 14.6301258122
528 13 14.6301258122
529 13 14.6301258122
530 13 14.6301258122
531 13 14.6301258122
532 13 14.6301258122
533 13 14.6301258122
534 13 14.6301258122
535 13 14.6301258122
536 13 14.6301258122
537 13 14.6301258122
538 13 14.6301258122
539 13 14.6301258122
540 13 14.6301258122
541 13 14.6301258122
542 13 14.6301258122
543 13 14.6301258122
544 13 14.6301258122
545 13 14.6301258122
546 13 14.6301258122
547 13 14.6301258122
548 13 14.6301258122
549 13 14.6301258122
550 13 14.6301258122
551 13 14.6301258122
552 13 14.6301258122
553 13 14.6301258122
554 13 14.6301258122
555 13 14.6301258122
556 13 14.6301258122
557 13 14.6301258122
558 13 14.6301258122
559 13 14.6301258122
560 13 14.6301258122
561 14 20.3906731575
562 14 20.3906731575
563 14 20.3906731575
564 14 20.3906731575
565 14 20.3906731575
566 14 20.3906731575
567 14 20.3906731575
568 14 20.3906731575
569 14 20.3906731575
570 14 20.3906731575
571 14 20.3906731575
572 14 20.3906731575
573 14 20.3906731575
574 14 20.3906731575
575 14 20.3906731575
576 14 20.3906731575
577 14 20.3906731575
578 14 20.3906731575
579 14 20.3906731575
580 14 20.3906731575
581 14 20.3906731575
582 14 20.3906731575
583 14 20.3906731575
584 14 20.3906731575
585 14 20.3906731575
586 14 20.3906731575
587 14 20.3906731575
588 14 20.3906731575
589 14 20.3906731575
590 14 20.3906731575
591 14 20.3906731575
592 14 20.3906731575
593 14 20.3906731575
594 14 20.3906731575
595 14 20.3906731575
596 14 20.3906731575
597 14 20.3906731575
598 14 20.3906731575
599 14 20.3906731575
600 14 20.3906731575
601 15 22.7267429147
602 15 22.7267429147
603 15 22.7267429147
604 15 22.7267429147
605 15 22.7267429147
606 15 22.7267429147
607 15 22.7267429147
608 15 22.7267429147
609 15 22.7267429147
610 15 22.7267429147
611 15 22.7267429147
612 15 22.7267429147
613 15 22.7267429147
614 15 22.7267429147
615 15 22.7267429147
616 15 22.7267429147
617 15 22.7267429147
618 15 22.7267429147
619 15 22.7267429147
620 15 22.7267429147
621 15 22.7267429147
622 15 22.7267429147
623 15 22.7267429147
624 15 22.7267429147
625 15 22.7267429147
626 15 22.7267429147
627 15 22.7267429147
628 15 22.7267429147
629 15 22.7267429147
630 15 22.7267429147
631 15 22.7267429147
632 15 22.7267429147
633 15 22.7267429147
634 15 22.7267429147
635 15 22.7267429147
636 15 22.7267429147
637 15 22.7267429147
638 15 22.7267429147
639 15 22.7267429147
640 15 22.7267429147
641 16 20.0775544926
642 16 20.0775544926
643 16 20.0775544926
644 16 20.0775544926
645 16 20.0775544926
646 16 20.0775544926
647 16 20.0775544926
648 16 20.0775544926
649 16 20.0775544926
650 16 20.0775544926
651 16 20.0775544926
652 16 20.0775544926
653 16 20.0775544926
654 16 20.0775544926
655 16 20.0775544926
656 16 20.0775544926
657 16 20.0775544926
658 16 20.0775544926
659 16 20.0775544926
660 16 20.0775544926
661 16 20.0775544926
662 16 20.0775544926
663 16 20.0775544926
664 16 20.0775544926
665 16 20.0775544926
666 16 20.0775544926
667 16 20.0775544926
668 16 20.0775544926
669 16 20.0775544926
670 16 20.0775544926
671 16 20.0775544926
672 16 20.0775544926
673 16 20.0775544926
674 16 20.0775544926
675 16 20.0775544926
676 16 20.0775544926
677 16 20.0775544926
678 16 20.0775544926
679 16 20.0775544926
680 16 20.0775544926
681 17 19.8675071092
682 17 19.8675071092
683 17 19.8675071092
684 17 19.8675071092
685 17 19.8675071092
686 17 19.8675071092
687 17 19.8675071092
688 17 19.8675071092
689 17 19.8675071092
690 17 19.8675071092
691 17 19.8675071092
692 17 19.8675071092
693 17 19.8675071092
694 17 19.8675071092
695 17 19.8675071092
696 17 19.8675071092
697 17 19.8675071092
698 17 19.8675071092
699 17 19.8675071092
700 17 19.8675071092
701 17 19.8675071092
702 17 19.8675071092
703 17 19.8675071092
704 17 19.8675071092
705 17 19.8675071092
706 17 19.8675071092
707 17 19.8675071092
708 17 19.8675071092
709 17 19.8675071092
710 17 19.8675071092
711 17 19.8675071092
712 17 19.8675071092
713 17 19.8675071092
714 17 19.8675071092
715 17 19.8675071092
716 17 19.8675071092
717 17 19.8675071092
718 17 19.8675071092
719 17 19.8675071092
720 17 19.8675071092
721 18 21.4430589905
722 18 21.4430589905
723 18 21.4430589905
724 18 21.4430589905
725 18 21.4430589905
726 18 21.4430589905
727 18 21.4430589905
728 18 21.4430589905
729 18 21.4430589905
730 18 21.4430589905
731 18 21.4430589905
732 18 21.4430589905
733 18 21.4430589905
734 18 21.4430589905
735 18 21.4430589905
736 18 21.4430589905
737 18 21.4430589905
738 18 21.4430589905
739 18 21.4430589905
740 18 21.4430589905
741 18 21.4430589905
742 18 21.4430589905
743 18 21.4430589905
744 18 21.4430589905
745 18 21.4430589905
746 18 21.4430589905
747 18 21.4430589905
748 18 21.4430589905
749 18 21.4430589905
750 18 21.4430589905
751 18 21.4430589905
752 18 21.4430589905
753 18 21.4430589905
754 18 21.4430589905
755 18 21.4430589905
756 18 21.4430589905
757 18 21.4430589905
758 18 21.4430589905
759 18 21.4430589905
760 18 21.4430589905
761 19 21.3871204418
762 19 21.3871204418
763 19 21.3871204418
764 19 21.3871204418
765 19 21.3871204418
766 19 21.3871204418
767 19 21.3871204418
768 19 21.3871204418
769 19 21.3871204418
770 19 21.3871204418
771 19 21.3871204418
772 19 21.3871204418
773 19 21.3871204418
774 19 21.3871204418
775 19 21.3871204418
776 19 21.3871204418
777 19 21.3871204418
778 19 21.3871204418
779 19 21.3871204418
780 19 21.3871204418
781 19 21.3871204418
782 19 21.3871204418
783 19 21.3871204418
784 19 21.3871204418
785 19 21.3871204418
786 19 21.3871204418
787 19 21.3871204418
788 19 21.3871204418
789 19 21.3871204418
790 19 21.3871204418
791 19 21.3871204418
792 19 21.3871204418
793 19 21.3871204418
794 19 21.3871204418
795 19 21.3871204418
796 19 21.3871204418
797 19 21.3871204418
798 19 21.3871204418
799 19 21.3871204418
800 19 21.3871204418
801 20 14.3318570333
802 20 14.3318570333
803 20 14.3318570333
804 20 14.3318570333
805 20 14.3318570333
806 20 14.3318570333
807 20 14.3318570333
808 20 14.3318570333
809 20 14.3318570333
810 20 14.3318570333
811 20 14.3318570333
812 20 14.3318570333
813 20 14.3318570333
814 20 14.3318570333
815 20 14.3318570333
816 20 14.3318570333
817 20 14.3318570333
818 20 14.3318570333
819 20 14.3318570333
820 20 14.3318570333
821 20 14.3318570333
822 20 14.3318570333
823 20 14.3318570333
824 20 14.3318570333
825 20 14.3318570333
826 20 14.3318570333
827 20 14.3318570333
828 20 14.3318570333
829 20 14.3318570333
830 20 14.3318570333
831 20 14.3318570333
832 20 14.3318570333
833 20 14.3318570333
834 20 14.3318570333
835 20 14.3318570333
836 20 14.3318570333
837 20 14.3318570333
838 20 14.3318570333
839 20 14.3318570333
840 20 14.3318570333
841 21 8.82585554941
842 21 8.82585554941
843 21 8.82585554941
844 21 8.82585554941
845 21 8.82585554941
846 21 8.82585554941
847 21 8.82585554941
848 21 8.82585554941
849 21 8.82585554941
850 21 8.82585554941
851 21 8.82585554941
852 21 8.82585554941
853 21 8.82585554941
854 21 8.82585554941
855 21 8.82585554941
856 21 8.82585554941
857 21 8.82585554941
858 21 8.82585554941
859 21 8.82585554941
860 21 8.82585554941
861 21 8.82585554941
862 21 8.82585554941
863 21 8.82585554941
864 21 8.82585554941
865 21 8.82585554941
866 21 8.82585554941
867 21 8.82585554941
868 21 8.82585554941
869 21 8.82585554941
870 21 8.82585554941
871 21 8.82585554941
872 21 8.82585554941
873 21 8.82585554941
874 21 8.82585554941
875 21 8.82585554941
876 21 8.82585554941
877 21 8.82585554941
878 21 8.82585554941
879 21 8.82585554941
880 21 8.82585554941
881 22 12.2299010786
882 22 12.2299010786
883 22 12.2299010786
884 22 12.2299010786
885 22 12.2299010786
886 22 12.2299010786
887 22 12.2299010786
888 22 12.2299010786
889 22 12.2299010786
890 22 12.2299010786
891 22 12.2299010786
892 22 12.2299010786
893 22 12.2299010786
894 22 12.2299010786
895 22 12.2299010786
896 22 12.2299010786
897 22 12.2299010786
898 22 12.2299010786
899 22 12.2299010786
900 22 12.2299010786
901 22 12.2299010786
902 22 12.2299010786
903 22 12.2299010786
904 22 12.2299010786
905 22 12.2299010786
906 22 12.2299010786
907 22 12.2299010786
908 22 12.2299010786
909 22 12.2299010786
910 22 12.2299010786
911 22 12.2299010786
912 22 12.2299010786
913 22 12.2299010786
914 22 12.2299010786
915 22 12.2299010786
916 22 12.2299010786
917 22 12.2299010786
918 22 12.2299010786
919 22 12.2299010786
920 22 12.2299010786
921 23 15.7529022673
922 23 15.7529022673
923 23 15.7529022673
924 23 15.7529022673
925 23 15.7529022673
926 23 15.7529022673
927 23 15.7529022673
928 23 15.7529022673
929 23 15.7529022673
930 23 15.7529022673
931 23 15.7529022673
932 23 15.7529022673
933 23 15.7529022673
934 23 15.7529022673
935 23 15.7529022673
936 23 15.7529022673
937 23 15.7529022673
938 23 15.7529022673
939 23 15.7529022673
940 23 15.7529022673
941 23 15.7529022673
942 23 15.7529022673
943 23 15.7529022673
944 23 15.7529022673
945 23 15.7529022673
946 23 15.7529022673
947 23 15.7529022673
948 23 15.7529022673
949 23 15.7529022673
950 23 15.7529022673
951 23 15.7529022673
952 23 15.7529022673
953 23 15.7529022673
954 23 15.7529022673
955 23 15.7529022673
956 23 15.7529022673
957 23 15.7529022673
958 23 15.7529022673
959 23 15.7529022673
960 23 15.7529022673
961 24 16.2996849949
962 24 16.2996849949
963 24 16.2996849949
964 24 16.2996849949
965 24 16.2996849949
966 24 16.2996849949
967 24 16.2996849949
968 24 16.2996849949
969 24 16.2996849949
970 24 16.2996849949
971 24 16.2996849949
972 24 16.2996849949
973 24 16.2996849949
974 24 16.2996849949
975 24 16.2996849949
976 24 16.2996849949
977 24 16.2996849949
978 24 16.2996849949
979 24 16.2996849949
980 24 16.2996849949
981 24 16.2996849949
982 24 16.2996849949
983 24 16.2996849949
984 24 16.2996849949
985 24 16.2996849949
986 24 16.2996849949
987 24 16.2996849949
988 24 16.2996849949
989 24 16.2996849949
990 24 16.2996849949
991 24 16.2996849949
992 24 16.2996849949
993 24 16.2996849949
994 24 16.2996849949
995 24 16.2996849949
996 24 16.2996849949
997 24 16.2996849949
998 24 16.2996849949
999 24 16.2996849949
1000 24 16.2996849949
1001 25 21.1346861864
1002 25 21.1346861864
1003 25 21.1346861864
1004 25 21.1346861864
1005 25 21.1346861864
1006 25 21.1346861864
1007 25 21.1346861864
1008 25 21.1346861864
1009 25 21.1346861864
1010 25 21.1346861864
1011 25 21.1346861864
1012 25 21.1346861864
1013 25 21.1346861864
1014 25 21.1346861864
1015 25 21.1346861864
1016 25 21.1346861864
1017 25 21.1346861864
1018 25 21.1346861864
1019 25 21.1346861864
1020 25 21.1346861864
1021 25 21.1346861864
1022 25 21.1346861864
1023 25 21.1346861864
1024 25 21.1346861864
1025 25 21.1346861864
1026 25 21.1346861864
1027 25 21.1346861864
1028 25 21.1346861864
1029 25 21.1346861864
1030 25 21.1346861864
1031 25 21.1346861864
1032 25 21.1346861864
1033 25 21.1346861864
1034 25 21.1346861864
1035 25 21.1346861864
1036 25 21.1346861864
1037 25 21.1346861864
1038 25 21.1346861864
1039 25 21.1346861864
1040 25 21.1346861864
1041 26 21.3951084731
1042 26 21.3951084731
1043 26 21.3951084731
1044 26 21.3951084731
1045 26 21.3951084731
1046 26 21.3951084731
1047 26 21.3951084731
1048 26 21.3951084731
1049 26 21.3951084731
1050 26 21.3951084731
1051 26 21.3951084731
1052 26 21.3951084731
1053 26 21.3951084731
1054 26 21.3951084731
1055 26 21.3951084731
1056 26 21.3951084731
1057 26 21.3951084731
1058 26 21.3951084731
1059 26 21.3951084731
1060 26 21.3951084731
1061 26 21.3951084731
1062 26 21.3951084731
1063 26 21.3951084731
1064 26 21.3951084731
1065 26 21.3951084731
1066 26 21.3951084731
1067 26 21.3951084731
1068 26 21.3951084731
1069 26 21.3951084731
1070 26 21.3951084731
1071 26 21.3951084731
1072 26 21.3951084731
1073 26 21.3951084731
1074 26 21.3951084731
1075 26 21.3951084731
1076 26 21.3951084731
1077 26 21.3951084731
1078 26 21.3951084731
1079 26 21.3951084731
1080 26 21.3951084731
1081 27 16.1473882569
1082 27 16.1473882569
1083 27 16.1473882569
1084 27 16.1473882569
1085 27 16.1473882569
1086 27 16.1473882569
1087 27 16.1473882569
1088 27 16.1473882569
1089 27 16.1473882569
1090 27 16.1473882569
1091 27 16.1473882569
1092 27 16.1473882569
1093 27 16.1473882569
1094 27 16.1473882569
1095 27 16.1473882569
1096 27 16.1473882569
1097 27 16.1473882569
1098 27 16.1473882569
1099 27 16.1473882569
1100 27 16.1473882569
1101 27 16.1473882569
1102 27 16.1473882569
1103 27 16.1473882569
1104 27 16.1473882569
1105 27 16.1473882569
1106 27 16.1473882569
1107 27 16.1473882569
1108 27 16.1473882569
1109 27 16.1473882569
1110 27 16.1473882569
1111 27 16.1473882569
1112 27 16.1473882569
1113 27 16.1473882569
1114 27 16.1473882569
1115 27 16.1473882569
1116 27 16.1473882569
1117 27 16.1473882569
1118 27 16.1473882569
1119 27 16.1473882569
1120 27 16.1473882569
1121 28 21.3045549366
1122 28 21.3045549366
1123 28 21.3045549366
1124 28 21.3045549366
1125 28 21.3045549366
1126 28 21.3045549366
1127 28 21.3045549366
1128 28 21.3045549366
1129 28 21.3045549366
1130 28 21.3045549366
1131 28 21.3045549366
1132 28 21.3045549366
1133 28 21.3045549366
1134 28 21.3045549366
1135 28 21.3045549366
1136 28 21.3045549366
1137 28 21.3045549366
1138 28 21.3045549366
1139 28 21.3045549366
1140 28 21.3045549366
1141 28 21.3045549366
1142 28 21.3045549366
1143 28 21.3045549366
1144 28 21.3045549366
1145 28 21.3045549366
1146 28 21.3045549366
