1 0 18.7524189772
2 0 18.7524189772
3 0 18.7524189772
4 0 18.7524189772
5 0 18.7524189772
6 0 18.7524189772
7 0 18.7524189772
8 0 18.7524189772
9 0 18.7524189772
10 0 18.7524189772
11 0 18.7524189772
12 0 18.7524189772
13 0 18.7524189772
14 0 18.7524189772
15 0 18.7524189772
16 0 18.7524189772
17 0 18.7524189772
18 0 18.7524189772
19 0 18.7524189772
20 0 18.7524189772
21 0 18.7524189772
22 0 18.7524189772
23 0 18.7524189772
24 0 18.7524189772
25 0 18.7524189772
26 0 18.7524189772
27 0 18.7524189772
28 0 18.7524189772
29 0 18.7524189772
30 0 18.7524189772
31 0 18.7524189772
32 0 18.7524189772
33 0 18.7524189772
34 0 18.7524189772
35 0 18.7524189772
36 0 18.7524189772
37 0 18.7524189772
38 0 18.7524189772
39 0 18.7524189772
40 0 18.7524189772
41 1 24.9124818045
42 1 24.9124818045
43 1 24.9124818045
44 1 24.9124818045
45 1 24.9124818045
46 1 24.9124818045
47 1 24.9124818045
48 1 24.9124818045
49 1 24.9124818045
50 1 24.9124818045
51 1 24.9124818045
52 1 24.9124818045
53 1 24.9124818045
54 1 24.9124818045
55 1 24.9124818045
56 1 24.9124818045
57 1 24.9124818045
58 1 24.9124818045
59 1 24.9124818045
60 1 24.9124818045
61 1 24.9124818045
62 1 24.9124818045
63 1 24.9124818045
64 1 24.9124818045
65 1 24.9124818045
66 1 24.9124818045
67 1 24.9124818045
68 1 24.9124818045
69 1 24.9124818045
70 1 24.9124818045
71 1 24.9124818045
72 1 24.9124818045
73 1 24.9124818045
74 1 24.9124818045
75 1 24.9124818045
76 1 24.9124818045
77 1 24.9124818045
78 1 24.9124818045
79 1 24.9124818045
80 1 24.9124818045
81 2 18.7278783112
82 2 18.7278783112
83 2 18.7278783112
84 2 18.7278783112
85 2 18.7278783112
86 2 18.7278783112
87 2 18.7278783112
88 2 18.7278783112
89 2 18.7278783112
90 2 18.7278783112
91 2 18.7278783112
92 2 18.7278783112
93 2 18.7278783112
94 2 18.7278783112
95 2 18.7278783112
96 2 18.7278783112
97 2 18.7278783112
98 2 18.7278783112
99 2 18.7278783112
100 2 18.7278783112
101 2 18.7278783112
102 2 18.7278783112
103 2 18.7278783112
104 2 18.7278783112
105 2 18.7278783112
106 2 18.7278783112
107 2 18.7278783112
108 2 18.7278783112
109 2 18.7278783112
110 2 18.7278783112
111 2 18.7278783112
112 2 18.7278783112
113 2 18.7278783112
114 2 18.7278783112
115 2 18.7278783112
116 2 18.7278783112
117 2 18.7278783112
118 2 18.7278783112
119 2 18.7278783112
120 2 18.7278783112
121 3 19.5629980258
122 3 19.5629980258
123 3 19.5629980258
124 3 19.5629980258
125 3 19.5629980258
126 3 19.5629980258
127 3 19.5629980258
128 3 19.5629980258
129 3 19.5629980258
130 3 19.5629980258
131 3 19.5629980258
132 3 19.5629980258
133 3 19.5629980258
134 3 19.5629980258
135 3 19.5629980258
136 3 19.5629980258
137 3 19.5629980258
138 3 19.5629980258
139 3 19.5629980258
140 3 19.5629980258
141 3 19.5629980258
142 3 19.5629980258
143 3 19.5629980258
144 3 19.5629980258
145 3 19.5629980258
146 3 19.5629980258
147 3 19.5629980258
148 3 19.5629980258
149 3 19.5629980258
150 3 19.5629980258
151 3 19.5629980258
152 3 19.5629980258
153 3 19.5629980258
154 3 19.5629980258
155 3 19.5629980258
156 3 19.5629980258
157 3 19.5629980258
158 3 19.5629980258
159 3 19.5629980258
160 3 19.5629980258
161 4 30.2352342322
162 4 30.2352342322
163 4 30.2352342322
164 4 30.2352342322
165 4 30.2352342322
166 4 30.2352342322
167 4 30.2352342322
168 4 30.2352342322
169 4 30.2352342322
170 4 30.2352342322
171 4 30.2352342322
172 4 30.2352342322
173 4 30.2352342322
174 4 30.2352342322
175 4 30.2352342322
176 4 30.2352342322
177 4 30.2352342322
178 4 30.2352342322
179 4 30.2352342322
180 4 30.2352342322
181 4 30.2352342322
182 4 30.2352342322
183 4 30.2352342322
184 4 30.2352342322
185 4 30.2352342322
186 4 30.2352342322
187 4 30.2352342322
188 4 30.2352342322
189 4 30.2352342322
190 4 30.2352342322
191 4 30.2352342322
192 4 30.2352342322
193 4 30.2352342322
194 4 30.2352342322
195 4 30.2352342322
196 4 30.2352342322
197 4 30.2352342322
198 4 30.2352342322
199 4 30.2352342322
200 4 30.2352342322
201 5 35.6001843492
202 5 35.6001843492
203 5 35.6001843492
204 5 35.6001843492
205 5 35.6001843492
206 5 35.6001843492
207 5 35.6001843492
208 5 35.6001843492
209 5 35.6001843492
210 5 35.6001843492
211 5 35.6001843492
212 5 35.6001843492
213 5 35.6001843492
214 5 35.6001843492
215 5 35.6001843492
216 5 35.6001843492
217 5 35.6001843492
218 5 35.6001843492
219 5 35.6001843492
220 5 35.6001843492
221 5 35.6001843492
222 5 35.6001843492
223 5 35.6001843492
224 5 35.6001843492
225 5 35.6001843492
226 5 35.6001843492
227 5 35.6001843492
228 5 35.6001843492
229 5 35.6001843492
230 5 35.6001843492
231 5 35.6001843492
232 5 35.6001843492
233 5 35.6001843492
234 5 35.6001843492
235 5 35.6001843492
236 5 35.6001843492
237 5 35.6001843492
238 5 35.6001843492
239 5 35.6001843492
240 5 35.6001843492
241 6 32.6928596376
242 6 32.6928596376
243 6 32.6928596376
244 6 32.6928596376
245 6 32.6928596376
246 6 32.6928596376
247 6 32.6928596376
248 6 32.6928596376
249 6 32.6928596376
250 6 32.6928596376
251 6 32.6928596376
252 6 32.6928596376
253 6 32.6928596376
254 6 32.6928596376
255 6 32.6928596376
256 6 32.6928596376
257 6 32.6928596376
258 6 32.6928596376
259 6 32.6928596376
260 6 32.6928596376
261 6 32.6928596376
262 6 32.6928596376
263 6 32.6928596376
264 6 32.6928596376
265 6 32.6928596376
266 6 32.6928596376
267 6 32.6928596376
268 6 32.6928596376
269 6 32.6928596376
270 6 32.6928596376
271 6 32.6928596376
272 6 32.6928596376
273 6 32.6928596376
274 6 32.6928596376
275 6 32.6928596376
276 6 32.6928596376
277 6 32.6928596376
278 6 32.6928596376
279 6 32.6928596376
280 6 32.6928596376
281 7 36.4915286308
282 7 36.4915286308
283 7 36.4915286308
284 7 36.4915286308
285 7 36.4915286308
286 7 36.4915286308
287 7 36.4915286308
288 7 36.4915286308
289 7 36.4915286308
290 7 36.4915286308
291 7 36.4915286308
292 7 36.4915286308
293 7 36.4915286308
294 7 36.4915286308
295 7 36.4915286308
296 7 36.4915286308
297 7 36.4915286308
298 7 36.4915286308
299 7 36.4915286308
300 7 36.4915286308
301 7 36.4915286308
302 7 36.4915286308
303 7 36.4915286308
304 7 36.4915286308
305 7 36.4915286308
306 7 36.4915286308
307 7 36.4915286308
308 7 36.4915286308
309 7 36.4915286308
310 7 36.4915286308
311 7 36.4915286308
312 7 36.4915286308
313 7 36.4915286308
314 7 36.4915286308
315 7 36.4915286308
316 7 36.4915286308
317 7 36.4915286308
318 7 36.4915286308
319 7 36.4915286308
320 7 36.4915286308
321 8 38.332531216
322 8 38.332531216
323 8 38.332531216
324 8 38.332531216
325 8 38.332531216
326 8 38.332531216
327 8 38.332531216
328 8 38.332531216
329 8 38.332531216
330 8 38.332531216
331 8 38.332531216
332 8 38.332531216
333 8 38.332531216
334 8 38.332531216
335 8 38.332531216
336 8 38.332531216
337 8 38.332531216
338 8 38.332531216
339 8 38.332531216
340 8 38.332531216
341 8 38.332531216
342 8 38.332531216
343 8 38.332531216
344 8 38.332531216
345 8 38.332531216
346 8 38.332531216
347 8 38.332531216
348 8 38.332531216
349 8 38.332531216
350 8 38.332531216
351 8 38.332531216
352 8 38.332531216
353 8 38.332531216
354 8 38.332531216
355 8 38.332531216
356 8 38.332531216
357 8 38.332531216
358 8 38.332531216
359 8 38.332531216
360 8 38.332531216
361 9 37.6916970546
362 9 37.6916970546
363 9 37.6916970546
364 9 37.6916970546
365 9 37.6916970546
366 9 37.6916970546
367 9 37.6916970546
368 9 37.6916970546
369 9 37.6916970546
370 9 37.6916970546
371 9 37.6916970546
372 9 37.6916970546
373 9 37.6916970546
374 9 37.6916970546
375 9 37.6916970546
376 9 37.6916970546
377 9 37.6916970546
378 9 37.6916970546
379 9 37.6916970546
380 9 37.6916970546
381 9 37.6916970546
382 9 37.6916970546
383 9 37.6916970546
384 9 37.6916970546
385 9 37.6916970546
386 9 37.6916970546
387 9 37.6916970546
388 9 37.6916970546
389 9 37.6916970546
390 9 37.6916970546
391 9 37.6916970546
392 9 37.6916970546
393 9 37.6916970546
394 9 37.6916970546
395 9 37.6916970546
396 9 37.6916970546
397 9 37.6916970546
398 9 37.6916970546
399 9 37.6916970546
400 9 37.6916970546
401 10 86.442615235
