1 0 44.3893876305
2 0 44.3893876305
3 0 44.3893876305
4 0 44.3893876305
5 0 44.3893876305
6 0 44.3893876305
7 0 44.3893876305
8 0 44.3893876305
9 0 44.3893876305
10 0 44.3893876305
11 0 44.3893876305
12 0 44.3893876305
13 0 44.3893876305
14 0 44.3893876305
15 0 44.3893876305
16 0 44.3893876305
17 0 44.3893876305
18 0 44.3893876305
19 0 44.3893876305
20 0 44.3893876305
21 0 44.3893876305
22 0 44.3893876305
23 0 44.3893876305
24 0 44.3893876305
25 0 44.3893876305
26 0 44.3893876305
27 0 44.3893876305
28 0 44.3893876305
29 0 44.3893876305
30 0 44.3893876305
31 0 44.3893876305
32 0 44.3893876305
33 0 44.3893876305
34 0 44.3893876305
35 0 44.3893876305
36 0 44.3893876305
37 0 44.3893876305
38 0 44.3893876305
39 0 44.3893876305
40 0 44.3893876305
41 1 49.5487951465
42 1 49.5487951465
43 1 49.5487951465
44 1 49.5487951465
45 1 49.5487951465
46 1 49.5487951465
47 1 49.5487951465
48 1 49.5487951465
49 1 49.5487951465
50 1 49.5487951465
51 1 49.5487951465
52 1 49.5487951465
53 1 49.5487951465
54 1 49.5487951465
55 1 49.5487951465
56 1 49.5487951465
57 1 49.5487951465
58 1 49.5487951465
59 1 49.5487951465
60 1 49.5487951465
61 1 49.5487951465
62 1 49.5487951465
63 1 49.5487951465
64 1 49.5487951465
65 1 49.5487951465
66 1 49.5487951465
67 1 49.5487951465
68 1 49.5487951465
69 1 49.5487951465
70 1 49.5487951465
71 1 49.5487951465
72 1 49.5487951465
73 1 49.5487951465
74 1 49.5487951465
75 1 49.5487951465
76 1 49.5487951465
77 1 49.5487951465
78 1 49.5487951465
79 1 49.5487951465
80 1 49.5487951465
81 2 47.699194886
82 2 47.699194886
83 2 47.699194886
84 2 47.699194886
85 2 47.699194886
86 2 47.699194886
87 2 47.699194886
88 2 47.699194886
89 2 47.699194886
90 2 47.699194886
91 2 47.699194886
92 2 47.699194886
93 2 47.699194886
94 2 47.699194886
95 2 47.699194886
96 2 47.699194886
97 2 47.699194886
98 2 47.699194886
99 2 47.699194886
100 2 47.699194886
101 2 47.699194886
102 2 47.699194886
103 2 47.699194886
104 2 47.699194886
105 2 47.699194886
106 2 47.699194886
107 2 47.699194886
108 2 47.699194886
109 2 47.699194886
110 2 47.699194886
111 2 47.699194886
112 2 47.699194886
113 2 47.699194886
114 2 47.699194886
115 2 47.699194886
116 2 47.699194886
117 2 47.699194886
118 2 47.699194886
119 2 47.699194886
120 2 47.699194886
121 3 35.7356480403
122 3 35.7356480403
123 3 35.7356480403
124 3 35.7356480403
125 3 35.7356480403
126 3 35.7356480403
127 3 35.7356480403
128 3 35.7356480403
129 3 35.7356480403
130 3 35.7356480403
131 3 35.7356480403
132 3 35.7356480403
133 3 35.7356480403
134 3 35.7356480403
135 3 35.7356480403
136 3 35.7356480403
137 3 35.7356480403
138 3 35.7356480403
139 3 35.7356480403
140 3 35.7356480403
141 3 35.7356480403
142 3 35.7356480403
143 3 35.7356480403
144 3 35.7356480403
145 3 35.7356480403
146 3 35.7356480403
147 3 35.7356480403
148 3 35.7356480403
149 3 35.7356480403
150 3 35.7356480403
151 3 35.7356480403
152 3 35.7356480403
153 3 35.7356480403
154 3 35.7356480403
155 3 35.7356480403
156 3 35.7356480403
157 3 35.7356480403
158 3 35.7356480403
159 3 35.7356480403
160 3 35.7356480403
161 4 30.9788619011
162 4 30.9788619011
163 4 30.9788619011
164 4 30.9788619011
165 4 30.9788619011
166 4 30.9788619011
167 4 30.9788619011
168 4 30.9788619011
169 4 30.9788619011
170 4 30.9788619011
171 4 30.9788619011
172 4 30.9788619011
173 4 30.9788619011
174 4 30.9788619011
175 4 30.9788619011
176 4 30.9788619011
177 4 30.9788619011
178 4 30.9788619011
179 4 30.9788619011
180 4 30.9788619011
181 4 30.9788619011
182 4 30.9788619011
183 4 30.9788619011
184 4 30.9788619011
185 4 30.9788619011
186 4 30.9788619011
187 4 30.9788619011
188 4 30.9788619011
189 4 30.9788619011
190 4 30.9788619011
191 4 30.9788619011
192 4 30.9788619011
193 4 30.9788619011
194 4 30.9788619011
195 4 30.9788619011
196 4 30.9788619011
197 4 30.9788619011
198 4 30.9788619011
199 4 30.9788619011
200 4 30.9788619011
201 5 31.0387096782
202 5 31.0387096782
203 5 31.0387096782
204 5 31.0387096782
205 5 31.0387096782
206 5 31.0387096782
207 5 31.0387096782
208 5 31.0387096782
209 5 31.0387096782
210 5 31.0387096782
211 5 31.0387096782
212 5 31.0387096782
213 5 31.0387096782
214 5 31.0387096782
215 5 31.0387096782
216 5 31.0387096782
217 5 31.0387096782
218 5 31.0387096782
219 5 31.0387096782
220 5 31.0387096782
221 5 31.0387096782
222 5 31.0387096782
223 5 31.0387096782
224 5 31.0387096782
225 5 31.0387096782
226 5 31.0387096782
227 5 31.0387096782
228 5 31.0387096782
229 5 31.0387096782
230 5 31.0387096782
231 5 31.0387096782
232 5 31.0387096782
233 5 31.0387096782
234 5 31.0387096782
235 5 31.0387096782
236 5 31.0387096782
237 5 31.0387096782
238 5 31.0387096782
239 5 31.0387096782
240 5 31.0387096782
241 6 20.9656601585
242 6 20.9656601585
243 6 20.9656601585
244 6 20.9656601585
245 6 20.9656601585
246 6 20.9656601585
247 6 20.9656601585
248 6 20.9656601585
249 6 20.9656601585
250 6 20.9656601585
251 6 20.9656601585
252 6 20.9656601585
253 6 20.9656601585
254 6 20.9656601585
255 6 20.9656601585
256 6 20.9656601585
257 6 20.9656601585
258 6 20.9656601585
259 6 20.9656601585
260 6 20.9656601585
261 6 20.9656601585
262 6 20.9656601585
263 6 20.9656601585
264 6 20.9656601585
265 6 20.9656601585
266 6 20.9656601585
267 6 20.9656601585
268 6 20.9656601585
269 6 20.9656601585
270 6 20.9656601585
271 6 20.9656601585
272 6 20.9656601585
273 6 20.9656601585
274 6 20.9656601585
275 6 20.9656601585
276 6 20.9656601585
277 6 20.9656601585
278 6 20.9656601585
279 6 20.9656601585
280 6 20.9656601585
281 7 18.5332483757
282 7 18.5332483757
283 7 18.5332483757
284 7 18.5332483757
285 7 18.5332483757
286 7 18.5332483757
287 7 18.5332483757
288 7 18.5332483757
289 7 18.5332483757
290 7 18.5332483757
291 7 18.5332483757
292 7 18.5332483757
293 7 18.5332483757
294 7 18.5332483757
295 7 18.5332483757
296 7 18.5332483757
297 7 18.5332483757
298 7 18.5332483757
299 7 18.5332483757
300 7 18.5332483757
301 7 18.5332483757
302 7 18.5332483757
303 7 18.5332483757
304 7 18.5332483757
305 7 18.5332483757
306 7 18.5332483757
307 7 18.5332483757
308 7 18.5332483757
309 7 18.5332483757
310 7 18.5332483757
311 7 18.5332483757
312 7 18.5332483757
313 7 18.5332483757
314 7 18.5332483757
315 7 18.5332483757
316 7 18.5332483757
317 7 18.5332483757
318 7 18.5332483757
319 7 18.5332483757
320 7 18.5332483757
321 8 14.3359455926
322 8 14.3359455926
323 8 14.3359455926
324 8 14.3359455926
325 8 14.3359455926
326 8 14.3359455926
327 8 14.3359455926
328 8 14.3359455926
329 8 14.3359455926
330 8 14.3359455926
331 8 14.3359455926
332 8 14.3359455926
333 8 14.3359455926
334 8 14.3359455926
335 8 14.3359455926
336 8 14.3359455926
337 8 14.3359455926
338 8 14.3359455926
339 8 14.3359455926
340 8 14.3359455926
341 8 14.3359455926
342 8 14.3359455926
343 8 14.3359455926
344 8 14.3359455926
345 8 14.3359455926
346 8 14.3359455926
347 8 14.3359455926
348 8 14.3359455926
349 8 14.3359455926
350 8 14.3359455926
351 8 14.3359455926
352 8 14.3359455926
353 8 14.3359455926
354 8 14.3359455926
355 8 14.3359455926
356 8 14.3359455926
357 8 14.3359455926
358 8 14.3359455926
359 8 14.3359455926
360 8 14.3359455926
361 9 14.8191517483
362 9 14.8191517483
363 9 14.8191517483
364 9 14.8191517483
365 9 14.8191517483
366 9 14.8191517483
367 9 14.8191517483
368 9 14.8191517483
369 9 14.8191517483
370 9 14.8191517483
371 9 14.8191517483
372 9 14.8191517483
373 9 14.8191517483
374 9 14.8191517483
375 9 14.8191517483
376 9 14.8191517483
377 9 14.8191517483
378 9 14.8191517483
379 9 14.8191517483
380 9 14.8191517483
381 9 14.8191517483
382 9 14.8191517483
383 9 14.8191517483
384 9 14.8191517483
385 9 14.8191517483
386 9 14.8191517483
387 9 14.8191517483
388 9 14.8191517483
389 9 14.8191517483
390 9 14.8191517483
391 9 14.8191517483
392 9 14.8191517483
393 9 14.8191517483
394 9 14.8191517483
395 9 14.8191517483
396 9 14.8191517483
397 9 14.8191517483
398 9 14.8191517483
399 9 14.8191517483
400 9 14.8191517483
401 10 20.0207983615
402 10 20.0207983615
403 10 20.0207983615
404 10 20.0207983615
405 10 20.0207983615
406 10 20.0207983615
407 10 20.0207983615
408 10 20.0207983615
409 10 20.0207983615
410 10 20.0207983615
411 10 20.0207983615
412 10 20.0207983615
413 10 20.0207983615
414 10 20.0207983615
415 10 20.0207983615
416 10 20.0207983615
417 10 20.0207983615
418 10 20.0207983615
419 10 20.0207983615
420 10 20.0207983615
421 10 20.0207983615
422 10 20.0207983615
423 10 20.0207983615
424 10 20.0207983615
425 10 20.0207983615
426 10 20.0207983615
427 10 20.0207983615
428 10 20.0207983615
429 10 20.0207983615
430 10 20.0207983615
431 10 20.0207983615
432 10 20.0207983615
433 10 20.0207983615
434 10 20.0207983615
435 10 20.0207983615
436 10 20.0207983615
437 10 20.0207983615
438 10 20.0207983615
439 10 20.0207983615
440 10 20.0207983615
441 11 22.836957687
442 11 22.836957687
443 11 22.836957687
444 11 22.836957687
445 11 22.836957687
446 11 22.836957687
447 11 22.836957687
448 11 22.836957687
449 11 22.836957687
450 11 22.836957687
451 11 22.836957687
452 11 22.836957687
453 11 22.836957687
454 11 22.836957687
455 11 22.836957687
456 11 22.836957687
457 11 22.836957687
458 11 22.836957687
459 11 22.836957687
460 11 22.836957687
461 11 22.836957687
462 11 22.836957687
463 11 22.836957687
464 11 22.836957687
465 11 22.836957687
466 11 22.836957687
467 11 22.836957687
468 11 22.836957687
469 11 22.836957687
470 11 22.836957687
471 11 22.836957687
472 11 22.836957687
473 11 22.836957687
474 11 22.836957687
475 11 22.836957687
476 11 22.836957687
477 11 22.836957687
478 11 22.836957687
479 11 22.836957687
480 11 22.836957687
481 12 20.0706434999
482 12 20.0706434999
483 12 20.0706434999
484 12 20.0706434999
485 12 20.0706434999
486 12 20.0706434999
487 12 20.0706434999
488 12 20.0706434999
489 12 20.0706434999
490 12 20.0706434999
491 12 20.0706434999
492 12 20.0706434999
493 12 20.0706434999
494 12 20.0706434999
495 12 20.0706434999
496 12 20.0706434999
497 12 20.0706434999
498 12 20.0706434999
499 12 20.0706434999
500 12 20.0706434999
501 12 20.0706434999
502 12 20.0706434999
503 12 20.0706434999
504 12 20.0706434999
505 12 20.0706434999
506 12 20.0706434999
507 12 20.0706434999
508 12 20.0706434999
509 12 20.0706434999
510 12 20.0706434999
511 12 20.0706434999
512 12 20.0706434999
513 12 20.0706434999
514 12 20.0706434999
515 12 20.0706434999
516 12 20.0706434999
517 12 20.0706434999
518 12 20.0706434999
519 12 20.0706434999
520 12 20.0706434999
521 13 25.3484537601
522 13 25.3484537601
523 13 25.3484537601
524 13 25.3484537601
525 13 25.3484537601
526 13 25.3484537601
527 13 25.3484537601
528 13 25.3484537601
529 13 25.3484537601
530 13 25.3484537601
531 13 25.3484537601
532 13 25.3484537601
533 13 25.3484537601
534 13 25.3484537601
535 13 25.3484537601
536 13 25.3484537601
537 13 25.3484537601
538 13 25.3484537601
539 13 25.3484537601
540 13 25.3484537601
541 13 25.3484537601
542 13 25.3484537601
543 13 25.3484537601
544 13 25.3484537601
545 13 25.3484537601
546 13 25.3484537601
547 13 25.3484537601
548 13 25.3484537601
549 13 25.3484537601
550 13 25.3484537601
551 13 25.3484537601
552 13 25.3484537601
553 13 25.3484537601
554 13 25.3484537601
555 13 25.3484537601
556 13 25.3484537601
557 13 25.3484537601
558 13 25.3484537601
559 13 25.3484537601
560 13 25.3484537601
561 14 20.4452574228
562 14 20.4452574228
563 14 20.4452574228
564 14 20.4452574228
565 14 20.4452574228
566 14 20.4452574228
567 14 20.4452574228
568 14 20.4452574228
569 14 20.4452574228
570 14 20.4452574228
571 14 20.4452574228
572 14 20.4452574228
573 14 20.4452574228
574 14 20.4452574228
575 14 20.4452574228
576 14 20.4452574228
577 14 20.4452574228
578 14 20.4452574228
579 14 20.4452574228
580 14 20.4452574228
581 14 20.4452574228
582 14 20.4452574228
583 14 20.4452574228
584 14 20.4452574228
585 14 20.4452574228
586 14 20.4452574228
587 14 20.4452574228
588 14 20.4452574228
589 14 20.4452574228
590 14 20.4452574228
591 14 20.4452574228
592 14 20.4452574228
593 14 20.4452574228
594 14 20.4452574228
595 14 20.4452574228
596 14 20.4452574228
597 14 20.4452574228
598 14 20.4452574228
599 14 20.4452574228
600 14 20.4452574228
601 15 23.3524661671
602 15 23.3524661671
603 15 23.3524661671
604 15 23.3524661671
605 15 23.3524661671
606 15 23.3524661671
607 15 23.3524661671
608 15 23.3524661671
609 15 23.3524661671
610 15 23.3524661671
611 15 23.3524661671
612 15 23.3524661671
613 15 23.3524661671
614 15 23.3524661671
615 15 23.3524661671
616 15 23.3524661671
617 15 23.3524661671
618 15 23.3524661671
619 15 23.3524661671
620 15 23.3524661671
621 15 23.3524661671
622 15 23.3524661671
623 15 23.3524661671
624 15 23.3524661671
625 15 23.3524661671
626 15 23.3524661671
627 15 23.3524661671
628 15 23.3524661671
629 15 23.3524661671
630 15 23.3524661671
631 15 23.3524661671
632 15 23.3524661671
633 15 23.3524661671
634 15 23.3524661671
635 15 23.3524661671
636 15 23.3524661671
637 15 23.3524661671
638 15 23.3524661671
639 15 23.3524661671
640 15 23.3524661671
641 16 16.7320698487
642 16 16.7320698487
643 16 16.7320698487
644 16 16.7320698487
645 16 16.7320698487
646 16 16.7320698487
647 16 16.7320698487
648 16 16.7320698487
649 16 16.7320698487
650 16 16.7320698487
651 16 16.7320698487
652 16 16.7320698487
653 16 16.7320698487
654 16 16.7320698487
655 16 16.7320698487
656 16 16.7320698487
657 16 16.7320698487
658 16 16.7320698487
659 16 16.7320698487
660 16 16.7320698487
661 16 16.7320698487
662 16 16.7320698487
663 16 16.7320698487
664 16 16.7320698487
665 16 16.7320698487
666 16 16.7320698487
667 16 16.7320698487
668 16 16.7320698487
669 16 16.7320698487
670 16 16.7320698487
671 16 16.7320698487
672 16 16.7320698487
673 16 16.7320698487
674 16 16.7320698487
675 16 16.7320698487
676 16 16.7320698487
677 16 16.7320698487
678 16 16.7320698487
679 16 16.7320698487
680 16 16.7320698487
681 17 14.8641835691
682 17 14.8641835691
683 17 14.8641835691
684 17 14.8641835691
685 17 14.8641835691
686 17 14.8641835691
687 17 14.8641835691
688 17 14.8641835691
689 17 14.8641835691
690 17 14.8641835691
691 17 14.8641835691
692 17 14.8641835691
693 17 14.8641835691
694 17 14.8641835691
695 17 14.8641835691
696 17 14.8641835691
697 17 14.8641835691
698 17 14.8641835691
699 17 14.8641835691
700 17 14.8641835691
701 17 14.8641835691
702 17 14.8641835691
703 17 14.8641835691
704 17 14.8641835691
705 17 14.8641835691
706 17 14.8641835691
707 17 14.8641835691
708 17 14.8641835691
709 17 14.8641835691
710 17 14.8641835691
711 17 14.8641835691
712 17 14.8641835691
713 17 14.8641835691
714 17 14.8641835691
715 17 14.8641835691
716 17 14.8641835691
717 17 14.8641835691
718 17 14.8641835691
719 17 14.8641835691
720 17 14.8641835691
721 18 17.6734606064
722 18 17.6734606064
723 18 17.6734606064
724 18 17.6734606064
725 18 17.6734606064
726 18 17.6734606064
727 18 17.6734606064
728 18 17.6734606064
729 18 17.6734606064
730 18 17.6734606064
731 18 17.6734606064
732 18 17.6734606064
733 18 17.6734606064
734 18 17.6734606064
735 18 17.6734606064
736 18 17.6734606064
737 18 17.6734606064
738 18 17.6734606064
739 18 17.6734606064
740 18 17.6734606064
741 18 17.6734606064
742 18 17.6734606064
743 18 17.6734606064
744 18 17.6734606064
745 18 17.6734606064
746 18 17.6734606064
747 18 17.6734606064
748 18 17.6734606064
749 18 17.6734606064
750 18 17.6734606064
751 18 17.6734606064
752 18 17.6734606064
753 18 17.6734606064
754 18 17.6734606064
755 18 17.6734606064
756 18 17.6734606064
757 18 17.6734606064
758 18 17.6734606064
759 18 17.6734606064
760 18 17.6734606064
761 19 19.1548217337
762 19 19.1548217337
763 19 19.1548217337
764 19 19.1548217337
765 19 19.1548217337
766 19 19.1548217337
767 19 19.1548217337
768 19 19.1548217337
769 19 19.1548217337
770 19 19.1548217337
771 19 19.1548217337
772 19 19.1548217337
773 19 19.1548217337
774 19 19.1548217337
775 19 19.1548217337
776 19 19.1548217337
777 19 19.1548217337
778 19 19.1548217337
779 19 19.1548217337
780 19 19.1548217337
781 19 19.1548217337
782 19 19.1548217337
783 19 19.1548217337
784 19 19.1548217337
785 19 19.1548217337
786 19 19.1548217337
787 19 19.1548217337
788 19 19.1548217337
789 19 19.1548217337
790 19 19.1548217337
791 19 19.1548217337
792 19 19.1548217337
793 19 19.1548217337
794 19 19.1548217337
795 19 19.1548217337
796 19 19.1548217337
797 19 19.1548217337
798 19 19.1548217337
799 19 19.1548217337
800 19 19.1548217337
801 20 16.5191662833
802 20 16.5191662833
803 20 16.5191662833
804 20 16.5191662833
805 20 16.5191662833
806 20 16.5191662833
807 20 16.5191662833
808 20 16.5191662833
809 20 16.5191662833
810 20 16.5191662833
811 20 16.5191662833
812 20 16.5191662833
813 20 16.5191662833
814 20 16.5191662833
815 20 16.5191662833
816 20 16.5191662833
817 20 16.5191662833
818 20 16.5191662833
819 20 16.5191662833
820 20 16.5191662833
821 20 16.5191662833
822 20 16.5191662833
823 20 16.5191662833
824 20 16.5191662833
825 20 16.5191662833
826 20 16.5191662833
827 20 16.5191662833
828 20 16.5191662833
829 20 16.5191662833
830 20 16.5191662833
831 20 16.5191662833
832 20 16.5191662833
833 20 16.5191662833
834 20 16.5191662833
835 20 16.5191662833
836 20 16.5191662833
837 20 16.5191662833
838 20 16.5191662833
839 20 16.5191662833
840 20 16.5191662833
841 21 13.2099832795
842 21 13.2099832795
843 21 13.2099832795
844 21 13.2099832795
845 21 13.2099832795
846 21 13.2099832795
847 21 13.2099832795
848 21 13.2099832795
849 21 13.2099832795
850 21 13.2099832795
851 21 13.2099832795
852 21 13.2099832795
853 21 13.2099832795
854 21 13.2099832795
855 21 13.2099832795
856 21 13.2099832795
857 21 13.2099832795
858 21 13.2099832795
859 21 13.2099832795
860 21 13.2099832795
861 21 13.2099832795
862 21 13.2099832795
863 21 13.2099832795
864 21 13.2099832795
865 21 13.2099832795
866 21 13.2099832795
867 21 13.2099832795
868 21 13.2099832795
869 21 13.2099832795
870 21 13.2099832795
871 21 13.2099832795
872 21 13.2099832795
873 21 13.2099832795
874 21 13.2099832795
875 21 13.2099832795
876 21 13.2099832795
877 21 13.2099832795
878 21 13.2099832795
879 21 13.2099832795
880 21 13.2099832795
881 22 18.6085162354
882 22 18.6085162354
883 22 18.6085162354
884 22 18.6085162354
885 22 18.6085162354
886 22 18.6085162354
887 22 18.6085162354
888 22 18.6085162354
889 22 18.6085162354
890 22 18.6085162354
891 22 18.6085162354
892 22 18.6085162354
893 22 18.6085162354
894 22 18.6085162354
895 22 18.6085162354
896 22 18.6085162354
897 22 18.6085162354
898 22 18.6085162354
899 22 18.6085162354
900 22 18.6085162354
901 22 18.6085162354
902 22 18.6085162354
903 22 18.6085162354
904 22 18.6085162354
905 22 18.6085162354
906 22 18.6085162354
907 22 18.6085162354
908 22 18.6085162354
909 22 18.6085162354
910 22 18.6085162354
911 22 18.6085162354
912 22 18.6085162354
913 22 18.6085162354
914 22 18.6085162354
915 22 18.6085162354
916 22 18.6085162354
917 22 18.6085162354
918 22 18.6085162354
919 22 18.6085162354
920 22 18.6085162354
921 23 18.2692168396
922 23 18.2692168396
923 23 18.2692168396
924 23 18.2692168396
925 23 18.2692168396
926 23 18.2692168396
927 23 18.2692168396
928 23 18.2692168396
929 23 18.2692168396
930 23 18.2692168396
931 23 18.2692168396
932 23 18.2692168396
933 23 18.2692168396
934 23 18.2692168396
935 23 18.2692168396
936 23 18.2692168396
937 23 18.2692168396
938 23 18.2692168396
939 23 18.2692168396
940 23 18.2692168396
941 23 18.2692168396
942 23 18.2692168396
943 23 18.2692168396
944 23 18.2692168396
945 23 18.2692168396
946 23 18.2692168396
947 23 18.2692168396
948 23 18.2692168396
949 23 18.2692168396
950 23 18.2692168396
951 23 18.2692168396
952 23 18.2692168396
953 23 18.2692168396
954 23 18.2692168396
955 23 18.2692168396
956 23 18.2692168396
957 23 18.2692168396
958 23 18.2692168396
959 23 18.2692168396
960 23 18.2692168396
961 24 23.3998069921
962 24 23.3998069921
963 24 23.3998069921
964 24 23.3998069921
965 24 23.3998069921
966 24 23.3998069921
967 24 23.3998069921
968 24 23.3998069921
969 24 23.3998069921
970 24 23.3998069921
971 24 23.3998069921
972 24 23.3998069921
973 24 23.3998069921
974 24 23.3998069921
975 24 23.3998069921
976 24 23.3998069921
977 24 23.3998069921
978 24 23.3998069921
979 24 23.3998069921
980 24 23.3998069921
981 24 23.3998069921
982 24 23.3998069921
983 24 23.3998069921
984 24 23.3998069921
985 24 23.3998069921
986 24 23.3998069921
987 24 23.3998069921
988 24 23.3998069921
989 24 23.3998069921
990 24 23.3998069921
991 24 23.3998069921
992 24 23.3998069921
993 24 23.3998069921
994 24 23.3998069921
995 24 23.3998069921
996 24 23.3998069921
997 24 23.3998069921
998 24 23.3998069921
999 24 23.3998069921
1000 24 23.3998069921
1001 25 25.3279292913
1002 25 25.3279292913
1003 25 25.3279292913
1004 25 25.3279292913
1005 25 25.3279292913
1006 25 25.3279292913
1007 25 25.3279292913
1008 25 25.3279292913
1009 25 25.3279292913
1010 25 25.3279292913
1011 25 25.3279292913
1012 25 25.3279292913
1013 25 25.3279292913
1014 25 25.3279292913
1015 25 25.3279292913
1016 25 25.3279292913
1017 25 25.3279292913
1018 25 25.3279292913
1019 25 25.3279292913
1020 25 25.3279292913
1021 25 25.3279292913
1022 25 25.3279292913
1023 25 25.3279292913
1024 25 25.3279292913
1025 25 25.3279292913
1026 25 25.3279292913
1027 25 25.3279292913
1028 25 25.3279292913
1029 25 25.3279292913
1030 25 25.3279292913
1031 25 25.3279292913
1032 25 25.3279292913
1033 25 25.3279292913
1034 25 25.3279292913
1035 25 25.3279292913
1036 25 25.3279292913
1037 25 25.3279292913
1038 25 25.3279292913
1039 25 25.3279292913
1040 25 25.3279292913
1041 26 25.2015666254
1042 26 25.2015666254
1043 26 25.2015666254
1044 26 25.2015666254
1045 26 25.2015666254
1046 26 25.2015666254
1047 26 25.2015666254
1048 26 25.2015666254
1049 26 25.2015666254
1050 26 25.2015666254
1051 26 25.2015666254
1052 26 25.2015666254
1053 26 25.2015666254
1054 26 25.2015666254
1055 26 25.2015666254
1056 26 25.2015666254
1057 26 25.2015666254
1058 26 25.2015666254
1059 26 25.2015666254
1060 26 25.2015666254
1061 26 25.2015666254
1062 26 25.2015666254
1063 26 25.2015666254
1064 26 25.2015666254
1065 26 25.2015666254
1066 26 25.2015666254
1067 26 25.2015666254
1068 26 25.2015666254
1069 26 25.2015666254
1070 26 25.2015666254
1071 26 25.2015666254
1072 26 25.2015666254
1073 26 25.2015666254
1074 26 25.2015666254
1075 26 25.2015666254
1076 26 25.2015666254
1077 26 25.2015666254
1078 26 25.2015666254
1079 26 25.2015666254
1080 26 25.2015666254
1081 27 23.4157770315
1082 27 23.4157770315
1083 27 23.4157770315
1084 27 23.4157770315
1085 27 23.4157770315
1086 27 23.4157770315
1087 27 23.4157770315
1088 27 23.4157770315
1089 27 23.4157770315
1090 27 23.4157770315
1091 27 23.4157770315
1092 27 23.4157770315
1093 27 23.4157770315
1094 27 23.4157770315
