1 0 31.9848845033
2 0 31.9848845033
3 0 31.9848845033
4 0 31.9848845033
5 0 31.9848845033
6 0 31.9848845033
7 0 31.9848845033
8 0 31.9848845033
9 0 31.9848845033
10 0 31.9848845033
11 0 31.9848845033
12 1 30.9376814664
13 2 29.4743129495
14 3 29.2527692161
15 4 29.0683992797
16 5 27.636848656
17 6 27.3370753187
18 7 28.1513585482
19 8 26.3816052174
20 9 26.3514419494
21 10 26.9753226028
22 11 25.4021811804
23 12 24.2990623031
24 13 24.2975401473
25 14 22.8050315258
26 15 22.944291057
27 16 22.8565399357
28 17 21.3082148129
29 18 20.6563714153
30 19 21.2570196758
31 20 19.9235220728
32 21 18.0662437466
33 22 19.0345098769
34 23 19.8683562663
35 24 18.1870883885
36 25 17.6859713914
37 26 19.4195180355
38 27 19.3429327186
39 28 17.9294911084
40 29 19.0471132691
41 30 20.5208376805
42 31 22.4278958271
43 32 23.6298116487
44 33 25.5740838251
45 34 26.9384517229
46 35 26.1562464122
47 36 24.6265962243
48 37 22.7661536248
49 38 21.9374106315
50 39 20.7912291052
51 40 19.1211889624
52 41 18.6067653388
53 42 19.6469648424
54 43 20.8085958091
55 44 22.1769774135
56 45 23.1835336477
57 46 23.8502222211
58 47 24.5825135889
59 48 24.9778969454
60 49 24.9737461314
61 50 24.8312917886
62 51 22.7776809905
63 52 22.4199712451
64 53 23.3104024041
65 54 21.7203002697
66 55 20.1121985049
67 56 19.9517897975
68 57 20.6765747995
69 58 19.3711707031
70 59 18.8747079995
71 60 19.9019239664
72 61 19.6066461884
73 62 20.2612514382
74 63 19.2951905488
75 64 20.1408992302
76 65 19.7736008194
77 66 18.4110082417
78 67 18.3764590527
79 68 18.5027363824
80 69 17.6981104419
81 70 18.529695885
82 71 19.0987242139
83 72 17.9665094196
84 73 17.1560230537
85 74 10.2095021901
86 74 10.2095021901
87 74 10.2095021901
88 74 10.2095021901
89 74 10.2095021901
90 74 10.2095021901
91 74 10.2095021901
92 74 10.2095021901
93 74 10.2095021901
94 74 10.2095021901
95 74 10.2095021901
96 74 10.2095021901
97 74 10.2095021901
98 74 10.2095021901
99 74 10.2095021901
100 74 10.2095021901
101 74 10.2095021901
102 74 10.2095021901
103 74 10.2095021901
104 74 10.2095021901
105 75 16.0109116421
106 75 16.0109116421
107 75 16.0109116421
108 75 16.0109116421
109 75 16.0109116421
110 75 16.0109116421
111 75 16.0109116421
112 76 8.62268765293
113 77 9.09625194681
114 78 9.38796647428
115 79 7.80735697616
116 80 7.40460097379
117 81 8.50478418315
118 82 7.70752885064
119 83 6.92786972002
120 84 7.89596395137
121 85 8.32781004175
122 86 7.72203697143
123 87 8.53608740535
124 88 9.38492247525
125 89 9.20579795334
126 90 9.51297747552
127 91 10.7105123331
128 92 10.9235112181
129 93 10.7487087209
130 94 11.8410881911
131 95 12.9473525721
132 96 12.6995001671
133 97 12.831626642
134 98 14.3132778774
135 99 15.0693384798
136 100 15.3722912388
137 101 14.257527984
138 102 14.0126040243
139 103 12.7560704728
140 104 12.8835302695
141 105 13.0640216514
142 106 12.0784113491
143 107 11.6225160654
144 108 12.1972332014
145 109 11.3863805216
146 110 10.3643849715
147 111 10.9293787735
148 112 10.9999982538
149 113 9.95920283172
150 114 9.1635723759
151 115 9.86578831199
152 116 9.49735227583
153 117 8.6837770841
154 118 7.99434738198
155 119 8.48924400652
156 120 8.94605665151
157 121 7.76075504081
158 122 7.29710343098
159 123 8.23208082907
160 124 8.72869204511
161 125 7.38105213057
162 126 7.15584576526
163 127 8.56879461027
164 128 8.68689408931
165 129 7.50514676248
166 130 8.1404708837
167 131 8.95360615986
168 132 7.99505771457
169 133 7.21018116094
170 134 8.26567501067
171 135 8.52529589477
172 136 7.51701454953
173 137 7.76904160971
174 138 8.55054508692
175 139 8.21285033152
176 140 7.64869961346
177 141 8.42008681239
178 142 8.78768763613
179 143 8.25804605082
180 144 8.21005441193
181 145 8.95251400579
182 146 8.96888354586
183 147 8.50131927345
184 148 8.97864474689
185 149 9.47674924477
186 150 9.24733681142
187 151 9.06140891924
188 152 9.83167653031
189 153 9.9151973609
190 154 9.49524138443
191 155 9.76868955009
192 156 10.3680763411
193 157 10.2291777764
194 158 9.96249032454
195 159 10.5875163057
196 160 10.8446774431
197 161 10.6631834437
198 162 10.6339951501
199 163 11.245818921
200 164 11.3219435668
201 165 11.2711719273
202 166 11.4647443655
203 167 11.8596212957
204 168 12.1135737103
205 169 12.2868914528
206 170 12.3960548255
207 171 16.100992373
208 171 16.100992373
209 171 16.100992373
210 171 16.100992373
211 171 16.100992373
212 171 16.100992373
213 171 16.100992373
214 171 16.100992373
215 171 16.100992373
216 171 16.100992373
217 171 16.100992373
218 171 16.100992373
219 171 16.100992373
220 171 16.100992373
221 171 16.100992373
222 171 16.100992373
