1 0 44.2541851753
2 0 44.2541851753
3 0 44.2541851753
4 0 44.2541851753
5 0 44.2541851753
6 0 44.2541851753
7 0 44.2541851753
8 0 44.2541851753
9 0 44.2541851753
10 0 44.2541851753
11 0 44.2541851753
12 0 44.2541851753
13 0 44.2541851753
14 0 44.2541851753
15 0 44.2541851753
16 0 44.2541851753
17 0 44.2541851753
18 0 44.2541851753
19 0 44.2541851753
20 0 44.2541851753
21 0 44.2541851753
22 0 44.2541851753
23 0 44.2541851753
24 0 44.2541851753
25 0 44.2541851753
26 0 44.2541851753
27 0 44.2541851753
28 0 44.2541851753
29 0 44.2541851753
30 0 44.2541851753
31 0 44.2541851753
32 0 44.2541851753
33 0 44.2541851753
34 0 44.2541851753
35 0 44.2541851753
36 0 44.2541851753
37 0 44.2541851753
38 0 44.2541851753
39 0 44.2541851753
40 0 44.2541851753
41 1 41.1475118077
42 1 41.1475118077
43 1 41.1475118077
44 1 41.1475118077
45 1 41.1475118077
46 1 41.1475118077
47 1 41.1475118077
48 1 41.1475118077
49 1 41.1475118077
50 1 41.1475118077
51 1 41.1475118077
52 1 41.1475118077
53 1 41.1475118077
54 1 41.1475118077
55 1 41.1475118077
56 1 41.1475118077
57 1 41.1475118077
58 1 41.1475118077
59 1 41.1475118077
60 1 41.1475118077
61 1 41.1475118077
62 1 41.1475118077
63 1 41.1475118077
64 1 41.1475118077
65 1 41.1475118077
66 1 41.1475118077
67 1 41.1475118077
68 1 41.1475118077
69 1 41.1475118077
70 1 41.1475118077
71 1 41.1475118077
72 1 41.1475118077
73 1 41.1475118077
74 1 41.1475118077
75 1 41.1475118077
76 1 41.1475118077
77 1 41.1475118077
78 1 41.1475118077
79 1 41.1475118077
80 1 41.1475118077
81 2 39.0135935393
82 2 39.0135935393
83 2 39.0135935393
84 2 39.0135935393
85 2 39.0135935393
86 2 39.0135935393
87 2 39.0135935393
88 2 39.0135935393
89 2 39.0135935393
90 2 39.0135935393
91 2 39.0135935393
92 2 39.0135935393
93 2 39.0135935393
94 2 39.0135935393
95 2 39.0135935393
96 2 39.0135935393
97 2 39.0135935393
98 2 39.0135935393
99 2 39.0135935393
100 2 39.0135935393
101 2 39.0135935393
102 2 39.0135935393
103 2 39.0135935393
104 2 39.0135935393
105 2 39.0135935393
106 2 39.0135935393
107 2 39.0135935393
108 2 39.0135935393
109 2 39.0135935393
110 2 39.0135935393
111 2 39.0135935393
112 2 39.0135935393
113 2 39.0135935393
114 2 39.0135935393
115 2 39.0135935393
116 2 39.0135935393
117 2 39.0135935393
118 2 39.0135935393
119 2 39.0135935393
120 2 39.0135935393
121 3 38.9799160358
122 3 38.9799160358
123 3 38.9799160358
124 3 38.9799160358
125 3 38.9799160358
126 3 38.9799160358
127 3 38.9799160358
128 3 38.9799160358
129 3 38.9799160358
130 3 38.9799160358
131 3 38.9799160358
132 3 38.9799160358
133 3 38.9799160358
134 3 38.9799160358
135 3 38.9799160358
136 3 38.9799160358
137 3 38.9799160358
138 3 38.9799160358
139 3 38.9799160358
140 3 38.9799160358
141 3 38.9799160358
142 3 38.9799160358
143 3 38.9799160358
144 3 38.9799160358
145 3 38.9799160358
146 3 38.9799160358
147 3 38.9799160358
148 3 38.9799160358
149 3 38.9799160358
150 3 38.9799160358
151 3 38.9799160358
152 3 38.9799160358
153 3 38.9799160358
154 3 38.9799160358
155 3 38.9799160358
156 3 38.9799160358
157 3 38.9799160358
158 3 38.9799160358
159 3 38.9799160358
160 3 38.9799160358
161 4 34.9931651591
162 4 34.9931651591
163 4 34.9931651591
164 4 34.9931651591
165 4 34.9931651591
166 4 34.9931651591
167 4 34.9931651591
168 4 34.9931651591
169 4 34.9931651591
170 4 34.9931651591
171 4 34.9931651591
172 4 34.9931651591
173 4 34.9931651591
174 4 34.9931651591
175 4 34.9931651591
176 4 34.9931651591
177 4 34.9931651591
178 4 34.9931651591
179 4 34.9931651591
180 4 34.9931651591
181 4 34.9931651591
182 4 34.9931651591
183 4 34.9931651591
184 4 34.9931651591
185 4 34.9931651591
186 4 34.9931651591
187 4 34.9931651591
188 4 34.9931651591
189 4 34.9931651591
190 4 34.9931651591
191 4 34.9931651591
192 4 34.9931651591
193 4 34.9931651591
194 4 34.9931651591
195 4 34.9931651591
196 4 34.9931651591
197 4 34.9931651591
198 4 34.9931651591
199 4 34.9931651591
200 4 34.9931651591
201 5 28.7022356211
202 5 28.7022356211
203 5 28.7022356211
204 5 28.7022356211
205 5 28.7022356211
206 5 28.7022356211
207 5 28.7022356211
208 5 28.7022356211
209 5 28.7022356211
210 5 28.7022356211
211 5 28.7022356211
212 5 28.7022356211
213 5 28.7022356211
214 5 28.7022356211
215 5 28.7022356211
216 5 28.7022356211
217 5 28.7022356211
218 5 28.7022356211
219 5 28.7022356211
220 5 28.7022356211
221 5 28.7022356211
222 5 28.7022356211
223 5 28.7022356211
224 5 28.7022356211
225 5 28.7022356211
226 5 28.7022356211
227 5 28.7022356211
228 5 28.7022356211
229 5 28.7022356211
230 5 28.7022356211
231 5 28.7022356211
232 5 28.7022356211
233 5 28.7022356211
234 5 28.7022356211
235 5 28.7022356211
236 5 28.7022356211
237 5 28.7022356211
238 5 28.7022356211
239 5 28.7022356211
240 5 28.7022356211
241 6 22.5718909961
242 6 22.5718909961
243 6 22.5718909961
244 6 22.5718909961
245 6 22.5718909961
246 6 22.5718909961
247 6 22.5718909961
248 6 22.5718909961
249 6 22.5718909961
250 6 22.5718909961
251 6 22.5718909961
252 6 22.5718909961
253 6 22.5718909961
254 6 22.5718909961
255 6 22.5718909961
256 6 22.5718909961
257 6 22.5718909961
258 6 22.5718909961
259 6 22.5718909961
260 6 22.5718909961
261 6 22.5718909961
262 6 22.5718909961
263 6 22.5718909961
264 6 22.5718909961
265 6 22.5718909961
266 6 22.5718909961
267 6 22.5718909961
268 6 22.5718909961
269 6 22.5718909961
270 6 22.5718909961
271 6 22.5718909961
272 6 22.5718909961
273 6 22.5718909961
274 6 22.5718909961
275 6 22.5718909961
276 6 22.5718909961
277 6 22.5718909961
278 6 22.5718909961
279 6 22.5718909961
280 6 22.5718909961
281 7 16.8119632247
282 7 16.8119632247
283 7 16.8119632247
284 7 16.8119632247
285 7 16.8119632247
286 7 16.8119632247
287 7 16.8119632247
288 7 16.8119632247
289 7 16.8119632247
290 7 16.8119632247
291 7 16.8119632247
292 7 16.8119632247
293 7 16.8119632247
294 7 16.8119632247
295 7 16.8119632247
296 7 16.8119632247
297 7 16.8119632247
298 7 16.8119632247
299 7 16.8119632247
300 7 16.8119632247
301 7 16.8119632247
302 7 16.8119632247
303 7 16.8119632247
304 7 16.8119632247
305 7 16.8119632247
306 7 16.8119632247
307 7 16.8119632247
308 7 16.8119632247
309 7 16.8119632247
310 7 16.8119632247
311 7 16.8119632247
312 7 16.8119632247
313 7 16.8119632247
314 7 16.8119632247
315 7 16.8119632247
316 7 16.8119632247
317 7 16.8119632247
318 7 16.8119632247
319 7 16.8119632247
320 7 16.8119632247
321 8 19.6845055201
322 8 19.6845055201
323 8 19.6845055201
324 8 19.6845055201
325 8 19.6845055201
326 8 19.6845055201
327 8 19.6845055201
328 8 19.6845055201
329 8 19.6845055201
330 8 19.6845055201
331 8 19.6845055201
332 8 19.6845055201
333 8 19.6845055201
334 8 19.6845055201
335 8 19.6845055201
336 8 19.6845055201
337 8 19.6845055201
338 8 19.6845055201
339 8 19.6845055201
340 8 19.6845055201
341 8 19.6845055201
342 8 19.6845055201
343 8 19.6845055201
344 8 19.6845055201
345 8 19.6845055201
346 8 19.6845055201
347 8 19.6845055201
348 8 19.6845055201
349 8 19.6845055201
350 8 19.6845055201
351 8 19.6845055201
352 8 19.6845055201
353 8 19.6845055201
354 8 19.6845055201
355 8 19.6845055201
356 8 19.6845055201
357 8 19.6845055201
358 8 19.6845055201
359 8 19.6845055201
360 8 19.6845055201
361 9 17.3107847734
362 9 17.3107847734
363 9 17.3107847734
364 9 17.3107847734
365 9 17.3107847734
366 9 17.3107847734
367 9 17.3107847734
368 9 17.3107847734
369 9 17.3107847734
370 9 17.3107847734
371 9 17.3107847734
372 9 17.3107847734
373 9 17.3107847734
374 9 17.3107847734
375 9 17.3107847734
376 9 17.3107847734
377 9 17.3107847734
378 9 17.3107847734
379 9 17.3107847734
380 9 17.3107847734
381 9 17.3107847734
382 9 17.3107847734
383 9 17.3107847734
384 9 17.3107847734
385 9 17.3107847734
386 9 17.3107847734
387 9 17.3107847734
388 9 17.3107847734
389 9 17.3107847734
390 9 17.3107847734
391 9 17.3107847734
392 9 17.3107847734
393 9 17.3107847734
394 9 17.3107847734
395 9 17.3107847734
396 9 17.3107847734
397 9 17.3107847734
398 9 17.3107847734
399 9 17.3107847734
400 9 17.3107847734
401 10 17.3183473035
402 10 17.3183473035
403 10 17.3183473035
404 10 17.3183473035
405 10 17.3183473035
406 10 17.3183473035
407 10 17.3183473035
408 10 17.3183473035
409 10 17.3183473035
410 10 17.3183473035
411 10 17.3183473035
412 10 17.3183473035
413 10 17.3183473035
414 10 17.3183473035
415 10 17.3183473035
416 10 17.3183473035
417 10 17.3183473035
418 10 17.3183473035
419 10 17.3183473035
420 10 17.3183473035
421 10 17.3183473035
422 10 17.3183473035
423 10 17.3183473035
424 10 17.3183473035
425 10 17.3183473035
426 10 17.3183473035
427 10 17.3183473035
428 10 17.3183473035
429 10 17.3183473035
430 10 17.3183473035
431 10 17.3183473035
432 10 17.3183473035
433 10 17.3183473035
434 10 17.3183473035
435 10 17.3183473035
436 10 17.3183473035
437 10 17.3183473035
438 10 17.3183473035
439 10 17.3183473035
440 10 17.3183473035
441 11 12.1555917613
442 11 12.1555917613
443 11 12.1555917613
444 11 12.1555917613
445 11 12.1555917613
446 11 12.1555917613
447 11 12.1555917613
448 11 12.1555917613
449 11 12.1555917613
450 11 12.1555917613
451 11 12.1555917613
452 11 12.1555917613
453 11 12.1555917613
454 11 12.1555917613
455 11 12.1555917613
456 11 12.1555917613
457 11 12.1555917613
458 11 12.1555917613
459 11 12.1555917613
460 11 12.1555917613
461 11 12.1555917613
462 11 12.1555917613
463 11 12.1555917613
464 11 12.1555917613
465 11 12.1555917613
466 11 12.1555917613
467 11 12.1555917613
468 11 12.1555917613
469 11 12.1555917613
470 11 12.1555917613
471 11 12.1555917613
472 11 12.1555917613
473 11 12.1555917613
474 11 12.1555917613
475 11 12.1555917613
476 11 12.1555917613
477 11 12.1555917613
478 11 12.1555917613
479 11 12.1555917613
480 11 12.1555917613
481 12 21.2130278066
482 12 21.2130278066
483 12 21.2130278066
484 12 21.2130278066
485 12 21.2130278066
486 12 21.2130278066
487 12 21.2130278066
488 12 21.2130278066
489 12 21.2130278066
490 12 21.2130278066
491 12 21.2130278066
492 12 21.2130278066
493 12 21.2130278066
494 12 21.2130278066
495 12 21.2130278066
496 12 21.2130278066
497 12 21.2130278066
498 12 21.2130278066
499 12 21.2130278066
500 12 21.2130278066
501 12 21.2130278066
502 12 21.2130278066
503 12 21.2130278066
504 12 21.2130278066
505 12 21.2130278066
506 12 21.2130278066
507 12 21.2130278066
508 12 21.2130278066
509 12 21.2130278066
510 12 21.2130278066
511 12 21.2130278066
512 12 21.2130278066
513 12 21.2130278066
514 12 21.2130278066
515 12 21.2130278066
516 12 21.2130278066
517 12 21.2130278066
518 12 21.2130278066
519 12 21.2130278066
520 12 21.2130278066
521 13 22.2070169532
522 13 22.2070169532
523 13 22.2070169532
524 13 22.2070169532
525 13 22.2070169532
526 13 22.2070169532
527 13 22.2070169532
528 13 22.2070169532
529 13 22.2070169532
530 13 22.2070169532
531 13 22.2070169532
532 13 22.2070169532
533 13 22.2070169532
534 13 22.2070169532
535 13 22.2070169532
536 13 22.2070169532
537 13 22.2070169532
538 13 22.2070169532
539 13 22.2070169532
540 13 22.2070169532
541 13 22.2070169532
542 13 22.2070169532
543 13 22.2070169532
544 13 22.2070169532
545 13 22.2070169532
546 13 22.2070169532
547 13 22.2070169532
548 13 22.2070169532
549 13 22.2070169532
550 13 22.2070169532
551 13 22.2070169532
552 13 22.2070169532
553 13 22.2070169532
554 13 22.2070169532
555 13 22.2070169532
556 13 22.2070169532
557 13 22.2070169532
558 13 22.2070169532
559 13 22.2070169532
560 13 22.2070169532
561 14 24.1492133033
562 14 24.1492133033
563 14 24.1492133033
564 14 24.1492133033
565 14 24.1492133033
566 14 24.1492133033
567 14 24.1492133033
568 14 24.1492133033
569 14 24.1492133033
570 14 24.1492133033
571 14 24.1492133033
572 14 24.1492133033
573 14 24.1492133033
574 14 24.1492133033
575 14 24.1492133033
576 14 24.1492133033
577 14 24.1492133033
578 14 24.1492133033
579 14 24.1492133033
580 14 24.1492133033
581 14 24.1492133033
582 14 24.1492133033
583 14 24.1492133033
584 14 24.1492133033
585 14 24.1492133033
586 14 24.1492133033
587 14 24.1492133033
588 14 24.1492133033
589 14 24.1492133033
590 14 24.1492133033
591 14 24.1492133033
592 14 24.1492133033
593 14 24.1492133033
594 14 24.1492133033
595 14 24.1492133033
596 14 24.1492133033
597 14 24.1492133033
598 14 24.1492133033
599 14 24.1492133033
600 14 24.1492133033
601 15 22.1256154471
602 15 22.1256154471
603 15 22.1256154471
604 15 22.1256154471
605 15 22.1256154471
606 15 22.1256154471
607 15 22.1256154471
608 15 22.1256154471
609 15 22.1256154471
610 15 22.1256154471
611 15 22.1256154471
612 15 22.1256154471
613 15 22.1256154471
614 15 22.1256154471
615 15 22.1256154471
616 15 22.1256154471
617 15 22.1256154471
618 15 22.1256154471
619 15 22.1256154471
620 15 22.1256154471
621 15 22.1256154471
622 15 22.1256154471
623 15 22.1256154471
624 15 22.1256154471
625 15 22.1256154471
626 15 22.1256154471
627 15 22.1256154471
628 15 22.1256154471
629 15 22.1256154471
630 15 22.1256154471
631 15 22.1256154471
632 15 22.1256154471
633 15 22.1256154471
634 15 22.1256154471
635 15 22.1256154471
636 15 22.1256154471
637 15 22.1256154471
638 15 22.1256154471
639 15 22.1256154471
640 15 22.1256154471
641 16 24.7925266811
642 16 24.7925266811
643 16 24.7925266811
644 16 24.7925266811
645 16 24.7925266811
646 16 24.7925266811
647 16 24.7925266811
648 16 24.7925266811
649 16 24.7925266811
650 16 24.7925266811
651 16 24.7925266811
652 16 24.7925266811
653 16 24.7925266811
654 16 24.7925266811
655 16 24.7925266811
656 16 24.7925266811
657 16 24.7925266811
658 16 24.7925266811
659 16 24.7925266811
660 16 24.7925266811
661 16 24.7925266811
662 16 24.7925266811
663 16 24.7925266811
664 16 24.7925266811
665 16 24.7925266811
666 16 24.7925266811
667 16 24.7925266811
668 16 24.7925266811
669 16 24.7925266811
670 16 24.7925266811
671 16 24.7925266811
672 16 24.7925266811
673 16 24.7925266811
674 16 24.7925266811
675 16 24.7925266811
676 16 24.7925266811
677 16 24.7925266811
678 16 24.7925266811
679 16 24.7925266811
680 16 24.7925266811
681 17 20.0369481342
682 17 20.0369481342
683 17 20.0369481342
684 17 20.0369481342
685 17 20.0369481342
686 17 20.0369481342
687 17 20.0369481342
688 17 20.0369481342
689 17 20.0369481342
690 17 20.0369481342
691 17 20.0369481342
692 17 20.0369481342
693 17 20.0369481342
694 17 20.0369481342
695 17 20.0369481342
696 17 20.0369481342
697 17 20.0369481342
698 17 20.0369481342
699 17 20.0369481342
700 17 20.0369481342
701 17 20.0369481342
702 17 20.0369481342
703 17 20.0369481342
704 17 20.0369481342
705 17 20.0369481342
706 17 20.0369481342
707 17 20.0369481342
708 17 20.0369481342
709 17 20.0369481342
710 17 20.0369481342
711 17 20.0369481342
712 17 20.0369481342
713 17 20.0369481342
714 17 20.0369481342
715 17 20.0369481342
716 17 20.0369481342
717 17 20.0369481342
718 17 20.0369481342
719 17 20.0369481342
720 17 20.0369481342
721 18 22.2933935132
722 18 22.2933935132
723 18 22.2933935132
724 18 22.2933935132
725 18 22.2933935132
726 18 22.2933935132
727 18 22.2933935132
728 18 22.2933935132
729 18 22.2933935132
730 18 22.2933935132
731 18 22.2933935132
732 18 22.2933935132
733 18 22.2933935132
734 18 22.2933935132
735 18 22.2933935132
736 18 22.2933935132
737 18 22.2933935132
738 18 22.2933935132
739 18 22.2933935132
740 18 22.2933935132
741 18 22.2933935132
742 18 22.2933935132
743 18 22.2933935132
744 18 22.2933935132
745 18 22.2933935132
746 18 22.2933935132
747 18 22.2933935132
748 18 22.2933935132
749 18 22.2933935132
750 18 22.2933935132
751 18 22.2933935132
752 18 22.2933935132
753 18 22.2933935132
754 18 22.2933935132
755 18 22.2933935132
756 18 22.2933935132
757 18 22.2933935132
758 18 22.2933935132
759 18 22.2933935132
760 18 22.2933935132
761 19 21.2203717416
762 19 21.2203717416
763 19 21.2203717416
764 19 21.2203717416
765 19 21.2203717416
766 19 21.2203717416
767 19 21.2203717416
768 19 21.2203717416
769 19 21.2203717416
770 19 21.2203717416
771 19 21.2203717416
772 19 21.2203717416
773 19 21.2203717416
774 19 21.2203717416
775 19 21.2203717416
776 19 21.2203717416
777 19 21.2203717416
778 19 21.2203717416
779 19 21.2203717416
780 19 21.2203717416
781 19 21.2203717416
782 19 21.2203717416
783 19 21.2203717416
784 19 21.2203717416
785 19 21.2203717416
786 19 21.2203717416
787 19 21.2203717416
788 19 21.2203717416
789 19 21.2203717416
790 19 21.2203717416
791 19 21.2203717416
792 19 21.2203717416
793 19 21.2203717416
794 19 21.2203717416
795 19 21.2203717416
796 19 21.2203717416
797 19 21.2203717416
798 19 21.2203717416
799 19 21.2203717416
800 19 21.2203717416
801 20 20.6255837435
802 20 20.6255837435
803 20 20.6255837435
804 20 20.6255837435
805 20 20.6255837435
806 20 20.6255837435
807 20 20.6255837435
808 20 20.6255837435
809 20 20.6255837435
810 20 20.6255837435
811 20 20.6255837435
812 20 20.6255837435
813 20 20.6255837435
814 20 20.6255837435
815 20 20.6255837435
816 20 20.6255837435
817 20 20.6255837435
818 20 20.6255837435
819 20 20.6255837435
820 20 20.6255837435
821 20 20.6255837435
822 20 20.6255837435
823 20 20.6255837435
824 20 20.6255837435
825 20 20.6255837435
826 20 20.6255837435
827 20 20.6255837435
828 20 20.6255837435
829 20 20.6255837435
830 20 20.6255837435
831 20 20.6255837435
832 20 20.6255837435
833 20 20.6255837435
834 20 20.6255837435
835 20 20.6255837435
836 20 20.6255837435
837 20 20.6255837435
838 20 20.6255837435
839 20 20.6255837435
840 20 20.6255837435
841 21 12.7756281097
842 21 12.7756281097
843 21 12.7756281097
844 21 12.7756281097
845 21 12.7756281097
846 21 12.7756281097
847 21 12.7756281097
848 21 12.7756281097
849 21 12.7756281097
850 21 12.7756281097
851 21 12.7756281097
852 21 12.7756281097
853 21 12.7756281097
854 21 12.7756281097
855 21 12.7756281097
856 21 12.7756281097
857 21 12.7756281097
858 21 12.7756281097
859 21 12.7756281097
860 21 12.7756281097
861 21 12.7756281097
862 21 12.7756281097
863 21 12.7756281097
864 21 12.7756281097
865 21 12.7756281097
866 21 12.7756281097
867 21 12.7756281097
868 21 12.7756281097
869 21 12.7756281097
870 21 12.7756281097
871 21 12.7756281097
872 21 12.7756281097
873 21 12.7756281097
874 21 12.7756281097
875 21 12.7756281097
876 21 12.7756281097
877 21 12.7756281097
878 21 12.7756281097
879 21 12.7756281097
880 21 12.7756281097
881 22 11.8879209811
882 22 11.8879209811
883 22 11.8879209811
884 22 11.8879209811
885 22 11.8879209811
886 22 11.8879209811
887 22 11.8879209811
888 22 11.8879209811
889 22 11.8879209811
890 22 11.8879209811
891 22 11.8879209811
892 22 11.8879209811
893 22 11.8879209811
894 22 11.8879209811
895 22 11.8879209811
896 22 11.8879209811
897 22 11.8879209811
898 22 11.8879209811
899 22 11.8879209811
900 22 11.8879209811
901 22 11.8879209811
902 22 11.8879209811
903 22 11.8879209811
904 22 11.8879209811
905 22 11.8879209811
906 22 11.8879209811
907 22 11.8879209811
908 22 11.8879209811
909 22 11.8879209811
910 22 11.8879209811
911 22 11.8879209811
912 22 11.8879209811
913 22 11.8879209811
914 22 11.8879209811
915 22 11.8879209811
916 22 11.8879209811
917 22 11.8879209811
918 22 11.8879209811
919 22 11.8879209811
920 22 11.8879209811
921 23 9.7893035753
922 23 9.7893035753
923 23 9.7893035753
924 23 9.7893035753
925 23 9.7893035753
926 23 9.7893035753
927 23 9.7893035753
928 23 9.7893035753
929 23 9.7893035753
930 23 9.7893035753
931 23 9.7893035753
932 23 9.7893035753
933 23 9.7893035753
934 23 9.7893035753
935 23 9.7893035753
936 23 9.7893035753
937 23 9.7893035753
938 23 9.7893035753
939 23 9.7893035753
940 23 9.7893035753
941 23 9.7893035753
942 23 9.7893035753
943 23 9.7893035753
944 23 9.7893035753
945 23 9.7893035753
946 23 9.7893035753
947 23 9.7893035753
948 23 9.7893035753
949 23 9.7893035753
950 23 9.7893035753
951 23 9.7893035753
952 23 9.7893035753
953 23 9.7893035753
954 23 9.7893035753
955 23 9.7893035753
956 23 9.7893035753
957 23 9.7893035753
958 23 9.7893035753
959 23 9.7893035753
960 23 9.7893035753
961 24 13.7498590582
962 24 13.7498590582
963 24 13.7498590582
964 24 13.7498590582
965 24 13.7498590582
966 24 13.7498590582
967 24 13.7498590582
968 24 13.7498590582
969 24 13.7498590582
970 24 13.7498590582
971 24 13.7498590582
972 24 13.7498590582
973 24 13.7498590582
974 24 13.7498590582
975 24 13.7498590582
976 24 13.7498590582
977 24 13.7498590582
978 24 13.7498590582
979 24 13.7498590582
980 24 13.7498590582
981 24 13.7498590582
982 24 13.7498590582
983 24 13.7498590582
984 24 13.7498590582
985 24 13.7498590582
986 24 13.7498590582
987 24 13.7498590582
988 24 13.7498590582
989 24 13.7498590582
990 24 13.7498590582
991 24 13.7498590582
992 24 13.7498590582
993 24 13.7498590582
994 24 13.7498590582
995 24 13.7498590582
996 24 13.7498590582
997 24 13.7498590582
998 24 13.7498590582
999 24 13.7498590582
1000 24 13.7498590582
1001 25 15.8002048224
1002 25 15.8002048224
1003 25 15.8002048224
1004 25 15.8002048224
1005 25 15.8002048224
1006 25 15.8002048224
1007 25 15.8002048224
1008 25 15.8002048224
1009 25 15.8002048224
1010 25 15.8002048224
1011 25 15.8002048224
1012 25 15.8002048224
1013 25 15.8002048224
1014 25 15.8002048224
1015 25 15.8002048224
1016 25 15.8002048224
1017 25 15.8002048224
1018 25 15.8002048224
1019 25 15.8002048224
1020 25 15.8002048224
1021 25 15.8002048224
1022 25 15.8002048224
1023 25 15.8002048224
1024 25 15.8002048224
1025 25 15.8002048224
1026 25 15.8002048224
1027 25 15.8002048224
1028 25 15.8002048224
1029 25 15.8002048224
1030 25 15.8002048224
1031 25 15.8002048224
1032 25 15.8002048224
1033 25 15.8002048224
1034 25 15.8002048224
1035 25 15.8002048224
1036 25 15.8002048224
1037 25 15.8002048224
1038 25 15.8002048224
1039 25 15.8002048224
1040 25 15.8002048224
1041 26 22.9857841152
1042 26 22.9857841152
1043 26 22.9857841152
1044 26 22.9857841152
1045 26 22.9857841152
1046 26 22.9857841152
1047 26 22.9857841152
1048 26 22.9857841152
1049 26 22.9857841152
1050 26 22.9857841152
1051 26 22.9857841152
1052 26 22.9857841152
1053 26 22.9857841152
1054 26 22.9857841152
1055 26 22.9857841152
1056 26 22.9857841152
1057 26 22.9857841152
1058 26 22.9857841152
1059 26 22.9857841152
1060 26 22.9857841152
1061 26 22.9857841152
1062 26 22.9857841152
1063 26 22.9857841152
1064 26 22.9857841152
1065 26 22.9857841152
1066 26 22.9857841152
1067 26 22.9857841152
1068 26 22.9857841152
1069 26 22.9857841152
1070 26 22.9857841152
1071 26 22.9857841152
1072 26 22.9857841152
1073 26 22.9857841152
1074 26 22.9857841152
1075 26 22.9857841152
1076 26 22.9857841152
1077 26 22.9857841152
1078 26 22.9857841152
1079 26 22.9857841152
1080 26 22.9857841152
1081 27 21.0952939984
1082 27 21.0952939984
1083 27 21.0952939984
1084 27 21.0952939984
1085 27 21.0952939984
1086 27 21.0952939984
1087 27 21.0952939984
1088 27 21.0952939984
1089 27 21.0952939984
1090 27 21.0952939984
1091 27 21.0952939984
1092 27 21.0952939984
1093 27 21.0952939984
1094 27 21.0952939984
