1 0 19.5876804392
2 0 19.5876804392
3 0 19.5876804392
4 0 19.5876804392
5 0 19.5876804392
6 0 19.5876804392
7 0 19.5876804392
8 0 19.5876804392
9 0 19.5876804392
10 0 19.5876804392
11 0 19.5876804392
12 0 19.5876804392
13 0 19.5876804392
14 0 19.5876804392
15 0 19.5876804392
16 0 19.5876804392
17 0 19.5876804392
18 0 19.5876804392
19 0 19.5876804392
20 0 19.5876804392
21 0 19.5876804392
22 0 19.5876804392
23 0 19.5876804392
24 0 19.5876804392
25 0 19.5876804392
26 0 19.5876804392
27 0 19.5876804392
28 0 19.5876804392
29 0 19.5876804392
30 0 19.5876804392
31 0 19.5876804392
32 0 19.5876804392
33 0 19.5876804392
34 0 19.5876804392
35 0 19.5876804392
36 0 19.5876804392
37 0 19.5876804392
38 0 19.5876804392
39 0 19.5876804392
40 0 19.5876804392
41 1 18.7071654599
42 1 18.7071654599
43 1 18.7071654599
44 1 18.7071654599
45 1 18.7071654599
46 1 18.7071654599
47 1 18.7071654599
48 1 18.7071654599
49 1 18.7071654599
50 1 18.7071654599
51 1 18.7071654599
52 1 18.7071654599
53 1 18.7071654599
54 1 18.7071654599
55 1 18.7071654599
56 1 18.7071654599
57 1 18.7071654599
58 1 18.7071654599
59 1 18.7071654599
60 1 18.7071654599
61 1 18.7071654599
62 1 18.7071654599
63 1 18.7071654599
64 1 18.7071654599
65 1 18.7071654599
66 1 18.7071654599
67 1 18.7071654599
68 1 18.7071654599
69 1 18.7071654599
70 1 18.7071654599
71 1 18.7071654599
72 1 18.7071654599
73 1 18.7071654599
74 1 18.7071654599
75 1 18.7071654599
76 1 18.7071654599
77 1 18.7071654599
78 1 18.7071654599
79 1 18.7071654599
80 1 18.7071654599
81 2 19.4298360356
82 2 19.4298360356
83 2 19.4298360356
84 2 19.4298360356
85 2 19.4298360356
86 2 19.4298360356
87 2 19.4298360356
88 2 19.4298360356
89 2 19.4298360356
90 2 19.4298360356
91 2 19.4298360356
92 2 19.4298360356
93 2 19.4298360356
94 2 19.4298360356
95 2 19.4298360356
96 2 19.4298360356
97 2 19.4298360356
98 2 19.4298360356
99 2 19.4298360356
100 2 19.4298360356
101 2 19.4298360356
102 2 19.4298360356
103 2 19.4298360356
104 2 19.4298360356
105 2 19.4298360356
106 2 19.4298360356
107 2 19.4298360356
108 2 19.4298360356
109 2 19.4298360356
110 2 19.4298360356
111 2 19.4298360356
112 2 19.4298360356
113 2 19.4298360356
114 2 19.4298360356
115 2 19.4298360356
116 2 19.4298360356
117 2 19.4298360356
118 2 19.4298360356
119 2 19.4298360356
120 2 19.4298360356
121 3 20.1977729489
122 3 20.1977729489
123 3 20.1977729489
124 3 20.1977729489
125 3 20.1977729489
126 3 20.1977729489
127 3 20.1977729489
128 3 20.1977729489
129 3 20.1977729489
130 3 20.1977729489
131 3 20.1977729489
132 3 20.1977729489
133 3 20.1977729489
134 3 20.1977729489
135 3 20.1977729489
136 3 20.1977729489
137 3 20.1977729489
138 3 20.1977729489
139 3 20.1977729489
140 3 20.1977729489
141 3 20.1977729489
142 3 20.1977729489
143 3 20.1977729489
144 3 20.1977729489
145 3 20.1977729489
146 3 20.1977729489
147 3 20.1977729489
148 3 20.1977729489
149 3 20.1977729489
150 3 20.1977729489
151 3 20.1977729489
152 3 20.1977729489
153 3 20.1977729489
154 3 20.1977729489
155 3 20.1977729489
156 3 20.1977729489
157 3 20.1977729489
158 3 20.1977729489
159 3 20.1977729489
160 3 20.1977729489
161 4 24.8638340139
162 4 24.8638340139
163 4 24.8638340139
164 4 24.8638340139
165 4 24.8638340139
166 4 24.8638340139
167 4 24.8638340139
168 4 24.8638340139
169 4 24.8638340139
170 4 24.8638340139
171 4 24.8638340139
172 4 24.8638340139
173 4 24.8638340139
174 4 24.8638340139
175 4 24.8638340139
176 4 24.8638340139
177 4 24.8638340139
178 4 24.8638340139
179 4 24.8638340139
180 4 24.8638340139
181 4 24.8638340139
182 4 24.8638340139
183 4 24.8638340139
184 4 24.8638340139
185 4 24.8638340139
186 4 24.8638340139
187 4 24.8638340139
188 4 24.8638340139
189 4 24.8638340139
190 4 24.8638340139
191 4 24.8638340139
192 4 24.8638340139
193 4 24.8638340139
194 4 24.8638340139
195 4 24.8638340139
196 4 24.8638340139
197 4 24.8638340139
198 4 24.8638340139
199 4 24.8638340139
200 4 24.8638340139
201 5 23.3941064105
202 5 23.3941064105
203 5 23.3941064105
204 5 23.3941064105
205 5 23.3941064105
206 5 23.3941064105
207 5 23.3941064105
208 5 23.3941064105
209 5 23.3941064105
210 5 23.3941064105
211 5 23.3941064105
212 5 23.3941064105
213 5 23.3941064105
214 5 23.3941064105
215 5 23.3941064105
216 5 23.3941064105
217 5 23.3941064105
218 5 23.3941064105
219 5 23.3941064105
220 5 23.3941064105
221 5 23.3941064105
222 5 23.3941064105
223 5 23.3941064105
224 5 23.3941064105
225 5 23.3941064105
226 5 23.3941064105
227 5 23.3941064105
228 5 23.3941064105
229 5 23.3941064105
230 5 23.3941064105
231 5 23.3941064105
232 5 23.3941064105
233 5 23.3941064105
234 5 23.3941064105
235 5 23.3941064105
236 5 23.3941064105
237 5 23.3941064105
238 5 23.3941064105
239 5 23.3941064105
240 5 23.3941064105
241 6 30.9416560316
242 6 30.9416560316
243 6 30.9416560316
244 6 30.9416560316
245 6 30.9416560316
246 6 30.9416560316
247 6 30.9416560316
248 6 30.9416560316
249 6 30.9416560316
250 6 30.9416560316
251 6 30.9416560316
252 6 30.9416560316
253 6 30.9416560316
254 6 30.9416560316
255 6 30.9416560316
256 6 30.9416560316
257 6 30.9416560316
258 6 30.9416560316
259 6 30.9416560316
260 6 30.9416560316
261 6 30.9416560316
262 6 30.9416560316
263 6 30.9416560316
264 6 30.9416560316
265 6 30.9416560316
266 6 30.9416560316
267 6 30.9416560316
268 6 30.9416560316
269 6 30.9416560316
270 6 30.9416560316
271 6 30.9416560316
272 6 30.9416560316
273 6 30.9416560316
274 6 30.9416560316
275 6 30.9416560316
276 6 30.9416560316
277 6 30.9416560316
278 6 30.9416560316
279 6 30.9416560316
280 6 30.9416560316
281 7 35.4582494199
282 7 35.4582494199
283 7 35.4582494199
284 7 35.4582494199
285 7 35.4582494199
286 7 35.4582494199
287 7 35.4582494199
288 7 35.4582494199
289 7 35.4582494199
290 7 35.4582494199
291 7 35.4582494199
292 7 35.4582494199
293 7 35.4582494199
294 7 35.4582494199
295 7 35.4582494199
296 7 35.4582494199
297 7 35.4582494199
298 7 35.4582494199
299 7 35.4582494199
300 7 35.4582494199
301 7 35.4582494199
302 7 35.4582494199
303 7 35.4582494199
304 7 35.4582494199
305 7 35.4582494199
306 7 35.4582494199
307 7 35.4582494199
308 7 35.4582494199
309 7 35.4582494199
310 7 35.4582494199
311 7 35.4582494199
312 7 35.4582494199
313 7 35.4582494199
314 7 35.4582494199
315 7 35.4582494199
316 7 35.4582494199
317 7 35.4582494199
318 7 35.4582494199
319 7 35.4582494199
320 7 35.4582494199
321 8 41.2828940997
322 8 41.2828940997
323 8 41.2828940997
324 8 41.2828940997
325 8 41.2828940997
326 8 41.2828940997
327 8 41.2828940997
328 8 41.2828940997
329 8 41.2828940997
330 8 41.2828940997
331 8 41.2828940997
332 8 41.2828940997
333 8 41.2828940997
334 8 41.2828940997
335 8 41.2828940997
336 8 41.2828940997
337 8 41.2828940997
338 8 41.2828940997
339 8 41.2828940997
340 8 41.2828940997
341 8 41.2828940997
342 8 41.2828940997
343 8 41.2828940997
344 8 41.2828940997
345 8 41.2828940997
346 8 41.2828940997
347 8 41.2828940997
348 8 41.2828940997
349 8 41.2828940997
350 8 41.2828940997
351 8 41.2828940997
352 8 41.2828940997
353 8 41.2828940997
354 8 41.2828940997
355 8 41.2828940997
356 8 41.2828940997
357 8 41.2828940997
358 8 41.2828940997
359 8 41.2828940997
360 8 41.2828940997
361 9 41.439209754
362 9 41.439209754
363 9 41.439209754
364 9 41.439209754
365 9 41.439209754
366 9 41.439209754
367 9 41.439209754
368 9 41.439209754
369 9 41.439209754
370 9 41.439209754
371 9 41.439209754
372 9 41.439209754
373 9 41.439209754
374 9 41.439209754
375 9 41.439209754
376 9 41.439209754
377 9 41.439209754
378 9 41.439209754
379 9 41.439209754
380 9 41.439209754
381 9 41.439209754
382 9 41.439209754
383 9 41.439209754
384 9 41.439209754
385 9 41.439209754
386 9 41.439209754
387 9 41.439209754
388 9 41.439209754
389 9 41.439209754
390 9 41.439209754
391 9 41.439209754
392 9 41.439209754
393 9 41.439209754
394 9 41.439209754
395 9 41.439209754
396 9 41.439209754
397 9 41.439209754
398 9 41.439209754
399 9 41.439209754
400 9 41.439209754
401 10 79.7436082448
