1 0 21.3520061859
2 0 21.3520061859
3 0 21.3520061859
4 0 21.3520061859
5 0 21.3520061859
6 0 21.3520061859
7 0 21.3520061859
8 0 21.3520061859
9 0 21.3520061859
10 0 21.3520061859
11 0 21.3520061859
12 0 21.3520061859
13 0 21.3520061859
14 0 21.3520061859
15 0 21.3520061859
16 0 21.3520061859
17 0 21.3520061859
18 0 21.3520061859
19 0 21.3520061859
20 0 21.3520061859
21 1 13.937101309
22 1 13.937101309
23 1 13.937101309
24 1 13.937101309
25 1 13.937101309
26 1 13.937101309
27 1 13.937101309
28 1 13.937101309
29 1 13.937101309
30 1 13.937101309
31 1 13.937101309
32 1 13.937101309
33 1 13.937101309
34 1 13.937101309
35 1 13.937101309
36 1 13.937101309
37 1 13.937101309
38 1 13.937101309
39 1 13.937101309
40 1 13.937101309
41 2 9.3014539316
42 2 9.3014539316
43 2 9.3014539316
44 2 9.3014539316
45 2 9.3014539316
46 2 9.3014539316
47 2 9.3014539316
48 2 9.3014539316
49 2 9.3014539316
50 2 9.3014539316
51 2 9.3014539316
52 2 9.3014539316
53 2 9.3014539316
54 2 9.3014539316
55 2 9.3014539316
56 2 9.3014539316
57 2 9.3014539316
58 2 9.3014539316
59 2 9.3014539316
60 2 9.3014539316
61 3 11.5918969218
62 3 11.5918969218
63 3 11.5918969218
64 3 11.5918969218
65 4 7.94237129981
66 5 8.4107420629
67 6 8.40716143514
68 7 8.01121138518
69 8 8.34977266848
70 9 8.648506871
71 10 8.25774879997
72 11 8.1534751494
73 12 8.65219602905
74 13 8.60118582503
75 14 8.32663849436
76 15 8.65712858309
77 16 9.02212330234
78 17 8.86594092779
79 18 9.02610520022
80 19 9.68676012166
81 20 10.3178990212
82 21 11.2965785092
83 25 12.088021447
84 26 12.8467290805
85 27 12.5133672455
86 28 11.5588612643
87 29 11.4018759464
88 30 11.2252556022
89 31 10.5269780673
90 32 10.0356476924
91 33 10.0989983597
92 34 9.78147658539
93 35 9.0201039794
94 36 9.11492976957
95 37 9.213784484
96 38 8.5654359951
97 39 8.36932826891
98 40 8.72863751118
99 41 8.41975426773
100 42 7.98278060078
101 43 8.33915163249
102 44 8.51149838072
103 45 8.01784014775
104 46 8.03898936449
105 47 8.46975663275
106 48 8.247421708
107 49 7.84221970031
108 50 8.13523344449
109 51 7.99444858699
110 52 8.44299777834
111 53 8.81289882973
112 54 9.42264125907
113 55 9.69221116701
114 56 9.35429096524
115 57 8.75345576328
116 58 8.83855400064
117 59 9.32440270486
118 60 9.92829708377
119 61 10.0706586802
120 62 10.7250295994
121 63 10.1566435693
122 64 9.55197807228
123 65 10.2050000047
124 66 10.4568854783
125 67 9.59599445295
126 68 9.65420802834
127 69 10.4964415979
128 70 10.2592063269
129 71 9.51948196831
130 72 10.1540559742
131 73 10.8277836805
132 74 10.1430735751
133 75 9.95456088978
134 76 11.0011765149
135 77 11.067990252
136 78 10.1655371095
137 79 10.6623101191
138 80 11.6989752745
139 81 11.1778659168
140 82 10.7258967565
141 83 11.8252566345
142 84 12.3279121521
143 85 11.4666331565
144 86 11.7392013813
145 87 12.9941628804
146 88 13.004148832
147 89 12.2681279271
148 90 13.1020706376
149 91 14.1582000398
