1 0 31.2088877012
2 0 31.2088877012
3 0 31.2088877012
4 0 31.2088877012
5 0 31.2088877012
6 0 31.2088877012
7 0 31.2088877012
8 0 31.2088877012
9 0 31.2088877012
10 0 31.2088877012
11 0 31.2088877012
12 0 31.2088877012
13 0 31.2088877012
14 0 31.2088877012
15 0 31.2088877012
16 0 31.2088877012
17 0 31.2088877012
18 0 31.2088877012
19 1 29.6313947012
20 2 28.2111984128
21 3 27.8719260166
22 4 27.6441042949
23 5 25.0044695255
24 6 25.4712679313
25 7 26.8563075058
26 8 24.5459719999
27 9 22.1671327547
28 10 23.6711160378
29 11 23.9063485693
30 12 20.9204192168
31 13 19.7565322004
32 14 21.6150722035
33 15 20.2146233159
34 16 18.2447766586
35 17 19.5620504648
36 18 19.250855801
37 19 21.0217293103
38 20 22.35573693
39 21 21.1663182133
40 22 21.5348158041
41 23 23.5057483226
42 24 23.5554044178
43 25 22.3857447644
44 26 23.7300858747
45 27 25.2204399745
46 28 26.3737181235
47 29 27.3838571285
48 30 26.0496113345
49 31 24.9236132109
50 32 26.5722183193
51 33 26.5154568628
52 34 24.7242614135
53 35 25.5991939622
54 36 24.4367719555
55 37 22.4546693366
56 38 22.6204132811
57 39 23.197483356
58 40 21.0562639579
59 41 19.7421384482
60 42 20.8928566999
61 43 20.2210058305
62 44 17.7289521974
63 45 18.3496403546
64 46 17.3273590661
65 47 15.214513967
66 48 15.0979102027
67 49 15.1867300039
68 50 15.99640949
69 51 16.9389652406
70 52 14.9771093356
71 53 14.6126970243
72 54 16.5886565439
73 55 15.8759904144
74 56 15.5589442675
75 57 15.6371128153
76 58 14.0743836533
77 59 15.0719921268
78 60 16.8171378229
79 61 15.4897214777
80 62 15.0632302283
81 63 16.7541364135
82 64 17.4572273753
83 65 16.2587138252
84 66 16.8825732684
85 67 18.3965406591
86 68 18.3644290859
87 69 17.8411221178
88 70 18.8844459687
89 71 20.1040190606
90 72 19.9308810053
91 73 20.4869047722
92 74 21.2243354127
93 75 22.8643520193
94 76 24.0463672635
95 77 25.5478753507
96 78 27.2065698918
97 79 27.5703000211
98 80 25.9990938721
99 81 25.0849899156
100 82 23.3627898865
101 83 23.594450778
102 84 22.2100793506
103 85 22.3188912188
104 86 23.9732878398
105 87 23.6993687925
106 88 22.6300188328
107 89 23.3124057384
108 90 23.6967345846
109 91 25.0737613471
110 92 26.0707203737
111 93 33.8108609398
112 93 33.8108609398
113 93 33.8108609398
114 93 33.8108609398
115 93 33.8108609398
116 93 33.8108609398
117 93 33.8108609398
118 93 33.8108609398
119 93 33.8108609398
120 93 33.8108609398
121 93 33.8108609398
122 93 33.8108609398
123 93 33.8108609398
124 93 33.8108609398
125 93 33.8108609398
126 93 33.8108609398
127 93 33.8108609398
