1 0 16.534492727
2 0 16.534492727
3 0 16.534492727
4 0 16.534492727
5 0 16.534492727
6 0 16.534492727
7 0 16.534492727
8 0 16.534492727
9 0 16.534492727
10 0 16.534492727
11 0 16.534492727
12 0 16.534492727
13 0 16.534492727
14 0 16.534492727
15 0 16.534492727
16 0 16.534492727
17 0 16.534492727
18 0 16.534492727
19 0 16.534492727
20 0 16.534492727
21 1 19.3648491436
22 1 19.3648491436
23 1 19.3648491436
24 1 19.3648491436
25 1 19.3648491436
26 1 19.3648491436
27 1 19.3648491436
28 1 19.3648491436
29 1 19.3648491436
30 1 19.3648491436
31 1 19.3648491436
32 1 19.3648491436
33 1 19.3648491436
34 1 19.3648491436
35 1 19.3648491436
36 1 19.3648491436
37 1 19.3648491436
38 1 19.3648491436
39 1 19.3648491436
40 1 19.3648491436
41 2 17.3411458778
42 2 17.3411458778
43 2 17.3411458778
44 2 17.3411458778
45 2 17.3411458778
46 2 17.3411458778
47 2 17.3411458778
48 2 17.3411458778
49 2 17.3411458778
50 2 17.3411458778
51 2 17.3411458778
52 2 17.3411458778
53 2 17.3411458778
54 2 17.3411458778
55 2 17.3411458778
56 2 17.3411458778
57 2 17.3411458778
58 2 17.3411458778
59 2 17.3411458778
60 2 17.3411458778
61 3 14.24657677
62 3 14.24657677
63 3 14.24657677
64 3 14.24657677
65 3 14.24657677
66 3 14.24657677
67 3 14.24657677
68 3 14.24657677
69 3 14.24657677
70 3 14.24657677
71 3 14.24657677
72 3 14.24657677
73 3 14.24657677
74 3 14.24657677
75 3 14.24657677
76 3 14.24657677
77 3 14.24657677
78 3 14.24657677
79 3 14.24657677
80 3 14.24657677
81 4 14.4857019079
82 4 14.4857019079
83 4 14.4857019079
84 4 14.4857019079
85 4 14.4857019079
86 4 14.4857019079
87 4 14.4857019079
88 4 14.4857019079
89 4 14.4857019079
90 4 14.4857019079
91 4 14.4857019079
92 4 14.4857019079
93 4 14.4857019079
94 4 14.4857019079
95 4 14.4857019079
96 4 14.4857019079
97 4 14.4857019079
98 4 14.4857019079
99 4 14.4857019079
100 4 14.4857019079
101 5 9.58139509118
102 5 9.58139509118
103 5 9.58139509118
104 5 9.58139509118
105 5 9.58139509118
106 5 9.58139509118
107 5 9.58139509118
108 5 9.58139509118
109 5 9.58139509118
110 5 9.58139509118
111 5 9.58139509118
112 5 9.58139509118
113 5 9.58139509118
114 5 9.58139509118
115 5 9.58139509118
116 5 9.58139509118
117 5 9.58139509118
118 5 9.58139509118
119 5 9.58139509118
120 5 9.58139509118
121 6 10.9754198557
122 6 10.9754198557
123 6 10.9754198557
124 6 10.9754198557
125 6 10.9754198557
126 6 10.9754198557
127 6 10.9754198557
128 6 10.9754198557
129 6 10.9754198557
130 6 10.9754198557
131 6 10.9754198557
132 6 10.9754198557
133 6 10.9754198557
134 6 10.9754198557
135 6 10.9754198557
136 6 10.9754198557
137 6 10.9754198557
138 6 10.9754198557
139 6 10.9754198557
140 6 10.9754198557
141 7 11.3692031729
142 7 11.3692031729
143 7 11.3692031729
144 7 11.3692031729
145 7 11.3692031729
146 7 11.3692031729
147 7 11.3692031729
148 7 11.3692031729
149 7 11.3692031729
150 7 11.3692031729
151 7 11.3692031729
152 7 11.3692031729
153 7 11.3692031729
154 7 11.3692031729
155 7 11.3692031729
156 7 11.3692031729
157 7 11.3692031729
158 7 11.3692031729
159 7 11.3692031729
160 7 11.3692031729
161 8 12.1775819756
162 8 12.1775819756
163 8 12.1775819756
164 8 12.1775819756
165 8 12.1775819756
166 8 12.1775819756
167 8 12.1775819756
168 8 12.1775819756
169 8 12.1775819756
170 8 12.1775819756
171 8 12.1775819756
172 8 12.1775819756
173 8 12.1775819756
174 8 12.1775819756
175 8 12.1775819756
176 8 12.1775819756
177 8 12.1775819756
178 8 12.1775819756
179 8 12.1775819756
180 8 12.1775819756
181 9 17.0103904402
182 9 17.0103904402
183 9 17.0103904402
184 9 17.0103904402
185 9 17.0103904402
186 9 17.0103904402
187 9 17.0103904402
188 9 17.0103904402
189 9 17.0103904402
190 9 17.0103904402
191 9 17.0103904402
192 9 17.0103904402
193 9 17.0103904402
194 9 17.0103904402
195 9 17.0103904402
196 9 17.0103904402
197 9 17.0103904402
198 9 17.0103904402
199 9 17.0103904402
200 9 17.0103904402
201 10 19.7723087838
202 10 19.7723087838
203 10 19.7723087838
204 10 19.7723087838
205 10 19.7723087838
206 10 19.7723087838
207 10 19.7723087838
208 10 19.7723087838
209 10 19.7723087838
210 10 19.7723087838
211 10 19.7723087838
212 10 19.7723087838
213 10 19.7723087838
214 10 19.7723087838
215 10 19.7723087838
216 10 19.7723087838
217 10 19.7723087838
218 10 19.7723087838
219 10 19.7723087838
220 10 19.7723087838
221 11 22.533591415
222 11 22.533591415
223 11 22.533591415
224 11 22.533591415
225 11 22.533591415
226 11 22.533591415
227 11 22.533591415
228 11 22.533591415
229 11 22.533591415
230 11 22.533591415
231 11 22.533591415
232 11 22.533591415
233 11 22.533591415
234 11 22.533591415
235 11 22.533591415
236 11 22.533591415
237 11 22.533591415
238 11 22.533591415
239 11 22.533591415
240 11 22.533591415
241 12 16.8999520027
242 12 16.8999520027
243 12 16.8999520027
244 12 16.8999520027
245 12 16.8999520027
246 12 16.8999520027
247 12 16.8999520027
248 12 16.8999520027
249 12 16.8999520027
250 12 16.8999520027
251 12 16.8999520027
252 12 16.8999520027
253 12 16.8999520027
254 12 16.8999520027
255 12 16.8999520027
256 12 16.8999520027
257 12 16.8999520027
258 12 16.8999520027
259 12 16.8999520027
260 12 16.8999520027
261 13 20.0686911754
262 13 20.0686911754
263 13 20.0686911754
264 13 20.0686911754
265 13 20.0686911754
266 13 20.0686911754
267 13 20.0686911754
268 13 20.0686911754
269 13 20.0686911754
270 13 20.0686911754
271 13 20.0686911754
272 13 20.0686911754
273 13 20.0686911754
274 13 20.0686911754
275 13 20.0686911754
276 13 20.0686911754
277 13 20.0686911754
278 13 20.0686911754
279 13 20.0686911754
280 13 20.0686911754
281 14 20.0305500214
282 14 20.0305500214
283 14 20.0305500214
284 14 20.0305500214
285 14 20.0305500214
286 14 20.0305500214
287 14 20.0305500214
288 14 20.0305500214
289 14 20.0305500214
290 14 20.0305500214
291 14 20.0305500214
292 14 20.0305500214
293 14 20.0305500214
294 14 20.0305500214
295 14 20.0305500214
296 14 20.0305500214
297 14 20.0305500214
298 14 20.0305500214
299 14 20.0305500214
300 14 20.0305500214
301 15 10.3902473768
302 15 10.3902473768
303 15 10.3902473768
304 15 10.3902473768
305 15 10.3902473768
306 15 10.3902473768
307 15 10.3902473768
308 15 10.3902473768
309 15 10.3902473768
310 15 10.3902473768
311 15 10.3902473768
312 15 10.3902473768
313 15 10.3902473768
314 15 10.3902473768
315 15 10.3902473768
316 15 10.3902473768
317 15 10.3902473768
318 15 10.3902473768
319 15 10.3902473768
320 15 10.3902473768
321 16 14.8102982986
322 16 14.8102982986
323 16 14.8102982986
324 16 14.8102982986
325 16 14.8102982986
326 16 14.8102982986
327 16 14.8102982986
328 16 14.8102982986
329 16 14.8102982986
330 16 14.8102982986
331 16 14.8102982986
332 16 14.8102982986
333 16 14.8102982986
334 16 14.8102982986
335 16 14.8102982986
336 16 14.8102982986
337 16 14.8102982986
338 16 14.8102982986
339 16 14.8102982986
340 16 14.8102982986
341 17 15.4346164097
342 17 15.4346164097
343 17 15.4346164097
344 17 15.4346164097
345 17 15.4346164097
346 17 15.4346164097
347 17 15.4346164097
348 17 15.4346164097
349 17 15.4346164097
350 17 15.4346164097
351 17 15.4346164097
352 17 15.4346164097
353 17 15.4346164097
354 17 15.4346164097
355 17 15.4346164097
356 17 15.4346164097
357 17 15.4346164097
358 17 15.4346164097
359 17 15.4346164097
360 17 15.4346164097
361 18 16.8903981027
362 18 16.8903981027
363 18 16.8903981027
364 18 16.8903981027
365 18 16.8903981027
366 18 16.8903981027
367 18 16.8903981027
368 18 16.8903981027
369 18 16.8903981027
370 18 16.8903981027
371 18 16.8903981027
372 18 16.8903981027
373 18 16.8903981027
374 18 16.8903981027
375 18 16.8903981027
376 18 16.8903981027
377 18 16.8903981027
378 18 16.8903981027
379 18 16.8903981027
380 18 16.8903981027
381 19 11.3892544557
382 19 11.3892544557
383 19 11.3892544557
384 19 11.3892544557
385 19 11.3892544557
386 19 11.3892544557
387 19 11.3892544557
388 19 11.3892544557
389 19 11.3892544557
390 19 11.3892544557
391 19 11.3892544557
392 19 11.3892544557
393 19 11.3892544557
394 19 11.3892544557
395 19 11.3892544557
396 19 11.3892544557
397 19 11.3892544557
398 19 11.3892544557
399 19 11.3892544557
400 19 11.3892544557
401 20 15.5908375306
402 20 15.5908375306
403 20 15.5908375306
404 20 15.5908375306
405 20 15.5908375306
406 20 15.5908375306
407 20 15.5908375306
408 20 15.5908375306
409 20 15.5908375306
410 20 15.5908375306
411 20 15.5908375306
412 20 15.5908375306
413 20 15.5908375306
414 20 15.5908375306
415 20 15.5908375306
416 20 15.5908375306
417 20 15.5908375306
418 20 15.5908375306
419 20 15.5908375306
420 20 15.5908375306
421 21 15.7080810249
422 21 15.7080810249
423 21 15.7080810249
424 21 15.7080810249
425 21 15.7080810249
426 21 15.7080810249
427 21 15.7080810249
428 21 15.7080810249
429 21 15.7080810249
430 21 15.7080810249
431 21 15.7080810249
432 21 15.7080810249
433 21 15.7080810249
434 21 15.7080810249
435 21 15.7080810249
436 21 15.7080810249
437 21 15.7080810249
438 21 15.7080810249
439 21 15.7080810249
440 21 15.7080810249
441 22 17.4986476019
442 22 17.4986476019
443 22 17.4986476019
444 22 17.4986476019
445 22 17.4986476019
446 22 17.4986476019
447 22 17.4986476019
448 22 17.4986476019
449 22 17.4986476019
450 22 17.4986476019
451 22 17.4986476019
452 22 17.4986476019
453 22 17.4986476019
454 22 17.4986476019
455 22 17.4986476019
456 22 17.4986476019
457 22 17.4986476019
458 22 17.4986476019
459 22 17.4986476019
460 22 17.4986476019
461 23 27.0647236379
462 23 27.0647236379
463 23 27.0647236379
464 23 27.0647236379
465 23 27.0647236379
466 23 27.0647236379
467 23 27.0647236379
468 23 27.0647236379
469 23 27.0647236379
470 23 27.0647236379
471 23 27.0647236379
472 23 27.0647236379
473 23 27.0647236379
474 23 27.0647236379
475 23 27.0647236379
476 23 27.0647236379
477 23 27.0647236379
478 23 27.0647236379
479 23 27.0647236379
480 23 27.0647236379
481 24 27.1937638436
482 24 27.1937638436
483 24 27.1937638436
484 24 27.1937638436
485 24 27.1937638436
486 24 27.1937638436
487 24 27.1937638436
488 24 27.1937638436
489 24 27.1937638436
490 24 27.1937638436
491 24 27.1937638436
492 24 27.1937638436
493 24 27.1937638436
494 24 27.1937638436
495 24 27.1937638436
496 24 27.1937638436
497 24 27.1937638436
498 24 27.1937638436
499 24 27.1937638436
500 24 27.1937638436
501 25 27.1374485145
502 25 27.1374485145
503 25 27.1374485145
504 25 27.1374485145
505 25 27.1374485145
506 25 27.1374485145
507 25 27.1374485145
508 25 27.1374485145
509 25 27.1374485145
510 25 27.1374485145
511 25 27.1374485145
512 25 27.1374485145
513 25 27.1374485145
514 25 27.1374485145
515 25 27.1374485145
516 25 27.1374485145
517 25 27.1374485145
518 25 27.1374485145
519 25 27.1374485145
520 25 27.1374485145
521 26 25.5726217785
522 26 25.5726217785
523 26 25.5726217785
524 26 25.5726217785
525 26 25.5726217785
526 26 25.5726217785
527 26 25.5726217785
528 26 25.5726217785
529 26 25.5726217785
530 26 25.5726217785
531 26 25.5726217785
532 26 25.5726217785
533 26 25.5726217785
534 26 25.5726217785
535 26 25.5726217785
536 26 25.5726217785
537 26 25.5726217785
538 26 25.5726217785
539 26 25.5726217785
540 26 25.5726217785
541 27 30.824837896
542 27 30.824837896
543 27 30.824837896
544 27 30.824837896
545 27 30.824837896
546 27 30.824837896
547 27 30.824837896
548 27 30.824837896
549 27 30.824837896
550 27 30.824837896
551 27 30.824837896
552 27 30.824837896
553 27 30.824837896
554 27 30.824837896
555 27 30.824837896
556 27 30.824837896
557 27 30.824837896
558 27 30.824837896
559 27 30.824837896
560 27 30.824837896
561 28 32.76209591
562 28 32.76209591
563 28 32.76209591
564 28 32.76209591
565 28 32.76209591
566 28 32.76209591
