1 0 12.3858074412
2 0 12.3858074412
3 0 12.3858074412
4 0 12.3858074412
5 0 12.3858074412
6 0 12.3858074412
7 0 12.3858074412
8 0 12.3858074412
9 0 12.3858074412
10 0 12.3858074412
11 0 12.3858074412
12 0 12.3858074412
13 0 12.3858074412
14 0 12.3858074412
15 0 12.3858074412
16 0 12.3858074412
17 0 12.3858074412
18 0 12.3858074412
19 0 12.3858074412
20 0 12.3858074412
21 1 13.1245772963
22 1 13.1245772963
23 1 13.1245772963
24 1 13.1245772963
25 1 13.1245772963
26 1 13.1245772963
27 1 13.1245772963
28 1 13.1245772963
29 1 13.1245772963
30 1 13.1245772963
31 1 13.1245772963
32 1 13.1245772963
33 1 13.1245772963
34 1 13.1245772963
35 1 13.1245772963
36 1 13.1245772963
37 1 13.1245772963
38 1 13.1245772963
39 1 13.1245772963
40 1 13.1245772963
41 2 17.3741827363
42 2 17.3741827363
43 2 17.3741827363
44 2 17.3741827363
45 2 17.3741827363
46 2 17.3741827363
47 2 17.3741827363
48 2 17.3741827363
49 2 17.3741827363
50 2 17.3741827363
51 2 17.3741827363
52 2 17.3741827363
53 2 17.3741827363
54 2 17.3741827363
55 2 17.3741827363
56 2 17.3741827363
57 2 17.3741827363
58 2 17.3741827363
59 2 17.3741827363
60 2 17.3741827363
61 3 19.8931693284
62 3 19.8931693284
63 3 19.8931693284
64 3 19.8931693284
65 3 19.8931693284
66 3 19.8931693284
67 3 19.8931693284
68 3 19.8931693284
69 3 19.8931693284
70 3 19.8931693284
71 3 19.8931693284
72 3 19.8931693284
73 3 19.8931693284
74 3 19.8931693284
75 3 19.8931693284
76 3 19.8931693284
77 3 19.8931693284
78 3 19.8931693284
79 3 19.8931693284
80 3 19.8931693284
81 4 29.5245890894
82 4 29.5245890894
83 4 29.5245890894
84 4 29.5245890894
85 4 29.5245890894
86 4 29.5245890894
87 4 29.5245890894
88 4 29.5245890894
89 4 29.5245890894
90 4 29.5245890894
91 4 29.5245890894
92 4 29.5245890894
93 4 29.5245890894
94 4 29.5245890894
95 4 29.5245890894
96 4 29.5245890894
97 4 29.5245890894
98 4 29.5245890894
99 4 29.5245890894
100 4 29.5245890894
101 5 30.5252179346
102 5 30.5252179346
103 5 30.5252179346
104 5 30.5252179346
105 5 30.5252179346
106 5 30.5252179346
107 5 30.5252179346
108 5 30.5252179346
109 5 30.5252179346
110 5 30.5252179346
111 5 30.5252179346
112 5 30.5252179346
113 5 30.5252179346
114 5 30.5252179346
115 5 30.5252179346
116 5 30.5252179346
117 5 30.5252179346
118 5 30.5252179346
119 5 30.5252179346
120 5 30.5252179346
121 6 24.1819694812
122 6 24.1819694812
123 6 24.1819694812
124 6 24.1819694812
125 6 24.1819694812
126 6 24.1819694812
127 6 24.1819694812
128 6 24.1819694812
129 6 24.1819694812
130 6 24.1819694812
131 6 24.1819694812
132 6 24.1819694812
133 6 24.1819694812
134 6 24.1819694812
135 6 24.1819694812
136 6 24.1819694812
137 6 24.1819694812
138 6 24.1819694812
139 6 24.1819694812
140 6 24.1819694812
141 7 19.2194453161
142 7 19.2194453161
143 7 19.2194453161
144 7 19.2194453161
145 7 19.2194453161
146 7 19.2194453161
147 7 19.2194453161
148 7 19.2194453161
149 7 19.2194453161
150 7 19.2194453161
151 7 19.2194453161
152 7 19.2194453161
153 7 19.2194453161
154 7 19.2194453161
155 7 19.2194453161
156 7 19.2194453161
157 7 19.2194453161
158 7 19.2194453161
159 7 19.2194453161
160 7 19.2194453161
161 8 23.6750157946
162 8 23.6750157946
163 8 23.6750157946
164 8 23.6750157946
165 8 23.6750157946
166 8 23.6750157946
167 8 23.6750157946
168 8 23.6750157946
169 8 23.6750157946
170 8 23.6750157946
171 8 23.6750157946
172 8 23.6750157946
173 8 23.6750157946
174 8 23.6750157946
175 8 23.6750157946
176 8 23.6750157946
177 8 23.6750157946
178 8 23.6750157946
179 8 23.6750157946
180 8 23.6750157946
181 9 21.0353192859
182 9 21.0353192859
183 9 21.0353192859
184 9 21.0353192859
185 9 21.0353192859
186 9 21.0353192859
187 9 21.0353192859
188 9 21.0353192859
189 9 21.0353192859
190 9 21.0353192859
191 9 21.0353192859
192 9 21.0353192859
193 9 21.0353192859
194 9 21.0353192859
195 9 21.0353192859
196 9 21.0353192859
197 9 21.0353192859
198 9 21.0353192859
199 9 21.0353192859
200 9 21.0353192859
201 10 14.3186660376
202 10 14.3186660376
203 10 14.3186660376
204 10 14.3186660376
205 10 14.3186660376
206 10 14.3186660376
207 10 14.3186660376
208 10 14.3186660376
209 10 14.3186660376
210 10 14.3186660376
211 10 14.3186660376
212 10 14.3186660376
213 10 14.3186660376
214 10 14.3186660376
215 10 14.3186660376
216 10 14.3186660376
217 10 14.3186660376
218 10 14.3186660376
219 10 14.3186660376
220 10 14.3186660376
221 11 16.5483169478
222 11 16.5483169478
223 11 16.5483169478
224 11 16.5483169478
225 11 16.5483169478
226 11 16.5483169478
227 11 16.5483169478
228 11 16.5483169478
229 11 16.5483169478
230 11 16.5483169478
231 11 16.5483169478
232 11 16.5483169478
233 11 16.5483169478
234 11 16.5483169478
235 11 16.5483169478
236 11 16.5483169478
237 11 16.5483169478
238 11 16.5483169478
239 11 16.5483169478
240 11 16.5483169478
241 12 9.39979072951
242 12 9.39979072951
243 12 9.39979072951
244 12 9.39979072951
245 12 9.39979072951
246 12 9.39979072951
247 12 9.39979072951
248 12 9.39979072951
249 12 9.39979072951
250 12 9.39979072951
251 12 9.39979072951
252 12 9.39979072951
253 12 9.39979072951
254 12 9.39979072951
255 12 9.39979072951
256 12 9.39979072951
257 12 9.39979072951
258 12 9.39979072951
259 12 9.39979072951
260 12 9.39979072951
261 13 7.68289889676
262 13 7.68289889676
263 13 7.68289889676
264 13 7.68289889676
265 13 7.68289889676
266 13 7.68289889676
267 13 7.68289889676
268 13 7.68289889676
269 13 7.68289889676
270 13 7.68289889676
271 13 7.68289889676
272 13 7.68289889676
273 13 7.68289889676
274 13 7.68289889676
275 13 7.68289889676
276 13 7.68289889676
277 13 7.68289889676
278 13 7.68289889676
279 13 7.68289889676
280 13 7.68289889676
281 14 14.6028267733
282 14 14.6028267733
283 14 14.6028267733
284 14 14.6028267733
285 14 14.6028267733
286 14 14.6028267733
287 14 14.6028267733
288 14 14.6028267733
289 14 14.6028267733
290 14 14.6028267733
291 14 14.6028267733
292 14 14.6028267733
293 14 14.6028267733
294 14 14.6028267733
295 14 14.6028267733
296 14 14.6028267733
297 14 14.6028267733
298 14 14.6028267733
299 14 14.6028267733
300 14 14.6028267733
301 15 12.4018477201
302 15 12.4018477201
303 15 12.4018477201
304 15 12.4018477201
305 15 12.4018477201
306 15 12.4018477201
307 15 12.4018477201
308 15 12.4018477201
309 15 12.4018477201
310 15 12.4018477201
311 15 12.4018477201
312 15 12.4018477201
313 15 12.4018477201
314 15 12.4018477201
315 15 12.4018477201
316 15 12.4018477201
317 15 12.4018477201
318 15 12.4018477201
319 15 12.4018477201
320 15 12.4018477201
321 16 11.7153372261
322 16 11.7153372261
323 16 11.7153372261
324 16 11.7153372261
325 16 11.7153372261
326 16 11.7153372261
327 16 11.7153372261
328 16 11.7153372261
329 16 11.7153372261
330 16 11.7153372261
331 16 11.7153372261
332 16 11.7153372261
333 16 11.7153372261
334 16 11.7153372261
335 16 11.7153372261
336 16 11.7153372261
337 16 11.7153372261
338 16 11.7153372261
339 16 11.7153372261
340 16 11.7153372261
341 17 8.12566911216
342 17 8.12566911216
343 17 8.12566911216
344 17 8.12566911216
345 17 8.12566911216
346 17 8.12566911216
347 17 8.12566911216
348 17 8.12566911216
349 17 8.12566911216
350 17 8.12566911216
351 17 8.12566911216
352 17 8.12566911216
353 17 8.12566911216
354 17 8.12566911216
355 17 8.12566911216
356 17 8.12566911216
357 17 8.12566911216
358 17 8.12566911216
359 17 8.12566911216
360 17 8.12566911216
361 18 22.1366886839
362 18 22.1366886839
363 18 22.1366886839
364 18 22.1366886839
365 18 22.1366886839
366 18 22.1366886839
367 18 22.1366886839
368 18 22.1366886839
369 18 22.1366886839
370 18 22.1366886839
371 18 22.1366886839
372 18 22.1366886839
373 18 22.1366886839
374 18 22.1366886839
375 18 22.1366886839
376 18 22.1366886839
377 18 22.1366886839
378 18 22.1366886839
379 18 22.1366886839
380 18 22.1366886839
381 19 17.7458862091
382 19 17.7458862091
383 19 17.7458862091
384 19 17.7458862091
385 19 17.7458862091
386 19 17.7458862091
387 19 17.7458862091
388 19 17.7458862091
389 19 17.7458862091
390 19 17.7458862091
391 19 17.7458862091
392 19 17.7458862091
393 19 17.7458862091
394 19 17.7458862091
395 19 17.7458862091
396 19 17.7458862091
397 19 17.7458862091
398 19 17.7458862091
399 19 17.7458862091
400 19 17.7458862091
401 20 12.6128401455
402 20 12.6128401455
403 20 12.6128401455
404 20 12.6128401455
405 20 12.6128401455
406 20 12.6128401455
407 20 12.6128401455
408 20 12.6128401455
409 20 12.6128401455
410 20 12.6128401455
411 20 12.6128401455
412 20 12.6128401455
413 20 12.6128401455
414 20 12.6128401455
415 20 12.6128401455
416 20 12.6128401455
417 20 12.6128401455
418 20 12.6128401455
419 20 12.6128401455
420 20 12.6128401455
421 21 14.9241970313
422 21 14.9241970313
423 21 14.9241970313
424 21 14.9241970313
425 21 14.9241970313
426 21 14.9241970313
427 21 14.9241970313
428 21 14.9241970313
429 21 14.9241970313
430 21 14.9241970313
431 21 14.9241970313
432 21 14.9241970313
433 21 14.9241970313
434 21 14.9241970313
435 21 14.9241970313
436 21 14.9241970313
437 21 14.9241970313
438 21 14.9241970313
439 21 14.9241970313
440 21 14.9241970313
441 22 24.6461649717
442 22 24.6461649717
443 22 24.6461649717
444 22 24.6461649717
445 22 24.6461649717
446 22 24.6461649717
447 22 24.6461649717
448 22 24.6461649717
449 22 24.6461649717
450 22 24.6461649717
451 22 24.6461649717
452 22 24.6461649717
453 22 24.6461649717
454 22 24.6461649717
455 22 24.6461649717
456 22 24.6461649717
457 22 24.6461649717
458 22 24.6461649717
459 22 24.6461649717
460 22 24.6461649717
461 23 26.5914830912
462 23 26.5914830912
463 23 26.5914830912
464 23 26.5914830912
465 23 26.5914830912
466 23 26.5914830912
467 23 26.5914830912
468 23 26.5914830912
469 23 26.5914830912
470 23 26.5914830912
471 23 26.5914830912
472 23 26.5914830912
473 23 26.5914830912
474 23 26.5914830912
475 23 26.5914830912
476 23 26.5914830912
477 23 26.5914830912
478 23 26.5914830912
479 23 26.5914830912
480 23 26.5914830912
481 24 28.5696810524
482 24 28.5696810524
483 24 28.5696810524
484 24 28.5696810524
485 24 28.5696810524
486 24 28.5696810524
487 24 28.5696810524
488 24 28.5696810524
489 24 28.5696810524
490 24 28.5696810524
491 24 28.5696810524
492 24 28.5696810524
493 24 28.5696810524
494 24 28.5696810524
495 24 28.5696810524
496 24 28.5696810524
497 24 28.5696810524
498 24 28.5696810524
499 24 28.5696810524
500 24 28.5696810524
501 25 23.0486549237
502 25 23.0486549237
503 25 23.0486549237
504 25 23.0486549237
505 25 23.0486549237
506 25 23.0486549237
507 25 23.0486549237
508 25 23.0486549237
509 25 23.0486549237
510 25 23.0486549237
511 25 23.0486549237
512 25 23.0486549237
513 25 23.0486549237
514 25 23.0486549237
515 25 23.0486549237
516 25 23.0486549237
517 25 23.0486549237
518 25 23.0486549237
519 25 23.0486549237
520 25 23.0486549237
521 26 13.9998956262
522 26 13.9998956262
523 26 13.9998956262
524 26 13.9998956262
525 26 13.9998956262
526 26 13.9998956262
527 26 13.9998956262
528 26 13.9998956262
529 26 13.9998956262
530 26 13.9998956262
531 26 13.9998956262
532 26 13.9998956262
533 26 13.9998956262
534 26 13.9998956262
535 26 13.9998956262
536 26 13.9998956262
537 26 13.9998956262
538 26 13.9998956262
539 26 13.9998956262
540 26 13.9998956262
541 27 14.523088164
542 27 14.523088164
543 27 14.523088164
544 27 14.523088164
545 27 14.523088164
546 27 14.523088164
547 27 14.523088164
548 27 14.523088164
549 27 14.523088164
550 27 14.523088164
551 27 14.523088164
552 27 14.523088164
553 27 14.523088164
554 27 14.523088164
555 27 14.523088164
556 27 14.523088164
557 27 14.523088164
558 27 14.523088164
559 27 14.523088164
560 27 14.523088164
561 28 14.9798648302
562 28 14.9798648302
563 28 14.9798648302
564 28 14.9798648302
565 28 14.9798648302
566 28 14.9798648302
567 28 14.9798648302
568 28 14.9798648302
569 28 14.9798648302
570 28 14.9798648302
571 28 14.9798648302
572 28 14.9798648302
573 28 14.9798648302
574 28 14.9798648302
575 28 14.9798648302
576 28 14.9798648302
577 28 14.9798648302
578 28 14.9798648302
579 28 14.9798648302
580 28 14.9798648302
581 29 7.09959785883
582 29 7.09959785883
583 29 7.09959785883
584 29 7.09959785883
585 29 7.09959785883
586 29 7.09959785883
587 29 7.09959785883
588 29 7.09959785883
589 29 7.09959785883
590 29 7.09959785883
591 29 7.09959785883
592 29 7.09959785883
593 29 7.09959785883
594 29 7.09959785883
595 29 7.09959785883
596 29 7.09959785883
597 29 7.09959785883
598 29 7.09959785883
599 29 7.09959785883
600 29 7.09959785883
601 30 14.238324469
602 30 14.238324469
603 30 14.238324469
604 30 14.238324469
605 30 14.238324469
606 30 14.238324469
607 30 14.238324469
608 30 14.238324469
609 30 14.238324469
610 30 14.238324469
611 30 14.238324469
612 30 14.238324469
613 30 14.238324469
614 30 14.238324469
615 30 14.238324469
616 30 14.238324469
617 30 14.238324469
618 30 14.238324469
619 30 14.238324469
620 30 14.238324469
621 31 20.2402228571
622 31 20.2402228571
623 31 20.2402228571
624 31 20.2402228571
625 31 20.2402228571
626 31 20.2402228571
627 31 20.2402228571
628 31 20.2402228571
629 31 20.2402228571
630 31 20.2402228571
631 31 20.2402228571
632 31 20.2402228571
633 31 20.2402228571
634 31 20.2402228571
635 31 20.2402228571
636 31 20.2402228571
637 31 20.2402228571
638 31 20.2402228571
639 31 20.2402228571
640 31 20.2402228571
641 32 9.651150104
642 32 9.651150104
643 32 9.651150104
644 32 9.651150104
645 32 9.651150104
646 32 9.651150104
647 32 9.651150104
648 32 9.651150104
649 32 9.651150104
650 32 9.651150104
651 32 9.651150104
652 32 9.651150104
653 32 9.651150104
654 32 9.651150104
655 32 9.651150104
656 32 9.651150104
657 32 9.651150104
658 32 9.651150104
659 32 9.651150104
660 32 9.651150104
661 33 10.7332287779
662 33 10.7332287779
663 33 10.7332287779
664 33 10.7332287779
665 33 10.7332287779
666 33 10.7332287779
667 33 10.7332287779
668 33 10.7332287779
669 33 10.7332287779
670 33 10.7332287779
671 33 10.7332287779
672 33 10.7332287779
673 33 10.7332287779
674 33 10.7332287779
675 33 10.7332287779
676 33 10.7332287779
677 33 10.7332287779
678 33 10.7332287779
679 33 10.7332287779
680 33 10.7332287779
681 34 12.4855707786
682 34 12.4855707786
683 34 12.4855707786
684 34 12.4855707786
685 34 12.4855707786
686 34 12.4855707786
687 34 12.4855707786
688 34 12.4855707786
689 34 12.4855707786
690 34 12.4855707786
691 34 12.4855707786
692 34 12.4855707786
693 34 12.4855707786
694 34 12.4855707786
695 34 12.4855707786
696 34 12.4855707786
697 34 12.4855707786
698 34 12.4855707786
699 34 12.4855707786
700 34 12.4855707786
701 35 16.6875979909
702 35 16.6875979909
703 35 16.6875979909
704 35 16.6875979909
705 35 16.6875979909
706 35 16.6875979909
707 35 16.6875979909
708 35 16.6875979909
709 35 16.6875979909
710 35 16.6875979909
711 35 16.6875979909
712 36 18.1457742128
713 36 18.1457742128
714 36 18.1457742128
715 36 18.1457742128
716 36 18.1457742128
717 36 18.1457742128
718 36 18.1457742128
719 36 18.1457742128
720 36 18.1457742128
721 36 18.1457742128
722 36 18.1457742128
723 36 18.1457742128
724 36 18.1457742128
725 36 18.1457742128
726 36 18.1457742128
727 36 18.1457742128
728 36 18.1457742128
729 36 18.1457742128
730 36 18.1457742128
731 36 18.1457742128
732 36 18.1457742128
733 36 18.1457742128
734 36 18.1457742128
735 36 18.1457742128
736 36 18.1457742128
737 36 18.1457742128
738 36 18.1457742128
739 36 18.1457742128
740 36 18.1457742128
741 36 18.1457742128
742 36 18.1457742128
743 36 18.1457742128
744 36 18.1457742128
745 36 18.1457742128
746 36 18.1457742128
747 36 18.1457742128
748 36 18.1457742128
749 36 18.1457742128
750 36 18.1457742128
751 36 18.1457742128
752 37 18.701064321
753 37 18.701064321
754 37 18.701064321
755 37 18.701064321
756 37 18.701064321
757 37 18.701064321
758 37 18.701064321
759 37 18.701064321
760 37 18.701064321
761 37 18.701064321
762 37 18.701064321
763 37 18.701064321
764 37 18.701064321
765 37 18.701064321
766 37 18.701064321
767 37 18.701064321
768 37 18.701064321
769 37 18.701064321
770 37 18.701064321
771 37 18.701064321
772 37 18.701064321
773 37 18.701064321
774 37 18.701064321
775 37 18.701064321
776 37 18.701064321
777 37 18.701064321
778 37 18.701064321
779 37 18.701064321
780 37 18.701064321
781 37 18.701064321
782 37 18.701064321
783 37 18.701064321
784 37 18.701064321
785 37 18.701064321
786 37 18.701064321
787 37 18.701064321
788 37 18.701064321
789 37 18.701064321
790 37 18.701064321
791 37 18.701064321
792 38 18.1035197697
793 38 18.1035197697
794 38 18.1035197697
795 38 18.1035197697
796 38 18.1035197697
797 38 18.1035197697
798 38 18.1035197697
799 38 18.1035197697
800 38 18.1035197697
801 38 18.1035197697
802 38 18.1035197697
803 38 18.1035197697
804 38 18.1035197697
805 38 18.1035197697
806 38 18.1035197697
807 38 18.1035197697
808 38 18.1035197697
809 38 18.1035197697
810 38 18.1035197697
811 38 18.1035197697
812 38 18.1035197697
813 38 18.1035197697
814 38 18.1035197697
815 38 18.1035197697
816 38 18.1035197697
817 38 18.1035197697
818 38 18.1035197697
819 38 18.1035197697
820 38 18.1035197697
821 38 18.1035197697
822 38 18.1035197697
823 38 18.1035197697
824 38 18.1035197697
825 38 18.1035197697
826 38 18.1035197697
827 38 18.1035197697
828 38 18.1035197697
829 38 18.1035197697
830 38 18.1035197697
831 38 18.1035197697
832 39 20.9058172297
833 39 20.9058172297
834 39 20.9058172297
835 39 20.9058172297
836 39 20.9058172297
837 39 20.9058172297
838 39 20.9058172297
839 39 20.9058172297
840 39 20.9058172297
841 39 20.9058172297
842 39 20.9058172297
843 39 20.9058172297
844 39 20.9058172297
845 39 20.9058172297
846 39 20.9058172297
847 39 20.9058172297
848 39 20.9058172297
849 39 20.9058172297
850 39 20.9058172297
851 39 20.9058172297
852 39 20.9058172297
853 39 20.9058172297
854 39 20.9058172297
855 39 20.9058172297
856 39 20.9058172297
857 39 20.9058172297
858 39 20.9058172297
859 39 20.9058172297
860 39 20.9058172297
861 39 20.9058172297
862 39 20.9058172297
863 39 20.9058172297
864 39 20.9058172297
865 39 20.9058172297
866 39 20.9058172297
867 39 20.9058172297
868 39 20.9058172297
869 39 20.9058172297
870 39 20.9058172297
871 39 20.9058172297
872 40 22.4042594336
873 40 22.4042594336
874 40 22.4042594336
875 40 22.4042594336
876 40 22.4042594336
877 40 22.4042594336
878 40 22.4042594336
879 40 22.4042594336
880 40 22.4042594336
881 40 22.4042594336
882 40 22.4042594336
883 40 22.4042594336
884 40 22.4042594336
885 40 22.4042594336
886 40 22.4042594336
887 40 22.4042594336
888 40 22.4042594336
889 40 22.4042594336
890 40 22.4042594336
891 40 22.4042594336
892 40 22.4042594336
893 40 22.4042594336
894 40 22.4042594336
895 40 22.4042594336
896 40 22.4042594336
897 40 22.4042594336
898 40 22.4042594336
899 40 22.4042594336
900 40 22.4042594336
901 40 22.4042594336
902 40 22.4042594336
903 40 22.4042594336
904 40 22.4042594336
905 40 22.4042594336
906 40 22.4042594336
907 40 22.4042594336
908 40 22.4042594336
909 40 22.4042594336
910 40 22.4042594336
911 40 22.4042594336
912 41 24.9400022845
913 41 24.9400022845
914 41 24.9400022845
915 41 24.9400022845
916 41 24.9400022845
917 41 24.9400022845
918 41 24.9400022845
919 41 24.9400022845
920 41 24.9400022845
921 41 24.9400022845
922 41 24.9400022845
923 41 24.9400022845
924 41 24.9400022845
925 41 24.9400022845
926 41 24.9400022845
927 41 24.9400022845
928 41 24.9400022845
929 41 24.9400022845
930 41 24.9400022845
931 41 24.9400022845
932 41 24.9400022845
933 41 24.9400022845
934 41 24.9400022845
935 41 24.9400022845
936 41 24.9400022845
937 41 24.9400022845
938 41 24.9400022845
939 41 24.9400022845
940 41 24.9400022845
941 41 24.9400022845
942 41 24.9400022845
943 41 24.9400022845
944 41 24.9400022845
945 41 24.9400022845
946 41 24.9400022845
947 41 24.9400022845
948 41 24.9400022845
949 41 24.9400022845
950 41 24.9400022845
951 41 24.9400022845
952 42 21.0723031291
953 42 21.0723031291
954 42 21.0723031291
955 42 21.0723031291
956 42 21.0723031291
957 42 21.0723031291
958 42 21.0723031291
959 42 21.0723031291
960 42 21.0723031291
961 42 21.0723031291
962 42 21.0723031291
963 42 21.0723031291
964 42 21.0723031291
965 42 21.0723031291
966 42 21.0723031291
967 42 21.0723031291
968 42 21.0723031291
969 42 21.0723031291
970 42 21.0723031291
971 42 21.0723031291
972 42 21.0723031291
973 42 21.0723031291
974 42 21.0723031291
975 42 21.0723031291
976 42 21.0723031291
977 42 21.0723031291
978 42 21.0723031291
979 42 21.0723031291
980 42 21.0723031291
981 42 21.0723031291
982 42 21.0723031291
983 42 21.0723031291
984 42 21.0723031291
985 42 21.0723031291
986 42 21.0723031291
987 42 21.0723031291
988 42 21.0723031291
989 42 21.0723031291
990 42 21.0723031291
991 42 21.0723031291
992 43 22.9719596519
993 43 22.9719596519
994 43 22.9719596519
995 43 22.9719596519
996 43 22.9719596519
997 43 22.9719596519
998 43 22.9719596519
999 43 22.9719596519
1000 43 22.9719596519
1001 43 22.9719596519
1002 43 22.9719596519
1003 43 22.9719596519
1004 43 22.9719596519
1005 43 22.9719596519
1006 43 22.9719596519
1007 43 22.9719596519
1008 43 22.9719596519
1009 43 22.9719596519
1010 43 22.9719596519
1011 43 22.9719596519
1012 43 22.9719596519
1013 43 22.9719596519
1014 43 22.9719596519
1015 43 22.9719596519
1016 43 22.9719596519
1017 43 22.9719596519
1018 43 22.9719596519
1019 43 22.9719596519
1020 43 22.9719596519
1021 43 22.9719596519
1022 43 22.9719596519
1023 43 22.9719596519
1024 43 22.9719596519
1025 43 22.9719596519
1026 43 22.9719596519
1027 43 22.9719596519
1028 43 22.9719596519
1029 43 22.9719596519
1030 43 22.9719596519
1031 43 22.9719596519
1032 44 22.6379823572
1033 44 22.6379823572
1034 44 22.6379823572
1035 44 22.6379823572
1036 44 22.6379823572
1037 44 22.6379823572
1038 44 22.6379823572
1039 44 22.6379823572
1040 44 22.6379823572
1041 44 22.6379823572
1042 44 22.6379823572
1043 44 22.6379823572
1044 44 22.6379823572
1045 44 22.6379823572
1046 44 22.6379823572
1047 44 22.6379823572
1048 44 22.6379823572
1049 44 22.6379823572
1050 44 22.6379823572
1051 44 22.6379823572
1052 44 22.6379823572
1053 44 22.6379823572
1054 44 22.6379823572
1055 44 22.6379823572
1056 44 22.6379823572
1057 44 22.6379823572
1058 44 22.6379823572
1059 44 22.6379823572
1060 44 22.6379823572
1061 44 22.6379823572
1062 44 22.6379823572
1063 44 22.6379823572
1064 44 22.6379823572
1065 44 22.6379823572
1066 44 22.6379823572
1067 44 22.6379823572
1068 44 22.6379823572
1069 44 22.6379823572
1070 44 22.6379823572
1071 44 22.6379823572
1072 45 26.1950165458
1073 45 26.1950165458
1074 45 26.1950165458
1075 45 26.1950165458
1076 45 26.1950165458
1077 45 26.1950165458
1078 45 26.1950165458
1079 45 26.1950165458
1080 45 26.1950165458
1081 45 26.1950165458
1082 45 26.1950165458
