1 0 27.5069554624
2 0 27.5069554624
3 0 27.5069554624
4 0 27.5069554624
5 0 27.5069554624
6 0 27.5069554624
7 0 27.5069554624
8 0 27.5069554624
9 0 27.5069554624
10 0 27.5069554624
11 0 27.5069554624
12 0 27.5069554624
13 0 27.5069554624
14 0 27.5069554624
15 0 27.5069554624
16 0 27.5069554624
17 0 27.5069554624
18 0 27.5069554624
19 0 27.5069554624
20 0 27.5069554624
21 1 23.1708068622
22 1 23.1708068622
23 1 23.1708068622
24 1 23.1708068622
25 1 23.1708068622
26 1 23.1708068622
27 1 23.1708068622
28 1 23.1708068622
29 1 23.1708068622
30 1 23.1708068622
31 1 23.1708068622
32 1 23.1708068622
33 1 23.1708068622
34 1 23.1708068622
35 1 23.1708068622
36 1 23.1708068622
37 1 23.1708068622
38 1 23.1708068622
39 1 23.1708068622
40 1 23.1708068622
41 2 18.2805800556
42 2 18.2805800556
43 2 18.2805800556
44 2 18.2805800556
45 2 18.2805800556
46 2 18.2805800556
47 2 18.2805800556
48 2 18.2805800556
49 2 18.2805800556
50 2 18.2805800556
51 2 18.2805800556
52 2 18.2805800556
53 2 18.2805800556
54 2 18.2805800556
55 2 18.2805800556
56 2 18.2805800556
57 2 18.2805800556
58 2 18.2805800556
59 2 18.2805800556
60 2 18.2805800556
61 3 10.7989632021
62 3 10.7989632021
63 3 10.7989632021
64 3 10.7989632021
65 3 10.7989632021
66 3 10.7989632021
67 3 10.7989632021
68 3 10.7989632021
69 3 10.7989632021
70 3 10.7989632021
71 3 10.7989632021
72 3 10.7989632021
73 3 10.7989632021
74 3 10.7989632021
75 3 10.7989632021
76 3 10.7989632021
77 3 10.7989632021
78 3 10.7989632021
79 3 10.7989632021
80 3 10.7989632021
81 4 12.6507361295
82 4 12.6507361295
83 4 12.6507361295
84 4 12.6507361295
85 4 12.6507361295
86 4 12.6507361295
87 4 12.6507361295
88 4 12.6507361295
89 4 12.6507361295
90 4 12.6507361295
91 4 12.6507361295
92 4 12.6507361295
93 4 12.6507361295
94 4 12.6507361295
95 4 12.6507361295
96 4 12.6507361295
97 4 12.6507361295
98 4 12.6507361295
99 4 12.6507361295
100 4 12.6507361295
101 5 12.2055532022
102 5 12.2055532022
103 5 12.2055532022
104 5 12.2055532022
105 5 12.2055532022
106 5 12.2055532022
107 5 12.2055532022
108 5 12.2055532022
109 5 12.2055532022
110 5 12.2055532022
111 5 12.2055532022
112 5 12.2055532022
113 5 12.2055532022
114 5 12.2055532022
115 5 12.2055532022
116 5 12.2055532022
117 5 12.2055532022
118 5 12.2055532022
119 5 12.2055532022
120 5 12.2055532022
121 6 11.3410054015
122 6 11.3410054015
123 6 11.3410054015
124 6 11.3410054015
125 6 11.3410054015
126 6 11.3410054015
127 6 11.3410054015
128 6 11.3410054015
129 6 11.3410054015
130 6 11.3410054015
131 6 11.3410054015
132 6 11.3410054015
133 6 11.3410054015
134 6 11.3410054015
135 6 11.3410054015
136 6 11.3410054015
137 6 11.3410054015
138 6 11.3410054015
139 6 11.3410054015
140 6 11.3410054015
141 7 14.0219005659
142 7 14.0219005659
143 7 14.0219005659
144 7 14.0219005659
145 7 14.0219005659
146 7 14.0219005659
147 7 14.0219005659
148 7 14.0219005659
149 7 14.0219005659
150 7 14.0219005659
151 7 14.0219005659
152 7 14.0219005659
153 7 14.0219005659
154 7 14.0219005659
155 7 14.0219005659
156 7 14.0219005659
157 7 14.0219005659
