1 0 13.1133538973
2 0 13.1133538973
3 0 13.1133538973
4 0 13.1133538973
5 0 13.1133538973
6 0 13.1133538973
7 0 13.1133538973
8 0 13.1133538973
9 0 13.1133538973
10 0 13.1133538973
11 0 13.1133538973
12 0 13.1133538973
13 0 13.1133538973
14 0 13.1133538973
15 0 13.1133538973
16 0 13.1133538973
17 0 13.1133538973
18 0 13.1133538973
19 0 13.1133538973
20 0 13.1133538973
21 0 13.1133538973
22 0 13.1133538973
23 0 13.1133538973
24 0 13.1133538973
25 0 13.1133538973
26 0 13.1133538973
27 0 13.1133538973
28 0 13.1133538973
29 0 13.1133538973
30 0 13.1133538973
31 0 13.1133538973
32 0 13.1133538973
33 0 13.1133538973
34 0 13.1133538973
35 0 13.1133538973
36 0 13.1133538973
37 0 13.1133538973
38 0 13.1133538973
39 0 13.1133538973
40 0 13.1133538973
41 1 20.5328861148
42 1 20.5328861148
43 1 20.5328861148
44 1 20.5328861148
45 1 20.5328861148
46 1 20.5328861148
47 1 20.5328861148
48 1 20.5328861148
49 1 20.5328861148
50 1 20.5328861148
51 1 20.5328861148
52 1 20.5328861148
53 1 20.5328861148
54 1 20.5328861148
55 1 20.5328861148
56 1 20.5328861148
57 1 20.5328861148
58 1 20.5328861148
59 1 20.5328861148
60 1 20.5328861148
61 1 20.5328861148
62 1 20.5328861148
63 1 20.5328861148
64 1 20.5328861148
65 1 20.5328861148
66 1 20.5328861148
67 1 20.5328861148
68 1 20.5328861148
69 1 20.5328861148
70 1 20.5328861148
71 1 20.5328861148
72 1 20.5328861148
73 1 20.5328861148
74 1 20.5328861148
75 1 20.5328861148
76 1 20.5328861148
77 1 20.5328861148
78 1 20.5328861148
79 1 20.5328861148
80 1 20.5328861148
81 2 19.2629596083
82 2 19.2629596083
83 2 19.2629596083
84 2 19.2629596083
85 2 19.2629596083
86 2 19.2629596083
87 2 19.2629596083
88 2 19.2629596083
89 2 19.2629596083
90 2 19.2629596083
91 2 19.2629596083
92 2 19.2629596083
93 2 19.2629596083
94 2 19.2629596083
95 2 19.2629596083
96 2 19.2629596083
97 2 19.2629596083
98 2 19.2629596083
99 2 19.2629596083
100 2 19.2629596083
101 2 19.2629596083
102 2 19.2629596083
103 2 19.2629596083
104 2 19.2629596083
105 2 19.2629596083
106 2 19.2629596083
107 2 19.2629596083
108 2 19.2629596083
109 2 19.2629596083
110 2 19.2629596083
111 2 19.2629596083
112 2 19.2629596083
113 2 19.2629596083
114 2 19.2629596083
115 2 19.2629596083
116 2 19.2629596083
117 2 19.2629596083
118 2 19.2629596083
119 2 19.2629596083
120 2 19.2629596083
121 3 26.7831106481
122 3 26.7831106481
123 3 26.7831106481
124 3 26.7831106481
125 3 26.7831106481
126 3 26.7831106481
127 3 26.7831106481
128 3 26.7831106481
129 3 26.7831106481
130 3 26.7831106481
131 3 26.7831106481
132 3 26.7831106481
133 3 26.7831106481
134 3 26.7831106481
135 3 26.7831106481
136 3 26.7831106481
137 3 26.7831106481
138 3 26.7831106481
139 3 26.7831106481
140 3 26.7831106481
141 3 26.7831106481
142 3 26.7831106481
143 3 26.7831106481
144 3 26.7831106481
145 3 26.7831106481
146 3 26.7831106481
147 3 26.7831106481
148 3 26.7831106481
149 3 26.7831106481
150 3 26.7831106481
151 3 26.7831106481
152 3 26.7831106481
153 3 26.7831106481
154 3 26.7831106481
155 3 26.7831106481
156 3 26.7831106481
157 3 26.7831106481
158 3 26.7831106481
159 3 26.7831106481
160 3 26.7831106481
161 4 37.0962929774
162 4 37.0962929774
163 4 37.0962929774
164 4 37.0962929774
165 4 37.0962929774
166 4 37.0962929774
167 4 37.0962929774
168 4 37.0962929774
169 4 37.0962929774
170 4 37.0962929774
171 4 37.0962929774
172 4 37.0962929774
173 4 37.0962929774
174 4 37.0962929774
175 4 37.0962929774
176 4 37.0962929774
177 4 37.0962929774
178 4 37.0962929774
179 4 37.0962929774
180 4 37.0962929774
181 4 37.0962929774
182 4 37.0962929774
183 4 37.0962929774
184 4 37.0962929774
185 4 37.0962929774
186 4 37.0962929774
187 4 37.0962929774
188 4 37.0962929774
189 4 37.0962929774
190 4 37.0962929774
191 4 37.0962929774
192 4 37.0962929774
193 4 37.0962929774
194 4 37.0962929774
195 4 37.0962929774
196 4 37.0962929774
197 4 37.0962929774
198 4 37.0962929774
199 4 37.0962929774
200 4 37.0962929774
201 5 25.843684628
202 5 25.843684628
203 5 25.843684628
204 5 25.843684628
205 5 25.843684628
206 5 25.843684628
207 5 25.843684628
208 5 25.843684628
209 5 25.843684628
210 5 25.843684628
211 5 25.843684628
212 5 25.843684628
213 5 25.843684628
214 5 25.843684628
215 5 25.843684628
216 5 25.843684628
217 5 25.843684628
218 5 25.843684628
219 5 25.843684628
220 5 25.843684628
221 5 25.843684628
222 5 25.843684628
223 5 25.843684628
224 5 25.843684628
225 5 25.843684628
226 5 25.843684628
227 5 25.843684628
228 5 25.843684628
229 5 25.843684628
230 5 25.843684628
231 5 25.843684628
232 5 25.843684628
233 5 25.843684628
234 5 25.843684628
235 5 25.843684628
236 5 25.843684628
237 5 25.843684628
238 5 25.843684628
239 5 25.843684628
240 5 25.843684628
241 6 34.5201469598
242 6 34.5201469598
243 6 34.5201469598
244 6 34.5201469598
245 6 34.5201469598
246 6 34.5201469598
247 6 34.5201469598
248 6 34.5201469598
249 6 34.5201469598
250 6 34.5201469598
251 6 34.5201469598
252 6 34.5201469598
253 6 34.5201469598
254 6 34.5201469598
255 6 34.5201469598
256 6 34.5201469598
257 6 34.5201469598
258 6 34.5201469598
259 6 34.5201469598
260 6 34.5201469598
261 6 34.5201469598
262 6 34.5201469598
263 6 34.5201469598
264 6 34.5201469598
265 6 34.5201469598
266 6 34.5201469598
267 6 34.5201469598
268 6 34.5201469598
269 6 34.5201469598
270 6 34.5201469598
271 6 34.5201469598
272 6 34.5201469598
273 6 34.5201469598
274 6 34.5201469598
275 6 34.5201469598
276 6 34.5201469598
277 6 34.5201469598
278 6 34.5201469598
279 6 34.5201469598
280 6 34.5201469598
281 7 37.3801738194
282 7 37.3801738194
283 7 37.3801738194
284 7 37.3801738194
285 7 37.3801738194
286 7 37.3801738194
287 7 37.3801738194
288 7 37.3801738194
289 7 37.3801738194
290 7 37.3801738194
291 7 37.3801738194
292 7 37.3801738194
293 7 37.3801738194
294 7 37.3801738194
295 7 37.3801738194
296 7 37.3801738194
297 7 37.3801738194
298 7 37.3801738194
299 7 37.3801738194
300 7 37.3801738194
301 7 37.3801738194
302 7 37.3801738194
303 7 37.3801738194
304 7 37.3801738194
305 7 37.3801738194
306 7 37.3801738194
307 7 37.3801738194
308 7 37.3801738194
309 7 37.3801738194
310 7 37.3801738194
311 7 37.3801738194
312 7 37.3801738194
313 7 37.3801738194
314 7 37.3801738194
315 7 37.3801738194
316 7 37.3801738194
317 7 37.3801738194
318 7 37.3801738194
319 7 37.3801738194
320 7 37.3801738194
321 8 39.6216288412
322 8 39.6216288412
323 8 39.6216288412
324 8 39.6216288412
325 8 39.6216288412
326 8 39.6216288412
327 8 39.6216288412
328 8 39.6216288412
329 8 39.6216288412
330 8 39.6216288412
331 8 39.6216288412
332 8 39.6216288412
333 8 39.6216288412
334 8 39.6216288412
335 8 39.6216288412
336 8 39.6216288412
337 8 39.6216288412
338 8 39.6216288412
339 8 39.6216288412
340 8 39.6216288412
341 8 39.6216288412
342 8 39.6216288412
343 8 39.6216288412
344 8 39.6216288412
345 8 39.6216288412
346 8 39.6216288412
347 8 39.6216288412
348 8 39.6216288412
349 8 39.6216288412
350 8 39.6216288412
351 8 39.6216288412
352 8 39.6216288412
353 8 39.6216288412
354 8 39.6216288412
355 8 39.6216288412
356 8 39.6216288412
357 8 39.6216288412
358 8 39.6216288412
359 8 39.6216288412
360 8 39.6216288412
361 9 41.1040020052
362 9 41.1040020052
363 9 41.1040020052
364 9 41.1040020052
365 9 41.1040020052
366 9 41.1040020052
367 9 41.1040020052
368 9 41.1040020052
369 9 41.1040020052
370 9 41.1040020052
371 9 41.1040020052
372 9 41.1040020052
373 9 41.1040020052
374 9 41.1040020052
375 9 41.1040020052
376 9 41.1040020052
377 9 41.1040020052
378 9 41.1040020052
379 9 41.1040020052
380 9 41.1040020052
381 9 41.1040020052
382 9 41.1040020052
383 9 41.1040020052
384 9 41.1040020052
385 9 41.1040020052
386 9 41.1040020052
387 9 41.1040020052
388 9 41.1040020052
389 9 41.1040020052
390 9 41.1040020052
391 9 41.1040020052
392 9 41.1040020052
393 9 41.1040020052
394 9 41.1040020052
395 9 41.1040020052
396 9 41.1040020052
397 9 41.1040020052
398 9 41.1040020052
399 9 41.1040020052
400 9 41.1040020052
401 10 40.5565686686
402 10 40.5565686686
403 10 40.5565686686
404 10 40.5565686686
405 10 40.5565686686
406 10 40.5565686686
407 10 40.5565686686
408 10 40.5565686686
409 10 40.5565686686
410 10 40.5565686686
411 10 40.5565686686
412 10 40.5565686686
413 10 40.5565686686
414 10 40.5565686686
415 10 40.5565686686
416 10 40.5565686686
417 10 40.5565686686
418 10 40.5565686686
419 10 40.5565686686
420 10 40.5565686686
421 10 40.5565686686
422 10 40.5565686686
423 10 40.5565686686
424 10 40.5565686686
425 10 40.5565686686
426 10 40.5565686686
427 10 40.5565686686
428 10 40.5565686686
429 10 40.5565686686
430 10 40.5565686686
431 10 40.5565686686
432 10 40.5565686686
433 10 40.5565686686
434 10 40.5565686686
435 10 40.5565686686
436 10 40.5565686686
