8 0 20.9745279714
9 1 21.869645803
10 2 23.8589899054
11 3 25.3493850974
12 4 26.9735714388
13 5 28.568807008
14 6 27.605373037
15 7 26.654959751
16 8 24.6414082495
17 9 23.2867338301
18 10 21.8742151936
19 11 20.6020143808
20 12 19.2804167947
21 13 17.3989638488
22 14 15.864184774
23 15 14.7775557335
24 16 15.6450215467
25 17 15.9944958276
26 18 16.7846665476
27 19 17.8342614135
28 20 18.314028217
29 21 18.8483694316
30 22 19.6182819518
31 23 20.5706350053
32 24 21.018426777
33 25 20.7207334632
34 26 19.4296166436
35 27 20.5970056775
36 28 20.3282920003
37 29 22.211446669
38 30 22.2911741507
39 31 24.0093321161
40 32 25.3505703633
41 33 26.3575454626
42 34 28.1144820778
43 35 28.5183414115
44 36 30.6054269225
45 37 30.5302746989
46 38 30.7915812087
47 39 29.0465364557
48 40 27.7266578985
49 41 26.9414996696
50 42 34.6276976651
51 42 34.6276976651
52 42 34.6276976651
53 42 34.6276976651
54 42 34.6276976651
55 42 34.6276976651
56 42 34.6276976651
57 42 34.6276976651
58 42 34.6276976651
59 42 34.6276976651
60 42 34.6276976651
61 42 34.6276976651
62 42 34.6276976651
63 42 34.6276976651
64 42 34.6276976651
65 42 34.6276976651
66 42 34.6276976651
67 42 34.6276976651
68 42 34.6276976651
69 42 34.6276976651
70 42 34.6276976651
71 42 34.6276976651
72 42 34.6276976651
73 42 34.6276976651
74 42 34.6276976651
75 42 34.6276976651
76 42 34.6276976651
77 42 34.6276976651
78 42 34.6276976651
79 42 34.6276976651
80 42 34.6276976651
81 42 34.6276976651
82 42 34.6276976651
83 42 34.6276976651
84 42 34.6276976651
85 42 34.6276976651
86 42 34.6276976651
87 42 34.6276976651
88 42 34.6276976651
89 42 34.6276976651
90 43 28.5748481578
91 43 28.5748481578
92 43 28.5748481578
93 43 28.5748481578
94 44 27.4856515877
95 45 26.6983125203
96 46 28.1901918841
97 47 27.2844566514
98 48 25.3777997612
99 49 24.5088967411
100 50 23.191183209
101 51 21.4389209431
102 52 20.1027432686
103 53 18.3288118193
104 54 17.7921973297
105 55 17.6748424444
106 56 16.2969620213
107 57 17.6766900908
108 58 19.6650668109
109 59 20.7017933206
110 60 22.7492287931
111 61 23.0723559204
112 62 24.6414978986
113 63 25.7495250922
114 64 27.9660244812
115 65 28.5176879625
116 66 27.6294233145
117 67 29.3076070603
118 68 27.7338631708
119 69 25.8403449743
120 70 23.9448047712
121 71 22.496372089
122 72 20.4315560715
123 73 19.2135236473
124 74 17.1771628389
125 75 16.9844545476
126 76 15.6800971791
127 77 15.6252048872
128 78 14.9923270179
129 79 16.8178931946
130 80 18.0035193643
131 81 20.0426991298
132 82 21.6751241614
133 83 23.4341231756
134 84 25.4908645047
135 85 26.9645089869
136 86 29.0478023189
137 87 29.8434872919
138 88 29.0070651585
139 89 29.6740989193
140 90 30.1752200418
141 91 28.5503200493
142 92 26.3943645209
143 93 26.0853342923
144 94 24.2991214619
145 95 23.9921333826
146 96 22.3851395154
147 97 20.3856141149
148 98 18.6443031322
149 99 16.6926356628
150 100 15.825776192
151 101 16.9245862263
152 101 16.9245862263
153 101 16.9245862263
154 101 16.9245862263
155 101 16.9245862263
156 101 16.9245862263
157 101 16.9245862263
158 101 16.9245862263
159 101 16.9245862263
160 101 16.9245862263
161 101 16.9245862263
162 101 16.9245862263
163 101 16.9245862263
164 101 16.9245862263
165 102 14.2976358044
166 103 12.7425808063
167 104 13.3187566099
168 105 13.4327037052
169 106 14.6976560547
170 107 14.5945139236
171 108 15.8909367415
172 109 17.5847581084
173 110 18.6405560273
174 111 20.4806752943
175 112 11.6055057622
176 112 11.6055057622
177 112 11.6055057622
178 112 11.6055057622
179 112 11.6055057622
180 112 11.6055057622
181 112 11.6055057622
182 112 11.6055057622
183 112 11.6055057622
184 112 11.6055057622
185 112 11.6055057622
186 112 11.6055057622
187 112 11.6055057622
188 112 11.6055057622
189 112 11.6055057622
190 112 11.6055057622
191 112 11.6055057622
192 112 11.6055057622
193 112 11.6055057622
194 112 11.6055057622
195 112 11.6055057622
196 112 11.6055057622
197 112 11.6055057622
198 112 11.6055057622
199 112 11.6055057622
200 112 11.6055057622
201 112 11.6055057622
202 112 11.6055057622
203 112 11.6055057622
204 112 11.6055057622
205 112 11.6055057622
206 112 11.6055057622
207 112 11.6055057622
208 112 11.6055057622
209 112 11.6055057622
210 112 11.6055057622
211 112 11.6055057622
212 112 11.6055057622
213 112 11.6055057622
214 112 11.6055057622
215 113 18.4047780008
216 113 18.4047780008
217 113 18.4047780008
218 113 18.4047780008
219 113 18.4047780008
220 113 18.4047780008
221 113 18.4047780008
222 113 18.4047780008
223 113 18.4047780008
224 113 18.4047780008
225 113 18.4047780008
226 113 18.4047780008
227 113 18.4047780008
228 113 18.4047780008
229 113 18.4047780008
230 113 18.4047780008
231 114 21.1086808221
232 115 22.9411525455
233 116 24.7401116403
234 117 24.9423659527
235 118 23.5671904785
236 119 23.6657831619
237 120 23.0217203254
238 121 20.8908507304
239 122 19.4668666513
240 123 17.4330492088
241 124 15.9754552032
242 125 14.1497540786
243 126 12.9653174092
244 127 11.3657498166
245 128 10.584857396
246 129 11.3101891998
247 130 12.5320345928
248 131 13.9888404116
249 132 15.5575903737
250 133 17.405694786
251 134 19.0351282962
252 135 20.9916031164
253 136 22.7758019829
254 137 24.2044247005
255 138 23.1286512113
256 139 23.3801187093
257 140 21.3797205119
258 141 22.0239512416
259 142 23.7558427963
260 143 22.8759288635
261 144 21.3348621687
262 145 21.020792846
263 146 19.0091109952
264 147 19.4076225323
265 148 17.5797384128
266 149 17.2928710077
267 150 16.3366311333
268 151 14.6390200395
269 152 14.6780239121
270 153 13.024639283
271 154 12.7642211482
272 155 11.4764176368
273 156 10.2025491784
274 157 9.23685020958
275 158 8.9088174976
276 159 9.48128114621
277 160 9.4764482784
278 161 9.12951116372
279 162 10.0691206745
280 163 11.4759705124
281 164 12.8253213154
282 165 13.7841889275
283 166 15.1324001642
284 167 16.2307616207
285 168 17.7308764815
286 169 19.0203645251
287 170 20.2545599015
288 171 22.1816314787
289 172 24.2276518304
290 173 24.8901802399
291 174 22.7396144311
292 175 22.3805884123
293 176 21.6461405435
294 177 20.5819705046
295 178 19.0785417373
296 179 17.6345763246
297 180 15.8759085016
298 181 14.0749645891
299 182 13.0264881743
300 183 11.8005689832
301 184 10.2685599648
302 185 9.52832487751
303 186 9.02784149781
304 187 10.0526548835
305 188 10.7868990692
306 189 11.8712804159
307 190 13.155027876
308 191 13.9054687155
309 192 15.8631883128
310 193 16.3371064282
311 194 17.9062950899
312 195 18.0352264087
313 196 19.5463992378
314 197 20.9738383422
315 198 22.5748415778
316 199 23.8169808163
317 200 25.3502478344
318 201 25.8718136954
319 202 26.7671151456
320 203 25.2139758814
321 204 23.64043407
322 205 22.8930504579
323 206 22.8169385255
324 207 21.5935021597
325 208 19.7927391148
326 209 18.3117522429
327 210 16.6175936393
328 211 15.3820291984
329 212 15.0838204547
330 213 16.7269712932
331 214 16.0921225794
332 215 14.3854343919
333 216 14.5654769055
334 217 13.5094283014
335 218 13.9227959578
336 219 13.9315673116
337 220 15.4591584659
338 221 14.8225535278
339 222 16.5104113478
340 223 15.3662025015
341 224 14.9411836989
342 225 13.0510039386
343 226 11.8418221992
344 227 11.2573916216
345 228 10.2633804304
346 229 9.82475618431
347 230 10.2227732932
348 231 9.9933389653
349 232 10.2755367052
350 233 10.4223005912
351 234 10.9085941541
352 235 10.7955260415
353 236 12.3680997774
354 237 12.4752318874
355 238 14.4010415933
356 239 15.7499579365
357 240 17.8665476467
358 241 19.2259631684
359 242 21.0727613762
360 243 22.9805806151
361 244 24.4494270927
362 245 25.4289583956
363 246 27.3760736816
364 247 27.7028417076
365 248 29.4516161934
366 249 29.4300737873
367 250 29.3544766926
368 251 28.528853282
369 252 26.666639832
370 253 24.958376541
371 254 23.489611051
372 255 21.6092017311
373 256 19.9095004516
374 257 18.0690159172
375 258 17.0762250185
376 259 15.0176854736
377 260 14.2319379733
378 261 12.6091462096
379 262 11.450521127
380 263 11.0512659741
381 264 11.4822722638
382 265 12.3041503762
383 266 13.3707811946
384 267 13.2214658559
385 268 14.4507255652
386 269 15.6527107237
387 270 16.2063336661
388 271 17.9383561339
389 272 17.9901167749
390 273 19.9321842411
391 274 19.4744118964
392 275 21.5257368723
393 276 20.1210218531
394 277 17.9145122793
395 278 17.60439316
396 279 17.723535663
397 280 17.5810756075
398 281 19.5494860049
399 282 18.8267826994
400 283 17.2399444163
401 284 17.2084375245
402 285 16.259777872
403 286 15.8218665341
404 287 16.0686142475
405 288 14.7937919096
406 289 13.7465675929
407 290 16.1872910681
408 290 16.1872910681
409 290 16.1872910681
410 290 16.1872910681
411 290 16.1872910681
412 290 16.1872910681
413 290 16.1872910681
414 290 16.1872910681
415 290 16.1872910681
416 290 16.1872910681
417 290 16.1872910681
418 290 16.1872910681
419 290 16.1872910681
420 290 16.1872910681
421 290 16.1872910681
422 290 16.1872910681
423 290 16.1872910681
424 290 16.1872910681
425 290 16.1872910681
426 290 16.1872910681
427 290 16.1872910681
428 290 16.1872910681
429 290 16.1872910681
430 290 16.1872910681
431 290 16.1872910681
432 290 16.1872910681
433 290 16.1872910681
434 290 16.1872910681
435 290 16.1872910681
436 290 16.1872910681
437 291 12.6454811287
438 292 12.3266600822
439 293 13.6957593991
440 294 14.5467566003
441 295 16.6191686217
442 296 17.8066382783
443 297 20.0557458524
444 298 21.2120183832
445 299 23.4392995828
446 300 24.8873711839
447 301 25.0769031782
448 302 23.6305171521
449 303 23.4926550502
450 304 22.747729716
451 305 20.6110350211
452 306 20.0954024075
453 307 17.8988608918
454 308 16.8814960655
455 309 14.7828150478
456 310 13.5784348884
457 311 14.55135458
458 312 16.1445693022
459 313 16.9679254155
460 314 18.3522987746
461 315 18.7724638975
462 316 20.5138685346
463 317 20.1363906455
464 318 21.5168724645
465 319 20.4626962538
466 320 22.1555396907
467 321 21.6639521566
468 322 19.9588395029
469 323 20.7089083779
470 324 19.8317021972
471 325 21.7310859062
472 326 21.2747080782
473 327 19.7292238407
474 328 20.4367251098
475 329 19.3595912436
476 330 18.4247571217
477 331 27.0620130903
478 331 27.0620130903
479 331 27.0620130903
480 331 27.0620130903
481 331 27.0620130903
482 331 27.0620130903
483 331 27.0620130903
484 331 27.0620130903
485 331 27.0620130903
486 331 27.0620130903
487 331 27.0620130903
488 331 27.0620130903
489 331 27.0620130903
490 331 27.0620130903
491 331 27.0620130903
492 331 27.0620130903
493 331 27.0620130903
494 331 27.0620130903
495 331 27.0620130903
496 331 27.0620130903
497 331 27.0620130903
498 331 27.0620130903
499 331 27.0620130903
500 331 27.0620130903
501 331 27.0620130903
502 331 27.0620130903
503 332 18.5124231389
504 333 17.0521236979
505 334 15.4997477306
506 335 14.9869374584
507 336 16.4814628207
508 337 16.2574419765
509 338 18.28849569
510 339 19.8702990658
511 340 21.6969301369
512 341 23.7630161575
513 342 25.4686261793
514 343 25.3353531992
515 344 27.5421465205
516 345 28.119622507
517 346 26.5408619014
518 347 27.1346426317
519 348 26.1712696178
520 349 23.8662050419
521 350 22.3736052016
522 351 20.2288194067
523 352 19.0460144664
524 353 17.512772024
525 354 16.3899999503
526 355 16.9404088201
527 356 18.7209108679
528 357 20.2032524216
529 358 20.9506620829
530 359 21.9434594298
531 360 23.6942382392
532 361 24.2233444385
533 362 25.7684044292
534 363 25.2303314612
535 364 26.1500981839
536 365 26.1362259674
537 366 26.771293908
538 367 26.4841717874
539 368 30.7892502738
540 368 30.7892502738
541 368 30.7892502738
542 368 30.7892502738
543 368 30.7892502738
544 368 30.7892502738
545 368 30.7892502738
546 368 30.7892502738
547 368 30.7892502738
548 368 30.7892502738
549 368 30.7892502738
550 368 30.7892502738
551 368 30.7892502738
552 368 30.7892502738
553 368 30.7892502738
554 368 30.7892502738
555 368 30.7892502738
556 368 30.7892502738
557 368 30.7892502738
558 368 30.7892502738
559 368 30.7892502738
560 368 30.7892502738
561 368 30.7892502738
562 368 30.7892502738
563 368 30.7892502738
564 368 30.7892502738
565 368 30.7892502738
566 368 30.7892502738
567 368 30.7892502738
568 368 30.7892502738
569 368 30.7892502738
570 368 30.7892502738
571 368 30.7892502738
572 368 30.7892502738
573 368 30.7892502738
574 368 30.7892502738
575 368 30.7892502738
576 368 30.7892502738
577 368 30.7892502738
578 368 30.7892502738
579 369 24.2850452753
580 369 24.2850452753
581 369 24.2850452753
582 369 24.2850452753
583 369 24.2850452753
584 369 24.2850452753
585 369 24.2850452753
586 369 24.2850452753
587 369 24.2850452753
588 369 24.2850452753
589 369 24.2850452753
590 369 24.2850452753
591 369 24.2850452753
592 369 24.2850452753
593 369 24.2850452753
594 369 24.2850452753
595 369 24.2850452753
596 369 24.2850452753
597 369 24.2850452753
598 369 24.2850452753
599 369 24.2850452753
600 369 24.2850452753
601 369 24.2850452753
602 369 24.2850452753
603 369 24.2850452753
604 369 24.2850452753
605 369 24.2850452753
606 369 24.2850452753
607 369 24.2850452753
608 369 24.2850452753
609 369 24.2850452753
610 369 24.2850452753
611 369 24.2850452753
612 369 24.2850452753
613 369 24.2850452753
614 369 24.2850452753
615 369 24.2850452753
616 369 24.2850452753
617 369 24.2850452753
618 369 24.2850452753
619 370 23.4284744468
620 370 23.4284744468
621 370 23.4284744468
622 370 23.4284744468
623 370 23.4284744468
624 370 23.4284744468
625 370 23.4284744468
626 370 23.4284744468
627 370 23.4284744468
628 370 23.4284744468
629 370 23.4284744468
630 370 23.4284744468
631 370 23.4284744468
632 370 23.4284744468
633 370 23.4284744468
634 370 23.4284744468
635 370 23.4284744468
636 370 23.4284744468
637 370 23.4284744468
638 370 23.4284744468
639 370 23.4284744468
640 370 23.4284744468
641 370 23.4284744468
642 370 23.4284744468
643 370 23.4284744468
644 370 23.4284744468
645 370 23.4284744468
646 370 23.4284744468
647 370 23.4284744468
648 370 23.4284744468
649 370 23.4284744468
650 370 23.4284744468
651 370 23.4284744468
652 370 23.4284744468
653 370 23.4284744468
654 370 23.4284744468
655 370 23.4284744468
656 370 23.4284744468
657 370 23.4284744468
658 370 23.4284744468
659 371 13.3325254471
660 371 13.3325254471
661 371 13.3325254471
662 371 13.3325254471
663 371 13.3325254471
664 371 13.3325254471
665 371 13.3325254471
666 371 13.3325254471
667 371 13.3325254471
668 371 13.3325254471
669 371 13.3325254471
670 371 13.3325254471
671 371 13.3325254471
672 371 13.3325254471
673 371 13.3325254471
674 371 13.3325254471
675 371 13.3325254471
676 371 13.3325254471
677 371 13.3325254471
678 371 13.3325254471
679 371 13.3325254471
680 371 13.3325254471
681 371 13.3325254471
682 371 13.3325254471
683 371 13.3325254471
684 371 13.3325254471
685 371 13.3325254471
686 371 13.3325254471
687 371 13.3325254471
688 371 13.3325254471
689 371 13.3325254471
690 371 13.3325254471
691 371 13.3325254471
692 371 13.3325254471
693 371 13.3325254471
694 371 13.3325254471
695 371 13.3325254471
696 371 13.3325254471
697 371 13.3325254471
698 371 13.3325254471
699 372 12.8834486741
700 372 12.8834486741
701 372 12.8834486741
702 372 12.8834486741
703 372 12.8834486741
704 372 12.8834486741
705 372 12.8834486741
706 372 12.8834486741
707 372 12.8834486741
708 372 12.8834486741
709 372 12.8834486741
710 372 12.8834486741
711 372 12.8834486741
712 372 12.8834486741
713 372 12.8834486741
714 372 12.8834486741
715 372 12.8834486741
716 372 12.8834486741
717 372 12.8834486741
718 372 12.8834486741
719 372 12.8834486741
720 372 12.8834486741
721 372 12.8834486741
722 372 12.8834486741
723 372 12.8834486741
724 372 12.8834486741
725 372 12.8834486741
726 372 12.8834486741
727 372 12.8834486741
728 372 12.8834486741
729 372 12.8834486741
730 372 12.8834486741
731 372 12.8834486741
732 372 12.8834486741
733 372 12.8834486741
734 372 12.8834486741
735 372 12.8834486741
736 372 12.8834486741
737 372 12.8834486741
738 372 12.8834486741
739 373 22.5730476687
740 373 22.5730476687
741 373 22.5730476687
742 373 22.5730476687
743 373 22.5730476687
744 373 22.5730476687
745 373 22.5730476687
746 373 22.5730476687
747 373 22.5730476687
748 373 22.5730476687
749 373 22.5730476687
750 373 22.5730476687
751 373 22.5730476687
752 373 22.5730476687
753 373 22.5730476687
754 373 22.5730476687
755 373 22.5730476687
756 373 22.5730476687
757 373 22.5730476687
758 373 22.5730476687
759 373 22.5730476687
760 373 22.5730476687
761 373 22.5730476687
762 373 22.5730476687
763 373 22.5730476687
764 373 22.5730476687
765 373 22.5730476687
766 373 22.5730476687
767 373 22.5730476687
768 373 22.5730476687
769 373 22.5730476687
770 373 22.5730476687
771 373 22.5730476687
772 373 22.5730476687
773 373 22.5730476687
774 373 22.5730476687
775 373 22.5730476687
776 373 22.5730476687
777 373 22.5730476687
778 373 22.5730476687
779 374 23.6433269009
780 374 23.6433269009
781 374 23.6433269009
782 374 23.6433269009
783 374 23.6433269009
784 374 23.6433269009
785 374 23.6433269009
786 374 23.6433269009
787 374 23.6433269009
788 374 23.6433269009
789 374 23.6433269009
790 374 23.6433269009
791 374 23.6433269009
792 374 23.6433269009
793 374 23.6433269009
794 374 23.6433269009
795 374 23.6433269009
796 374 23.6433269009
797 374 23.6433269009
798 374 23.6433269009
799 374 23.6433269009
800 374 23.6433269009
801 374 23.6433269009
802 374 23.6433269009
803 374 23.6433269009
804 374 23.6433269009
805 374 23.6433269009
806 374 23.6433269009
807 374 23.6433269009
808 374 23.6433269009
809 374 23.6433269009
810 374 23.6433269009
811 374 23.6433269009
812 374 23.6433269009
813 374 23.6433269009
814 374 23.6433269009
815 374 23.6433269009
816 374 23.6433269009
817 374 23.6433269009
818 374 23.6433269009
819 375 21.9716423222
820 375 21.9716423222
821 375 21.9716423222
822 375 21.9716423222
823 375 21.9716423222
824 375 21.9716423222
825 375 21.9716423222
826 375 21.9716423222
827 375 21.9716423222
828 375 21.9716423222
829 375 21.9716423222
830 375 21.9716423222
831 375 21.9716423222
832 375 21.9716423222
833 375 21.9716423222
834 375 21.9716423222
835 375 21.9716423222
836 375 21.9716423222
837 375 21.9716423222
838 375 21.9716423222
839 375 21.9716423222
840 375 21.9716423222
841 375 21.9716423222
842 375 21.9716423222
843 375 21.9716423222
844 375 21.9716423222
845 375 21.9716423222
846 375 21.9716423222
847 375 21.9716423222
848 375 21.9716423222
849 375 21.9716423222
850 375 21.9716423222
851 375 21.9716423222
852 375 21.9716423222
853 375 21.9716423222
854 375 21.9716423222
855 375 21.9716423222
856 375 21.9716423222
857 375 21.9716423222
858 375 21.9716423222
859 376 18.781071539
860 376 18.781071539
861 376 18.781071539
862 376 18.781071539
863 376 18.781071539
864 376 18.781071539
865 376 18.781071539
866 376 18.781071539
867 376 18.781071539
868 376 18.781071539
869 376 18.781071539
870 376 18.781071539
871 376 18.781071539
872 376 18.781071539
873 376 18.781071539
874 376 18.781071539
875 376 18.781071539
876 376 18.781071539
877 376 18.781071539
878 376 18.781071539
879 376 18.781071539
880 376 18.781071539
881 376 18.781071539
882 376 18.781071539
883 376 18.781071539
884 376 18.781071539
885 376 18.781071539
886 376 18.781071539
887 376 18.781071539
888 376 18.781071539
889 376 18.781071539
890 376 18.781071539
891 376 18.781071539
892 376 18.781071539
893 376 18.781071539
894 376 18.781071539
895 376 18.781071539
896 376 18.781071539
897 376 18.781071539
898 376 18.781071539
899 377 17.0552259279
900 377 17.0552259279
901 377 17.0552259279
902 377 17.0552259279
903 377 17.0552259279
904 377 17.0552259279
905 377 17.0552259279
906 377 17.0552259279
907 377 17.0552259279
908 377 17.0552259279
909 377 17.0552259279
910 377 17.0552259279
911 377 17.0552259279
912 377 17.0552259279
913 377 17.0552259279
914 377 17.0552259279
915 377 17.0552259279
916 377 17.0552259279
917 377 17.0552259279
918 377 17.0552259279
919 377 17.0552259279
920 377 17.0552259279
921 377 17.0552259279
922 377 17.0552259279
923 377 17.0552259279
924 377 17.0552259279
925 377 17.0552259279
926 377 17.0552259279
927 377 17.0552259279
928 377 17.0552259279
929 377 17.0552259279
930 377 17.0552259279
931 377 17.0552259279
932 377 17.0552259279
933 377 17.0552259279
934 377 17.0552259279
935 377 17.0552259279
936 377 17.0552259279
937 377 17.0552259279
938 377 17.0552259279
939 378 15.0001247296
940 378 15.0001247296
941 378 15.0001247296
942 378 15.0001247296
943 378 15.0001247296
944 378 15.0001247296
945 378 15.0001247296
946 378 15.0001247296
947 378 15.0001247296
948 378 15.0001247296
949 378 15.0001247296
950 378 15.0001247296
951 378 15.0001247296
952 378 15.0001247296
953 378 15.0001247296
954 378 15.0001247296
955 378 15.0001247296
956 378 15.0001247296
957 378 15.0001247296
958 378 15.0001247296
959 378 15.0001247296
960 378 15.0001247296
961 378 15.0001247296
962 378 15.0001247296
963 378 15.0001247296
964 378 15.0001247296
965 378 15.0001247296
966 378 15.0001247296
967 378 15.0001247296
968 378 15.0001247296
969 378 15.0001247296
970 378 15.0001247296
971 378 15.0001247296
972 378 15.0001247296
973 378 15.0001247296
974 378 15.0001247296
975 378 15.0001247296
976 378 15.0001247296
977 378 15.0001247296
978 378 15.0001247296
979 379 22.1380023489
980 379 22.1380023489
981 379 22.1380023489
982 379 22.1380023489
983 379 22.1380023489
984 379 22.1380023489
985 379 22.1380023489
986 379 22.1380023489
