1 0 5.94606965765
2 1 7.22779934
3 2 7.09886302381
4 3 5.98139686368
5 4 6.42501525177
6 5 7.59674768964
7 6 7.09016067155
8 7 6.31380434439
9 8 7.44358020917
10 9 8.56791139799
11 10 7.55699708981
12 11 7.17700498739
13 12 8.81116674934
14 13 9.53740116123
15 14 8.34437739807
16 15 8.62044727077
17 16 10.4710459276
18 17 10.3430477879
19 18 9.23631394996
20 19 10.6011768
21 20 12.1923713604
22 21 11.2009309904
23 22 10.5334243737
24 23 12.3955574101
25 24 13.3994972512
26 25 12.1574353949
27 26 11.9305713872
28 27 13.964878766
29 28 14.6722553581
30 29 13.3945663535
31 30 12.3836216943
32 31 11.157970596
33 32 12.3781396292
34 33 12.6134405524
35 34 11.4752562549
36 35 12.2337743555
37 36 13.3037698276
38 37 14.3727578349
39 38 13.4468608765
40 39 13.9269559936
41 40 14.5037305779
42 41 15.696675437
43 42 14.9958502107
44 43 15.5425023789
45 44 15.1372266119
46 45 15.3090807527
47 46 16.1535818927
48 47 16.2470467917
49 48 18.0999283851
50 49 18.0257643834
51 50 18.2978485772
52 51 16.8018298384
53 52 17.4846972728
54 53 17.3688420401
55 54 15.405309388
56 55 14.7257378994
57 56 15.5573030489
58 57 14.6522597769
59 58 12.7311916145
60 59 12.6420159703
61 60 13.166842918
62 61 11.7836435096
63 62 10.1916311051
64 63 10.7234224219
65 64 10.1934943435
66 65 8.55601354627
67 66 8.22586316349
68 67 8.40083095737
69 68 7.50980967097
70 69 6.6351902247
71 70 6.68867362326
72 71 6.42753009756
73 72 5.98802598648
74 73 6.25731872836
75 74 5.8754084757
76 75 5.65964480633
77 76 6.15757979821
78 77 6.40503262325
79 78 5.97724266814
80 79 5.77807389813
81 80 5.78706828151
82 81 6.26688635439
83 82 6.14067207747
84 83 6.80476199822
85 84 7.68863361318
86 85 9.15980485764
87 86 10.2786672378
88 87 11.9995576147
89 88 10.5950323311
90 89 9.60790103246
91 90 11.7252047386
92 91 12.0303799369
93 92 10.0972695153
94 93 10.877682244
95 94 12.863632032
96 95 11.8010740294
97 96 10.4703647578
98 97 12.387505643
99 98 13.2847923784
100 99 11.3982836414
101 100 11.5497273897
102 101 13.6894065681
103 102 12.8806785565
104 103 10.9507946245
105 104 12.4041176725
106 105 13.7417662738
107 106 11.8232945076
108 107 11.374805986
109 108 13.4284099497
110 109 12.9498379827
111 110 10.9504215811
112 111 12.0475392344
113 112 13.5494728858
114 113 11.9873212498
115 114 11.0739650012
116 115 12.9859705281
117 116 13.24053241
118 117 11.5494866105
119 118 12.292120055
120 119 13.9373236741
121 120 12.7620951069
122 121 12.1014330427
123 122 13.9716919219
124 123 14.4090666356
125 124 13.1098726096
126 125 13.8835203091
127 126 15.7741734078
128 127 15.195231319
129 128 6.05380290052
130 128 6.05380290052
131 128 6.05380290052
132 128 6.05380290052
133 128 6.05380290052
134 128 6.05380290052
135 128 6.05380290052
136 128 6.05380290052
137 128 6.05380290052
138 128 6.05380290052
139 128 6.05380290052
140 128 6.05380290052
