1 0 37.9053199489
2 0 37.9053199489
3 0 37.9053199489
4 0 37.9053199489
5 0 37.9053199489
6 0 37.9053199489
7 0 37.9053199489
8 0 37.9053199489
9 0 37.9053199489
10 0 37.9053199489
11 0 37.9053199489
12 1 27.820022098
13 2 26.6698831861
14 3 27.7168277478
15 4 27.7083976428
16 5 26.8060312821
17 6 28.1441084544
18 7 29.9938819279
19 8 28.8720514566
20 9 27.359712964
21 10 29.226322228
22 11 28.8591647121
23 12 26.3449723865
24 13 27.2186285805
25 14 25.9782209696
26 15 27.6496123639
27 16 27.4087741278
28 17 24.9294252459
29 18 25.4059136019
30 19 26.682328214
31 20 25.0222211692
32 21 23.8568687864
33 22 25.5081085849
34 23 26.1739174634
35 24 24.350083777
36 25 24.6175171948
37 26 26.253151717
38 27 25.7173531965
39 28 24.5526106614
40 29 25.8423458632
41 30 26.8114488633
42 31 28.6575947709
43 32 29.3037081569
44 33 30.9403274981
45 34 31.4478189582
46 35 30.4194603948
47 36 28.5869020578
48 37 27.4377203351
49 38 26.8543444429
50 39 25.2538064445
51 40 23.755156077
52 41 22.1776913047
53 42 22.2279107959
54 43 23.4808188668
55 44 25.6906238113
56 45 27.421865932
57 46 28.7345463538
58 47 30.1339372134
59 48 31.3579740077
60 49 31.851096775
61 50 30.8573899246
62 51 28.1671783943
63 52 27.5599525498
64 53 27.3313777437
65 54 25.023340949
66 55 23.8588153913
67 56 22.9332853267
68 57 24.0090345492
69 58 22.4993333928
70 59 20.6277537962
71 60 21.532381978
72 61 20.3229841377
73 62 20.6815717013
74 63 18.6786160871
75 64 19.4935747052
76 65 19.3114590339
77 66 16.7116903011
78 67 15.7194645009
79 68 15.3132960421
80 69 13.7632762641
81 70 13.8910913489
82 71 13.7852768593
83 72 13.4004732756
84 73 12.8498178013
85 74 8.6002083977
86 74 8.6002083977
87 74 8.6002083977
88 74 8.6002083977
89 74 8.6002083977
90 74 8.6002083977
91 74 8.6002083977
92 74 8.6002083977
93 74 8.6002083977
94 74 8.6002083977
95 74 8.6002083977
96 74 8.6002083977
97 74 8.6002083977
98 74 8.6002083977
99 74 8.6002083977
100 74 8.6002083977
101 74 8.6002083977
102 74 8.6002083977
103 74 8.6002083977
104 74 8.6002083977
105 75 14.4794967454
106 75 14.4794967454
107 75 14.4794967454
108 75 14.4794967454
109 75 14.4794967454
110 75 14.4794967454
111 75 14.4794967454
112 76 8.15109063267
113 77 7.67056470232
114 78 8.09348388172
115 79 7.32582340951
116 80 6.52773475508
117 81 6.94156245399
118 82 7.00910726892
119 83 6.56399069299
120 84 6.81902684733
121 85 7.16048424657
122 86 7.09942824062
123 87 7.17741314755
124 88 7.34148051458
125 89 7.57706570129
126 90 7.47645301686
127 91 7.28580637872
128 92 7.81434593329
129 93 7.87340210624
130 94 7.9179999224
131 95 8.47527736178
132 96 8.64427773632
133 97 8.76436395174
134 98 9.6261891395
135 99 10.1826080415
136 100 10.3377250778
137 101 9.88718298702
138 102 10.0799494726
139 103 9.33159953954
140 104 9.64519676616
141 105 9.71937422114
142 106 9.77698724025
143 107 9.27498697753
144 108 9.24053295863
145 109 9.35078678611
146 110 9.00719862719
147 111 8.66677607414
148 112 8.68794129381
149 113 8.52525451878
150 114 8.02984625404
151 115 7.85972737581
152 116 8.08722223151
153 117 7.78494466804
154 118 7.2500179929
155 119 7.31236121252
156 120 7.92854755034
157 121 7.37834901232
158 122 6.79876432975
159 123 7.53846803257
160 124 8.26885702514
161 125 7.35331881773
162 126 6.96607190126
163 127 8.45012885183
164 128 8.8738462027
165 129 7.68469902995
166 130 8.45527516012
167 131 9.69254432325
168 132 8.2671303549
169 133 7.31008265229
170 134 8.89884471147
171 135 9.18596527741
172 136 7.41015546405
173 137 7.98377343163
174 138 9.31629886984
175 139 8.21507378722
176 140 7.18518031608
177 141 8.67289110261
178 142 9.18025187936
179 143 7.53293042108
180 144 7.43502332114
181 145 8.92403934963
182 146 8.49645788901
183 147 7.07307311172
184 148 7.97900266976
185 149 8.96779333812
186 150 7.80835571411
187 151 7.2667143491
188 152 8.63001092087
189 153 8.50011397655
190 154 6.98154302786
191 155 7.53363944417
192 156 8.41404857912
193 157 7.4036112154
194 158 6.52211358149
195 159 7.6866204618
196 160 7.68309340167
197 161 6.42769613312
198 162 6.57509746581
199 163 7.51904361167
200 164 6.73777783078
201 165 6.19230494413
202 166 7.05787808076
203 167 7.03422009558
204 168 6.40287002133
205 169 6.39956424097
206 170 7.16030243272
207 171 16.3474227211
208 171 16.3474227211
209 171 16.3474227211
210 171 16.3474227211
211 171 16.3474227211
212 171 16.3474227211
213 171 16.3474227211
214 171 16.3474227211
215 171 16.3474227211
216 171 16.3474227211
217 171 16.3474227211
218 171 16.3474227211
219 171 16.3474227211
220 171 16.3474227211
221 171 16.3474227211
222 171 16.3474227211
