1 0 31.2143614312
2 0 31.2143614312
3 0 31.2143614312
4 0 31.2143614312
5 0 31.2143614312
6 0 31.2143614312
7 0 31.2143614312
8 0 31.2143614312
9 0 31.2143614312
10 0 31.2143614312
11 0 31.2143614312
12 0 31.2143614312
13 0 31.2143614312
14 0 31.2143614312
15 0 31.2143614312
16 0 31.2143614312
17 0 31.2143614312
18 0 31.2143614312
19 0 31.2143614312
20 0 31.2143614312
21 0 31.2143614312
22 0 31.2143614312
23 0 31.2143614312
24 0 31.2143614312
25 0 31.2143614312
26 0 31.2143614312
27 0 31.2143614312
28 0 31.2143614312
29 0 31.2143614312
30 0 31.2143614312
31 0 31.2143614312
32 0 31.2143614312
33 0 31.2143614312
34 0 31.2143614312
35 0 31.2143614312
36 0 31.2143614312
37 0 31.2143614312
38 0 31.2143614312
39 0 31.2143614312
40 0 31.2143614312
41 1 32.0441666004
42 1 32.0441666004
43 1 32.0441666004
44 1 32.0441666004
45 1 32.0441666004
46 1 32.0441666004
47 1 32.0441666004
48 1 32.0441666004
49 1 32.0441666004
50 1 32.0441666004
51 1 32.0441666004
52 1 32.0441666004
53 1 32.0441666004
54 1 32.0441666004
55 1 32.0441666004
56 1 32.0441666004
57 1 32.0441666004
58 1 32.0441666004
59 1 32.0441666004
60 1 32.0441666004
61 1 32.0441666004
62 1 32.0441666004
63 1 32.0441666004
64 1 32.0441666004
65 1 32.0441666004
66 1 32.0441666004
67 1 32.0441666004
68 1 32.0441666004
69 1 32.0441666004
70 1 32.0441666004
71 1 32.0441666004
72 1 32.0441666004
73 1 32.0441666004
74 1 32.0441666004
75 1 32.0441666004
76 1 32.0441666004
77 1 32.0441666004
78 1 32.0441666004
79 1 32.0441666004
80 1 32.0441666004
81 2 32.0266126718
82 2 32.0266126718
83 2 32.0266126718
84 2 32.0266126718
85 2 32.0266126718
86 2 32.0266126718
87 2 32.0266126718
88 2 32.0266126718
89 2 32.0266126718
90 2 32.0266126718
91 2 32.0266126718
92 2 32.0266126718
93 2 32.0266126718
94 2 32.0266126718
95 2 32.0266126718
96 2 32.0266126718
97 2 32.0266126718
98 2 32.0266126718
99 2 32.0266126718
100 2 32.0266126718
101 2 32.0266126718
102 2 32.0266126718
103 2 32.0266126718
104 2 32.0266126718
105 2 32.0266126718
106 2 32.0266126718
107 2 32.0266126718
108 2 32.0266126718
109 2 32.0266126718
110 2 32.0266126718
111 2 32.0266126718
112 2 32.0266126718
113 2 32.0266126718
114 2 32.0266126718
115 2 32.0266126718
116 2 32.0266126718
117 2 32.0266126718
118 2 32.0266126718
119 2 32.0266126718
120 2 32.0266126718
121 3 41.8308305592
122 3 41.8308305592
123 3 41.8308305592
124 3 41.8308305592
125 3 41.8308305592
126 3 41.8308305592
127 3 41.8308305592
128 3 41.8308305592
129 3 41.8308305592
130 3 41.8308305592
131 3 41.8308305592
132 3 41.8308305592
133 3 41.8308305592
134 3 41.8308305592
135 3 41.8308305592
136 3 41.8308305592
137 3 41.8308305592
138 3 41.8308305592
139 3 41.8308305592
140 3 41.8308305592
141 3 41.8308305592
142 3 41.8308305592
143 3 41.8308305592
144 3 41.8308305592
145 3 41.8308305592
146 3 41.8308305592
147 3 41.8308305592
148 3 41.8308305592
149 3 41.8308305592
150 3 41.8308305592
151 3 41.8308305592
152 3 41.8308305592
153 3 41.8308305592
154 3 41.8308305592
155 3 41.8308305592
156 3 41.8308305592
157 3 41.8308305592
158 3 41.8308305592
159 3 41.8308305592
160 3 41.8308305592
161 4 39.0770765676
162 4 39.0770765676
163 4 39.0770765676
164 4 39.0770765676
165 4 39.0770765676
166 4 39.0770765676
167 4 39.0770765676
168 4 39.0770765676
169 4 39.0770765676
170 4 39.0770765676
171 4 39.0770765676
172 4 39.0770765676
173 4 39.0770765676
174 4 39.0770765676
175 4 39.0770765676
176 4 39.0770765676
177 4 39.0770765676
178 4 39.0770765676
179 4 39.0770765676
180 4 39.0770765676
181 4 39.0770765676
182 4 39.0770765676
183 4 39.0770765676
184 4 39.0770765676
185 4 39.0770765676
186 4 39.0770765676
187 4 39.0770765676
188 4 39.0770765676
189 4 39.0770765676
190 4 39.0770765676
191 4 39.0770765676
192 4 39.0770765676
193 4 39.0770765676
194 4 39.0770765676
195 4 39.0770765676
196 4 39.0770765676
197 4 39.0770765676
198 4 39.0770765676
199 4 39.0770765676
200 4 39.0770765676
201 5 32.8287790277
202 5 32.8287790277
203 5 32.8287790277
204 5 32.8287790277
205 5 32.8287790277
206 5 32.8287790277
207 5 32.8287790277
208 5 32.8287790277
209 5 32.8287790277
210 5 32.8287790277
211 5 32.8287790277
212 5 32.8287790277
213 5 32.8287790277
214 5 32.8287790277
215 5 32.8287790277
216 5 32.8287790277
217 5 32.8287790277
218 5 32.8287790277
219 5 32.8287790277
220 5 32.8287790277
221 5 32.8287790277
222 5 32.8287790277
223 5 32.8287790277
224 5 32.8287790277
225 5 32.8287790277
226 5 32.8287790277
227 5 32.8287790277
228 5 32.8287790277
229 5 32.8287790277
230 5 32.8287790277
231 5 32.8287790277
232 5 32.8287790277
233 5 32.8287790277
234 5 32.8287790277
235 5 32.8287790277
236 5 32.8287790277
237 5 32.8287790277
238 5 32.8287790277
239 5 32.8287790277
240 5 32.8287790277
241 6 26.7696197736
242 6 26.7696197736
243 6 26.7696197736
244 6 26.7696197736
245 6 26.7696197736
246 6 26.7696197736
247 6 26.7696197736
248 6 26.7696197736
249 6 26.7696197736
250 6 26.7696197736
251 6 26.7696197736
252 6 26.7696197736
253 6 26.7696197736
254 6 26.7696197736
255 6 26.7696197736
256 6 26.7696197736
257 6 26.7696197736
258 6 26.7696197736
259 6 26.7696197736
260 6 26.7696197736
261 6 26.7696197736
262 6 26.7696197736
263 6 26.7696197736
264 6 26.7696197736
265 6 26.7696197736
266 6 26.7696197736
267 6 26.7696197736
268 6 26.7696197736
269 6 26.7696197736
270 6 26.7696197736
271 6 26.7696197736
272 6 26.7696197736
273 6 26.7696197736
274 6 26.7696197736
275 6 26.7696197736
276 6 26.7696197736
277 6 26.7696197736
278 6 26.7696197736
279 6 26.7696197736
280 6 26.7696197736
281 7 15.8340305155
282 7 15.8340305155
283 7 15.8340305155
284 7 15.8340305155
285 7 15.8340305155
286 7 15.8340305155
287 7 15.8340305155
288 7 15.8340305155
289 7 15.8340305155
290 7 15.8340305155
291 7 15.8340305155
292 7 15.8340305155
293 7 15.8340305155
294 7 15.8340305155
295 7 15.8340305155
296 7 15.8340305155
297 7 15.8340305155
298 7 15.8340305155
299 7 15.8340305155
300 7 15.8340305155
301 7 15.8340305155
302 7 15.8340305155
303 7 15.8340305155
304 7 15.8340305155
305 7 15.8340305155
306 7 15.8340305155
307 7 15.8340305155
308 7 15.8340305155
309 7 15.8340305155
310 7 15.8340305155
311 7 15.8340305155
312 7 15.8340305155
313 7 15.8340305155
314 7 15.8340305155
315 7 15.8340305155
316 7 15.8340305155
317 7 15.8340305155
318 7 15.8340305155
319 7 15.8340305155
320 7 15.8340305155
321 8 22.2542224394
322 8 22.2542224394
323 8 22.2542224394
324 8 22.2542224394
325 8 22.2542224394
326 8 22.2542224394
327 8 22.2542224394
328 8 22.2542224394
329 8 22.2542224394
330 8 22.2542224394
331 8 22.2542224394
332 8 22.2542224394
333 8 22.2542224394
334 8 22.2542224394
335 8 22.2542224394
336 8 22.2542224394
337 8 22.2542224394
338 8 22.2542224394
339 8 22.2542224394
340 8 22.2542224394
341 8 22.2542224394
342 8 22.2542224394
343 8 22.2542224394
344 8 22.2542224394
345 8 22.2542224394
346 8 22.2542224394
347 8 22.2542224394
348 8 22.2542224394
349 8 22.2542224394
350 8 22.2542224394
351 8 22.2542224394
352 8 22.2542224394
353 8 22.2542224394
354 8 22.2542224394
355 8 22.2542224394
356 8 22.2542224394
357 8 22.2542224394
358 8 22.2542224394
359 8 22.2542224394
360 8 22.2542224394
361 9 14.1441236204
362 9 14.1441236204
363 9 14.1441236204
364 9 14.1441236204
365 9 14.1441236204
366 9 14.1441236204
367 9 14.1441236204
368 9 14.1441236204
369 9 14.1441236204
370 9 14.1441236204
371 9 14.1441236204
372 9 14.1441236204
373 9 14.1441236204
374 9 14.1441236204
375 9 14.1441236204
376 9 14.1441236204
377 9 14.1441236204
378 9 14.1441236204
379 9 14.1441236204
380 9 14.1441236204
381 9 14.1441236204
382 9 14.1441236204
383 9 14.1441236204
384 9 14.1441236204
385 9 14.1441236204
386 9 14.1441236204
387 9 14.1441236204
388 9 14.1441236204
389 9 14.1441236204
390 9 14.1441236204
391 9 14.1441236204
392 9 14.1441236204
393 9 14.1441236204
394 9 14.1441236204
395 9 14.1441236204
396 9 14.1441236204
397 9 14.1441236204
398 9 14.1441236204
399 9 14.1441236204
400 9 14.1441236204
401 10 11.4597542444
402 10 11.4597542444
403 10 11.4597542444
404 10 11.4597542444
405 10 11.4597542444
406 10 11.4597542444
407 10 11.4597542444
408 10 11.4597542444
409 10 11.4597542444
410 10 11.4597542444
411 10 11.4597542444
412 10 11.4597542444
413 10 11.4597542444
414 10 11.4597542444
415 10 11.4597542444
416 10 11.4597542444
417 10 11.4597542444
418 10 11.4597542444
419 10 11.4597542444
420 10 11.4597542444
421 10 11.4597542444
422 10 11.4597542444
423 10 11.4597542444
424 10 11.4597542444
425 10 11.4597542444
426 10 11.4597542444
427 10 11.4597542444
428 10 11.4597542444
429 10 11.4597542444
430 10 11.4597542444
431 10 11.4597542444
432 10 11.4597542444
433 10 11.4597542444
434 10 11.4597542444
435 10 11.4597542444
436 10 11.4597542444
437 10 11.4597542444
438 10 11.4597542444
439 10 11.4597542444
440 10 11.4597542444
441 11 12.9112135509
442 11 12.9112135509
443 11 12.9112135509
444 11 12.9112135509
445 11 12.9112135509
446 11 12.9112135509
447 11 12.9112135509
448 11 12.9112135509
449 11 12.9112135509
450 11 12.9112135509
451 11 12.9112135509
452 11 12.9112135509
453 11 12.9112135509
454 11 12.9112135509
455 11 12.9112135509
456 11 12.9112135509
457 11 12.9112135509
458 11 12.9112135509
459 11 12.9112135509
460 11 12.9112135509
461 11 12.9112135509
462 11 12.9112135509
463 11 12.9112135509
464 11 12.9112135509
465 11 12.9112135509
466 11 12.9112135509
467 11 12.9112135509
468 11 12.9112135509
469 11 12.9112135509
470 11 12.9112135509
471 11 12.9112135509
472 11 12.9112135509
473 11 12.9112135509
474 11 12.9112135509
475 11 12.9112135509
476 11 12.9112135509
477 11 12.9112135509
478 11 12.9112135509
479 11 12.9112135509
480 11 12.9112135509
481 12 19.4858673055
482 12 19.4858673055
483 12 19.4858673055
484 12 19.4858673055
485 12 19.4858673055
486 12 19.4858673055
487 12 19.4858673055
488 12 19.4858673055
489 12 19.4858673055
490 12 19.4858673055
491 12 19.4858673055
492 12 19.4858673055
493 12 19.4858673055
494 12 19.4858673055
495 12 19.4858673055
496 12 19.4858673055
497 12 19.4858673055
498 12 19.4858673055
499 12 19.4858673055
500 12 19.4858673055
501 12 19.4858673055
502 12 19.4858673055
503 12 19.4858673055
504 12 19.4858673055
505 12 19.4858673055
506 12 19.4858673055
507 12 19.4858673055
508 12 19.4858673055
509 12 19.4858673055
510 12 19.4858673055
511 12 19.4858673055
512 12 19.4858673055
513 12 19.4858673055
514 12 19.4858673055
515 12 19.4858673055
516 12 19.4858673055
517 12 19.4858673055
518 12 19.4858673055
519 12 19.4858673055
520 12 19.4858673055
521 13 16.770360186
522 13 16.770360186
523 13 16.770360186
524 13 16.770360186
525 13 16.770360186
526 13 16.770360186
527 13 16.770360186
528 13 16.770360186
529 13 16.770360186
530 13 16.770360186
531 13 16.770360186
532 13 16.770360186
533 13 16.770360186
534 13 16.770360186
535 13 16.770360186
536 13 16.770360186
537 13 16.770360186
538 13 16.770360186
539 13 16.770360186
540 13 16.770360186
541 13 16.770360186
542 13 16.770360186
543 13 16.770360186
544 13 16.770360186
545 13 16.770360186
546 13 16.770360186
547 13 16.770360186
548 13 16.770360186
549 13 16.770360186
550 13 16.770360186
551 13 16.770360186
552 13 16.770360186
553 13 16.770360186
554 13 16.770360186
555 13 16.770360186
556 13 16.770360186
557 13 16.770360186
558 13 16.770360186
559 13 16.770360186
560 13 16.770360186
561 14 16.5316208872
562 14 16.5316208872
563 14 16.5316208872
564 14 16.5316208872
565 14 16.5316208872
566 14 16.5316208872
567 14 16.5316208872
568 14 16.5316208872
569 14 16.5316208872
570 14 16.5316208872
571 14 16.5316208872
572 14 16.5316208872
573 14 16.5316208872
574 14 16.5316208872
575 14 16.5316208872
576 14 16.5316208872
577 14 16.5316208872
578 14 16.5316208872
579 14 16.5316208872
580 14 16.5316208872
581 14 16.5316208872
582 14 16.5316208872
583 14 16.5316208872
584 14 16.5316208872
585 14 16.5316208872
586 14 16.5316208872
587 14 16.5316208872
588 14 16.5316208872
589 14 16.5316208872
590 14 16.5316208872
591 14 16.5316208872
592 14 16.5316208872
593 14 16.5316208872
594 14 16.5316208872
595 14 16.5316208872
596 14 16.5316208872
597 14 16.5316208872
598 14 16.5316208872
599 14 16.5316208872
600 14 16.5316208872
601 15 27.2875409484
602 15 27.2875409484
603 15 27.2875409484
604 15 27.2875409484
605 15 27.2875409484
606 15 27.2875409484
607 15 27.2875409484
608 15 27.2875409484
609 15 27.2875409484
610 15 27.2875409484
611 15 27.2875409484
612 15 27.2875409484
613 15 27.2875409484
614 15 27.2875409484
615 15 27.2875409484
616 15 27.2875409484
617 15 27.2875409484
618 15 27.2875409484
619 15 27.2875409484
620 15 27.2875409484
621 15 27.2875409484
622 15 27.2875409484
623 15 27.2875409484
624 15 27.2875409484
625 15 27.2875409484
626 15 27.2875409484
627 15 27.2875409484
628 15 27.2875409484
629 15 27.2875409484
630 15 27.2875409484
631 15 27.2875409484
632 15 27.2875409484
633 15 27.2875409484
634 15 27.2875409484
635 15 27.2875409484
636 15 27.2875409484
637 15 27.2875409484
638 15 27.2875409484
639 15 27.2875409484
640 15 27.2875409484
641 16 30.674811569
642 16 30.674811569
643 16 30.674811569
644 16 30.674811569
645 16 30.674811569
646 16 30.674811569
647 16 30.674811569
648 16 30.674811569
649 16 30.674811569
650 16 30.674811569
651 16 30.674811569
652 16 30.674811569
653 16 30.674811569
654 16 30.674811569
655 16 30.674811569
656 16 30.674811569
657 16 30.674811569
658 16 30.674811569
659 16 30.674811569
660 16 30.674811569
661 16 30.674811569
662 16 30.674811569
663 16 30.674811569
664 16 30.674811569
665 16 30.674811569
666 16 30.674811569
667 16 30.674811569
668 16 30.674811569
669 16 30.674811569
670 16 30.674811569
671 16 30.674811569
672 16 30.674811569
673 16 30.674811569
674 16 30.674811569
675 16 30.674811569
676 16 30.674811569
677 16 30.674811569
678 16 30.674811569
679 16 30.674811569
680 16 30.674811569
681 17 29.6861050998
682 17 29.6861050998
683 17 29.6861050998
684 17 29.6861050998
685 17 29.6861050998
686 17 29.6861050998
687 17 29.6861050998
688 17 29.6861050998
689 17 29.6861050998
690 17 29.6861050998
691 17 29.6861050998
692 17 29.6861050998
693 17 29.6861050998
694 17 29.6861050998
695 17 29.6861050998
696 17 29.6861050998
697 17 29.6861050998
698 17 29.6861050998
699 17 29.6861050998
700 17 29.6861050998
701 17 29.6861050998
702 17 29.6861050998
703 17 29.6861050998
704 17 29.6861050998
705 17 29.6861050998
706 17 29.6861050998
707 17 29.6861050998
708 17 29.6861050998
709 17 29.6861050998
710 17 29.6861050998
711 17 29.6861050998
712 17 29.6861050998
713 17 29.6861050998
714 17 29.6861050998
715 17 29.6861050998
716 17 29.6861050998
717 17 29.6861050998
718 17 29.6861050998
719 17 29.6861050998
720 17 29.6861050998
721 18 23.0961668551
722 18 23.0961668551
723 18 23.0961668551
724 18 23.0961668551
725 18 23.0961668551
726 18 23.0961668551
727 18 23.0961668551
728 18 23.0961668551
729 18 23.0961668551
730 18 23.0961668551
731 18 23.0961668551
732 18 23.0961668551
733 18 23.0961668551
734 18 23.0961668551
735 18 23.0961668551
736 18 23.0961668551
737 18 23.0961668551
738 18 23.0961668551
739 18 23.0961668551
740 18 23.0961668551
741 18 23.0961668551
742 18 23.0961668551
743 18 23.0961668551
744 18 23.0961668551
745 18 23.0961668551
746 18 23.0961668551
747 18 23.0961668551
748 18 23.0961668551
749 18 23.0961668551
750 18 23.0961668551
751 18 23.0961668551
752 18 23.0961668551
753 18 23.0961668551
754 18 23.0961668551
755 18 23.0961668551
756 18 23.0961668551
757 18 23.0961668551
758 18 23.0961668551
759 18 23.0961668551
760 18 23.0961668551
761 19 15.4898488414
762 19 15.4898488414
763 19 15.4898488414
764 19 15.4898488414
765 19 15.4898488414
766 19 15.4898488414
767 19 15.4898488414
768 19 15.4898488414
769 19 15.4898488414
770 19 15.4898488414
771 19 15.4898488414
772 19 15.4898488414
773 19 15.4898488414
774 19 15.4898488414
775 19 15.4898488414
776 19 15.4898488414
777 19 15.4898488414
778 19 15.4898488414
779 19 15.4898488414
780 19 15.4898488414
781 19 15.4898488414
782 19 15.4898488414
783 19 15.4898488414
784 19 15.4898488414
785 19 15.4898488414
786 19 15.4898488414
787 19 15.4898488414
788 19 15.4898488414
789 19 15.4898488414
790 19 15.4898488414
791 19 15.4898488414
792 19 15.4898488414
793 19 15.4898488414
794 19 15.4898488414
795 19 15.4898488414
796 19 15.4898488414
797 19 15.4898488414
798 19 15.4898488414
799 19 15.4898488414
800 19 15.4898488414
801 20 11.9144077429
802 20 11.9144077429
803 20 11.9144077429
804 20 11.9144077429
805 20 11.9144077429
806 20 11.9144077429
807 20 11.9144077429
808 20 11.9144077429
809 20 11.9144077429
810 20 11.9144077429
811 20 11.9144077429
812 20 11.9144077429
813 20 11.9144077429
814 20 11.9144077429
815 20 11.9144077429
816 20 11.9144077429
817 20 11.9144077429
818 20 11.9144077429
819 20 11.9144077429
820 20 11.9144077429
821 20 11.9144077429
822 20 11.9144077429
823 20 11.9144077429
824 20 11.9144077429
825 20 11.9144077429
826 20 11.9144077429
827 20 11.9144077429
828 20 11.9144077429
829 20 11.9144077429
830 20 11.9144077429
831 20 11.9144077429
832 20 11.9144077429
833 20 11.9144077429
834 20 11.9144077429
835 20 11.9144077429
836 20 11.9144077429
837 20 11.9144077429
838 20 11.9144077429
839 20 11.9144077429
840 20 11.9144077429
841 21 8.21980349145
842 21 8.21980349145
843 21 8.21980349145
844 21 8.21980349145
845 21 8.21980349145
846 21 8.21980349145
847 21 8.21980349145
848 21 8.21980349145
849 21 8.21980349145
850 21 8.21980349145
851 21 8.21980349145
852 21 8.21980349145
853 21 8.21980349145
854 21 8.21980349145
855 21 8.21980349145
856 21 8.21980349145
857 21 8.21980349145
858 21 8.21980349145
859 21 8.21980349145
860 21 8.21980349145
861 21 8.21980349145
862 21 8.21980349145
863 21 8.21980349145
864 21 8.21980349145
865 21 8.21980349145
866 21 8.21980349145
867 21 8.21980349145
868 21 8.21980349145
869 21 8.21980349145
870 21 8.21980349145
871 21 8.21980349145
872 21 8.21980349145
873 21 8.21980349145
874 21 8.21980349145
875 21 8.21980349145
876 21 8.21980349145
877 21 8.21980349145
878 21 8.21980349145
879 21 8.21980349145
880 21 8.21980349145
881 22 9.15546416226
882 22 9.15546416226
883 22 9.15546416226
884 22 9.15546416226
885 22 9.15546416226
886 22 9.15546416226
887 22 9.15546416226
888 22 9.15546416226
889 22 9.15546416226
890 22 9.15546416226
891 22 9.15546416226
892 22 9.15546416226
893 22 9.15546416226
894 22 9.15546416226
895 22 9.15546416226
896 22 9.15546416226
897 22 9.15546416226
898 22 9.15546416226
899 22 9.15546416226
900 22 9.15546416226
901 22 9.15546416226
902 22 9.15546416226
903 22 9.15546416226
904 22 9.15546416226
905 22 9.15546416226
906 22 9.15546416226
907 22 9.15546416226
908 22 9.15546416226
909 22 9.15546416226
910 22 9.15546416226
911 22 9.15546416226
912 22 9.15546416226
913 22 9.15546416226
914 22 9.15546416226
915 22 9.15546416226
916 22 9.15546416226
917 22 9.15546416226
918 22 9.15546416226
919 22 9.15546416226
920 22 9.15546416226
921 23 10.8939572145
922 23 10.8939572145
923 23 10.8939572145
924 23 10.8939572145
925 23 10.8939572145
926 23 10.8939572145
927 23 10.8939572145
928 23 10.8939572145
929 23 10.8939572145
930 23 10.8939572145
931 23 10.8939572145
932 23 10.8939572145
933 23 10.8939572145
934 23 10.8939572145
935 23 10.8939572145
936 23 10.8939572145
937 23 10.8939572145
938 23 10.8939572145
939 23 10.8939572145
940 23 10.8939572145
941 23 10.8939572145
942 23 10.8939572145
943 23 10.8939572145
944 23 10.8939572145
945 23 10.8939572145
946 23 10.8939572145
947 23 10.8939572145
948 23 10.8939572145
949 23 10.8939572145
950 23 10.8939572145
951 23 10.8939572145
952 23 10.8939572145
953 23 10.8939572145
954 23 10.8939572145
955 23 10.8939572145
956 23 10.8939572145
957 23 10.8939572145
958 23 10.8939572145
959 23 10.8939572145
960 23 10.8939572145
961 24 12.4772817892
962 24 12.4772817892
963 24 12.4772817892
964 24 12.4772817892
965 24 12.4772817892
966 24 12.4772817892
967 24 12.4772817892
968 24 12.4772817892
969 24 12.4772817892
970 24 12.4772817892
971 24 12.4772817892
972 24 12.4772817892
973 24 12.4772817892
974 24 12.4772817892
975 24 12.4772817892
976 24 12.4772817892
977 24 12.4772817892
978 24 12.4772817892
979 24 12.4772817892
980 24 12.4772817892
981 24 12.4772817892
982 24 12.4772817892
983 24 12.4772817892
984 24 12.4772817892
985 24 12.4772817892
986 24 12.4772817892
987 24 12.4772817892
988 24 12.4772817892
989 24 12.4772817892
990 24 12.4772817892
991 24 12.4772817892
992 24 12.4772817892
993 24 12.4772817892
994 24 12.4772817892
995 24 12.4772817892
996 24 12.4772817892
997 24 12.4772817892
998 24 12.4772817892
999 24 12.4772817892
1000 24 12.4772817892
1001 25 13.0689098796
1002 25 13.0689098796
1003 25 13.0689098796
1004 25 13.0689098796
1005 25 13.0689098796
1006 25 13.0689098796
1007 25 13.0689098796
1008 25 13.0689098796
1009 25 13.0689098796
1010 25 13.0689098796
1011 25 13.0689098796
1012 25 13.0689098796
1013 25 13.0689098796
1014 25 13.0689098796
1015 25 13.0689098796
1016 25 13.0689098796
1017 25 13.0689098796
1018 25 13.0689098796
1019 25 13.0689098796
1020 25 13.0689098796
1021 25 13.0689098796
1022 25 13.0689098796
1023 25 13.0689098796
1024 25 13.0689098796
1025 25 13.0689098796
1026 25 13.0689098796
1027 25 13.0689098796
1028 25 13.0689098796
1029 25 13.0689098796
1030 25 13.0689098796
1031 25 13.0689098796
1032 25 13.0689098796
1033 25 13.0689098796
1034 25 13.0689098796
1035 25 13.0689098796
1036 25 13.0689098796
1037 25 13.0689098796
1038 25 13.0689098796
1039 25 13.0689098796
1040 25 13.0689098796
1041 26 14.6523543454
1042 26 14.6523543454
1043 26 14.6523543454
1044 26 14.6523543454
1045 26 14.6523543454
1046 26 14.6523543454
1047 26 14.6523543454
1048 26 14.6523543454
1049 26 14.6523543454
1050 26 14.6523543454
1051 26 14.6523543454
1052 26 14.6523543454
1053 26 14.6523543454
1054 26 14.6523543454
1055 26 14.6523543454
1056 26 14.6523543454
1057 26 14.6523543454
1058 26 14.6523543454
1059 26 14.6523543454
1060 26 14.6523543454
1061 26 14.6523543454
1062 26 14.6523543454
1063 26 14.6523543454
1064 26 14.6523543454
1065 26 14.6523543454
1066 26 14.6523543454
1067 26 14.6523543454
1068 26 14.6523543454
1069 26 14.6523543454
1070 26 14.6523543454
1071 26 14.6523543454
1072 26 14.6523543454
1073 26 14.6523543454
1074 26 14.6523543454
1075 26 14.6523543454
1076 26 14.6523543454
1077 26 14.6523543454
1078 26 14.6523543454
1079 26 14.6523543454
1080 26 14.6523543454
1081 27 13.3502952855
1082 27 13.3502952855
1083 27 13.3502952855
1084 27 13.3502952855
1085 27 13.3502952855
1086 27 13.3502952855
1087 27 13.3502952855
1088 27 13.3502952855
1089 27 13.3502952855
1090 27 13.3502952855
1091 27 13.3502952855
1092 27 13.3502952855
1093 27 13.3502952855
1094 27 13.3502952855
1095 27 13.3502952855
1096 27 13.3502952855
1097 27 13.3502952855
1098 27 13.3502952855
1099 27 13.3502952855
1100 27 13.3502952855
1101 27 13.3502952855
1102 27 13.3502952855
1103 27 13.3502952855
1104 27 13.3502952855
1105 27 13.3502952855
1106 27 13.3502952855
1107 27 13.3502952855
1108 27 13.3502952855
1109 27 13.3502952855
1110 27 13.3502952855
1111 27 13.3502952855
1112 27 13.3502952855
1113 27 13.3502952855
1114 27 13.3502952855
1115 27 13.3502952855
1116 27 13.3502952855
1117 27 13.3502952855
1118 27 13.3502952855
1119 27 13.3502952855
1120 27 13.3502952855
1121 28 22.5351593967
1122 28 22.5351593967
1123 28 22.5351593967
1124 28 22.5351593967
1125 28 22.5351593967
1126 28 22.5351593967
1127 28 22.5351593967
1128 28 22.5351593967
1129 28 22.5351593967
1130 28 22.5351593967
1131 28 22.5351593967
1132 28 22.5351593967
1133 28 22.5351593967
1134 28 22.5351593967
1135 28 22.5351593967
1136 28 22.5351593967
1137 28 22.5351593967
1138 28 22.5351593967
1139 28 22.5351593967
1140 28 22.5351593967
1141 28 22.5351593967
1142 28 22.5351593967
1143 28 22.5351593967
1144 28 22.5351593967
1145 28 22.5351593967
1146 28 22.5351593967
