1 0 6.03122652842
2 0 6.03122652842
3 0 6.03122652842
4 0 6.03122652842
5 0 6.03122652842
6 0 6.03122652842
7 0 6.03122652842
8 0 6.03122652842
9 0 6.03122652842
10 0 6.03122652842
11 0 6.03122652842
12 0 6.03122652842
13 0 6.03122652842
14 0 6.03122652842
15 0 6.03122652842
16 0 6.03122652842
17 0 6.03122652842
18 0 6.03122652842
19 0 6.03122652842
20 0 6.03122652842
21 1 10.9618738802
22 1 10.9618738802
23 1 10.9618738802
24 1 10.9618738802
25 1 10.9618738802
26 1 10.9618738802
27 1 10.9618738802
28 1 10.9618738802
29 1 10.9618738802
30 1 10.9618738802
31 1 10.9618738802
32 1 10.9618738802
33 1 10.9618738802
34 1 10.9618738802
35 1 10.9618738802
36 1 10.9618738802
37 2 10.5156043132
38 3 9.95645664688
39 4 9.55424867715
40 5 9.99823470868
41 6 10.2712189333
42 7 9.73920120069
43 8 9.62196524191
44 9 10.2475368934
45 10 10.1621800395
46 11 9.64715213441
47 12 10.0759103214
48 13 10.6181557384
49 14 10.1653841456
50 15 10.0819253142
51 16 10.8728411184
52 17 11.0469809279
53 18 10.6503389515
54 19 11.1023524171
55 20 11.8784403208
56 21 11.6733426894
57 22 11.5863435924
58 23 12.5201875784
59 24 12.2174063346
60 25 12.6579734609
61 26 13.4784517255
62 27 13.3149758017
63 28 13.9267443569
64 29 13.961226704
65 30 13.4336976131
66 31 12.6713210032
67 32 12.1436652937
68 33 12.0771983585
69 34 11.5802523526
70 35 11.0983823119
71 36 11.1983147773
72 37 11.052611116
73 38 10.4621523697
74 39 10.3888214018
75 40 10.7569117147
76 41 10.3985374995
77 42 9.91475550907
78 43 10.2682840331
79 44 10.4258854698
80 45 9.87618451234
81 46 9.78262252628
82 47 10.2370093671
83 48 10.0281313577
84 49 9.53339217143
85 50 9.71102682106
86 51 9.9368397954
87 52 9.46846172929
88 53 9.29722370012
89 54 9.51137861176
90 55 9.22463309888
91 56 8.75285538178
92 57 8.98126039051
93 58 9.07709704545
94 59 8.48518292933
95 60 8.45144107239
96 61 8.79387583836
97 62 8.50582705807
98 63 7.9702124747
99 64 8.34425355753
100 65 8.63517955166
101 66 8.06038070357
102 67 7.78012408729
103 68 8.40477884867
104 69 8.51376625621
105 70 7.82045294111
106 71 8.02127300814
107 72 8.80727026145
108 73 8.61478461776
109 74 8.10365845657
110 75 8.91214846881
111 76 9.47173568856
112 77 8.7818122638
113 78 8.82290555991
114 79 9.93065437381
115 80 10.0051234357
116 81 9.36956015566
117 82 10.1975660067
118 83 11.1055218572
119 84 10.5917926423
120 85 10.4852970527
121 86 11.6379922486
122 87 12.0327151645
123 88 11.2930700522
124 89 11.6960213372
125 90 12.9278241441
126 91 12.6984306661
127 92 11.4731377473
128 93 10.6764153762
129 93 10.6764153762
130 93 10.6764153762
131 93 10.6764153762
132 94 6.59678759439
133 94 6.59678759439
134 94 6.59678759439
135 94 6.59678759439
136 94 6.59678759439
137 94 6.59678759439
138 94 6.59678759439
139 94 6.59678759439
140 94 6.59678759439
141 94 6.59678759439
142 94 6.59678759439
143 94 6.59678759439
144 94 6.59678759439
145 94 6.59678759439
146 94 6.59678759439
147 94 6.59678759439
148 94 6.59678759439
149 94 6.59678759439
150 94 6.59678759439
151 94 6.59678759439
152 95 13.3775236141
153 95 13.3775236141
154 95 13.3775236141
155 95 13.3775236141
156 95 13.3775236141
157 95 13.3775236141
158 95 13.3775236141
159 95 13.3775236141
160 95 13.3775236141
161 95 13.3775236141
162 95 13.3775236141
163 95 13.3775236141
164 95 13.3775236141
165 95 13.3775236141
166 95 13.3775236141
167 95 13.3775236141
168 95 13.3775236141
169 95 13.3775236141
170 95 13.3775236141
171 95 13.3775236141
172 96 23.72493289
173 96 23.72493289
174 96 23.72493289
175 96 23.72493289
176 96 23.72493289
177 96 23.72493289
178 96 23.72493289
179 96 23.72493289
180 96 23.72493289
181 96 23.72493289
182 96 23.72493289
183 96 23.72493289
184 96 23.72493289
185 96 23.72493289
186 96 23.72493289
187 96 23.72493289
188 96 23.72493289
189 96 23.72493289
190 96 23.72493289
191 96 23.72493289
192 97 25.9988359016
193 97 25.9988359016
194 97 25.9988359016
195 97 25.9988359016
196 97 25.9988359016
197 97 25.9988359016
198 97 25.9988359016
199 97 25.9988359016
200 97 25.9988359016
201 97 25.9988359016
202 97 25.9988359016
203 97 25.9988359016
204 97 25.9988359016
205 97 25.9988359016
206 97 25.9988359016
207 97 25.9988359016
208 97 25.9988359016
209 97 25.9988359016
210 97 25.9988359016
211 97 25.9988359016
212 98 32.6878193342
213 98 32.6878193342
214 98 32.6878193342
215 98 32.6878193342
216 98 32.6878193342
217 98 32.6878193342
218 98 32.6878193342
219 98 32.6878193342
220 98 32.6878193342
221 98 32.6878193342
222 98 32.6878193342
223 98 32.6878193342
224 98 32.6878193342
225 98 32.6878193342
226 98 32.6878193342
227 98 32.6878193342
228 98 32.6878193342
229 98 32.6878193342
230 98 32.6878193342
231 98 32.6878193342
232 99 30.3781602603
233 99 30.3781602603
234 99 30.3781602603
235 99 30.3781602603
236 99 30.3781602603
237 99 30.3781602603
238 99 30.3781602603
239 99 30.3781602603
240 99 30.3781602603
241 99 30.3781602603
242 99 30.3781602603
243 99 30.3781602603
244 99 30.3781602603
245 99 30.3781602603
246 99 30.3781602603
247 99 30.3781602603
248 99 30.3781602603
249 99 30.3781602603
250 99 30.3781602603
251 99 30.3781602603
252 100 36.2349908616
253 100 36.2349908616
254 100 36.2349908616
255 100 36.2349908616
256 100 36.2349908616
257 100 36.2349908616
258 100 36.2349908616
259 100 36.2349908616
260 100 36.2349908616
261 100 36.2349908616
262 100 36.2349908616
263 100 36.2349908616
264 100 36.2349908616
265 100 36.2349908616
266 100 36.2349908616
267 100 36.2349908616
268 100 36.2349908616
269 100 36.2349908616
270 100 36.2349908616
271 100 36.2349908616
272 101 39.3862930438
273 101 39.3862930438
274 101 39.3862930438
275 101 39.3862930438
276 101 39.3862930438
277 101 39.3862930438
278 101 39.3862930438
279 101 39.3862930438
280 101 39.3862930438
281 101 39.3862930438
282 101 39.3862930438
283 101 39.3862930438
284 101 39.3862930438
