1 0 26.1973775787
2 0 26.1973775787
3 0 26.1973775787
4 0 26.1973775787
5 0 26.1973775787
6 0 26.1973775787
7 0 26.1973775787
8 0 26.1973775787
9 0 26.1973775787
10 0 26.1973775787
11 0 26.1973775787
12 0 26.1973775787
13 0 26.1973775787
14 0 26.1973775787
15 0 26.1973775787
16 0 26.1973775787
17 0 26.1973775787
18 0 26.1973775787
19 0 26.1973775787
20 0 26.1973775787
21 1 24.8952014591
22 1 24.8952014591
23 1 24.8952014591
24 1 24.8952014591
25 1 24.8952014591
26 1 24.8952014591
27 1 24.8952014591
28 1 24.8952014591
29 1 24.8952014591
30 1 24.8952014591
31 1 24.8952014591
32 1 24.8952014591
33 1 24.8952014591
34 1 24.8952014591
35 1 24.8952014591
36 1 24.8952014591
37 1 24.8952014591
38 1 24.8952014591
39 1 24.8952014591
40 1 24.8952014591
41 2 19.0123538723
42 2 19.0123538723
43 2 19.0123538723
44 2 19.0123538723
45 2 19.0123538723
46 2 19.0123538723
47 2 19.0123538723
48 2 19.0123538723
49 2 19.0123538723
50 2 19.0123538723
51 2 19.0123538723
52 2 19.0123538723
53 2 19.0123538723
54 2 19.0123538723
55 2 19.0123538723
56 2 19.0123538723
57 2 19.0123538723
58 2 19.0123538723
59 2 19.0123538723
60 2 19.0123538723
61 3 17.7978929107
62 3 17.7978929107
63 3 17.7978929107
64 3 17.7978929107
65 3 17.7978929107
66 3 17.7978929107
67 3 17.7978929107
68 3 17.7978929107
69 3 17.7978929107
70 3 17.7978929107
71 3 17.7978929107
72 3 17.7978929107
73 3 17.7978929107
74 3 17.7978929107
75 3 17.7978929107
76 3 17.7978929107
77 3 17.7978929107
78 3 17.7978929107
79 3 17.7978929107
80 3 17.7978929107
81 4 23.6472872559
82 4 23.6472872559
83 4 23.6472872559
84 4 23.6472872559
85 4 23.6472872559
86 4 23.6472872559
87 4 23.6472872559
88 4 23.6472872559
89 4 23.6472872559
90 4 23.6472872559
91 4 23.6472872559
92 4 23.6472872559
93 4 23.6472872559
94 4 23.6472872559
95 4 23.6472872559
96 4 23.6472872559
97 4 23.6472872559
98 4 23.6472872559
99 4 23.6472872559
100 4 23.6472872559
101 5 23.797904819
102 5 23.797904819
103 5 23.797904819
104 5 23.797904819
105 5 23.797904819
106 5 23.797904819
107 5 23.797904819
108 5 23.797904819
109 5 23.797904819
110 5 23.797904819
111 5 23.797904819
112 5 23.797904819
113 5 23.797904819
114 5 23.797904819
115 5 23.797904819
116 5 23.797904819
117 5 23.797904819
118 5 23.797904819
119 5 23.797904819
120 5 23.797904819
121 6 24.4363204545
122 6 24.4363204545
123 6 24.4363204545
124 6 24.4363204545
125 6 24.4363204545
126 6 24.4363204545
127 6 24.4363204545
128 6 24.4363204545
129 6 24.4363204545
130 6 24.4363204545
131 6 24.4363204545
132 6 24.4363204545
133 6 24.4363204545
134 6 24.4363204545
135 6 24.4363204545
136 6 24.4363204545
137 6 24.4363204545
138 6 24.4363204545
139 6 24.4363204545
140 6 24.4363204545
141 7 23.1517605631
142 7 23.1517605631
143 7 23.1517605631
144 7 23.1517605631
145 7 23.1517605631
146 7 23.1517605631
147 7 23.1517605631
148 7 23.1517605631
149 7 23.1517605631
150 7 23.1517605631
151 7 23.1517605631
152 7 23.1517605631
153 7 23.1517605631
154 7 23.1517605631
155 7 23.1517605631
156 7 23.1517605631
157 7 23.1517605631
158 7 23.1517605631
159 7 23.1517605631
160 7 23.1517605631
161 8 24.9305866622
162 8 24.9305866622
163 8 24.9305866622
164 8 24.9305866622
165 8 24.9305866622
166 8 24.9305866622
167 8 24.9305866622
168 8 24.9305866622
169 8 24.9305866622
170 8 24.9305866622
171 8 24.9305866622
172 8 24.9305866622
173 8 24.9305866622
174 8 24.9305866622
175 8 24.9305866622
176 8 24.9305866622
177 8 24.9305866622
178 8 24.9305866622
179 8 24.9305866622
180 8 24.9305866622
181 9 18.3009459302
182 9 18.3009459302
183 9 18.3009459302
184 9 18.3009459302
185 9 18.3009459302
186 9 18.3009459302
187 9 18.3009459302
188 9 18.3009459302
189 9 18.3009459302
190 9 18.3009459302
191 9 18.3009459302
192 9 18.3009459302
193 9 18.3009459302
194 9 18.3009459302
195 9 18.3009459302
196 9 18.3009459302
197 9 18.3009459302
198 9 18.3009459302
199 9 18.3009459302
200 9 18.3009459302
201 10 23.8291501543
202 10 23.8291501543
203 10 23.8291501543
204 10 23.8291501543
205 10 23.8291501543
206 10 23.8291501543
207 10 23.8291501543
208 10 23.8291501543
209 10 23.8291501543
210 10 23.8291501543
211 10 23.8291501543
212 10 23.8291501543
213 10 23.8291501543
214 10 23.8291501543
215 10 23.8291501543
216 10 23.8291501543
217 10 23.8291501543
218 10 23.8291501543
219 10 23.8291501543
220 10 23.8291501543
