1 0 7.71224146265
2 0 7.71224146265
3 0 7.71224146265
4 0 7.71224146265
5 0 7.71224146265
6 0 7.71224146265
7 0 7.71224146265
8 0 7.71224146265
9 0 7.71224146265
10 0 7.71224146265
11 0 7.71224146265
12 0 7.71224146265
13 0 7.71224146265
14 0 7.71224146265
15 0 7.71224146265
16 0 7.71224146265
17 0 7.71224146265
18 0 7.71224146265
19 0 7.71224146265
20 0 7.71224146265
21 1 8.88338706425
22 1 8.88338706425
23 1 8.88338706425
24 1 8.88338706425
25 1 8.88338706425
26 1 8.88338706425
27 1 8.88338706425
28 1 8.88338706425
29 1 8.88338706425
30 1 8.88338706425
31 1 8.88338706425
32 1 8.88338706425
33 1 8.88338706425
34 1 8.88338706425
35 1 8.88338706425
36 1 8.88338706425
37 2 11.4000004995
38 3 10.4956144205
39 4 9.81527945791
40 5 10.2892089844
41 6 10.1623481423
42 7 9.23585936148
43 8 9.0755873636
44 9 9.4777556725
45 10 8.90959367556
46 11 8.22332489284
47 12 8.50654406643
48 13 8.49568640753
49 14 7.7825962838
50 15 7.57285651716
51 16 7.91636770955
52 17 7.51016310173
53 18 7.19920367194
54 19 7.5223791144
55 20 7.60452973765
56 21 7.23821556402
57 22 7.5763436698
58 23 8.01634804064
59 24 8.2738927826
60 25 8.47241620761
61 26 8.69131626761
62 27 8.1443705171
63 28 8.16969873415
64 29 7.92147324363
65 30 7.43971476582
66 31 7.2356340638
67 32 7.15449331037
68 33 7.64557441237
69 34 7.28639461245
70 35 7.158139344
71 36 7.73022868821
72 37 7.99360549092
73 38 7.50812361678
74 39 8.0249295729
75 40 8.79771576897
76 41 8.5697497281
77 42 8.27061232112
78 43 9.0797656725
79 44 9.42714063147
80 45 8.83600713351
81 46 9.08049816317
82 47 10.0461525967
83 48 9.91097572697
84 49 9.27872161908
85 50 10.1929117564
86 51 11.0352545349
87 52 10.3639663476
88 53 10.5653245194
89 54 11.7788168803
90 55 11.1076563403
91 56 10.0726562029
92 57 11.1554383938
93 58 11.7894119626
94 59 10.4907555965
95 60 10.5956580732
96 61 11.8791488142
97 62 11.3741955286
98 63 10.3868950947
99 64 11.5599268022
100 65 12.2942275614
101 66 11.1748978036
102 67 10.9547934548
103 68 12.3917882528
104 69 12.3472514604
105 70 11.2871248051
106 71 12.0574487146
107 72 13.2038891244
108 73 12.540116676
109 74 12.1431903794
110 75 13.5534472004
111 76 13.8118624299
112 77 12.7664955304
113 78 13.2899778616
114 79 14.5504083628
115 80 14.0590698407
116 81 13.477477888
117 82 14.7762127309
118 83 15.3163857391
119 84 14.3893259475
120 85 14.6152645753
121 86 15.9833749043
122 87 15.7026297252
123 88 15.0607126658
124 89 16.1038871771
125 90 16.8679481215
126 91 16.1436098381
127 92 15.3377276551
128 93 15.6361745443
129 93 15.6361745443
130 93 15.6361745443
131 93 15.6361745443
132 94 12.4819143456
133 94 12.4819143456
134 94 12.4819143456
135 94 12.4819143456
136 94 12.4819143456
137 94 12.4819143456
138 94 12.4819143456
139 94 12.4819143456
140 94 12.4819143456
141 94 12.4819143456
142 94 12.4819143456
143 94 12.4819143456
144 94 12.4819143456
145 94 12.4819143456
146 94 12.4819143456
147 94 12.4819143456
148 94 12.4819143456
149 94 12.4819143456
150 94 12.4819143456
151 94 12.4819143456
152 95 11.3481405817
153 95 11.3481405817
154 95 11.3481405817
155 95 11.3481405817
156 95 11.3481405817
157 95 11.3481405817
158 95 11.3481405817
159 95 11.3481405817
160 95 11.3481405817
161 95 11.3481405817
162 95 11.3481405817
163 95 11.3481405817
164 95 11.3481405817
165 95 11.3481405817
166 95 11.3481405817
167 95 11.3481405817
168 95 11.3481405817
169 95 11.3481405817
170 95 11.3481405817
171 95 11.3481405817
172 96 21.9903316778
173 96 21.9903316778
174 96 21.9903316778
175 96 21.9903316778
176 96 21.9903316778
177 96 21.9903316778
178 96 21.9903316778
179 96 21.9903316778
180 96 21.9903316778
181 96 21.9903316778
182 96 21.9903316778
183 96 21.9903316778
184 96 21.9903316778
185 96 21.9903316778
186 96 21.9903316778
187 96 21.9903316778
188 96 21.9903316778
189 96 21.9903316778
190 96 21.9903316778
191 96 21.9903316778
192 97 22.7667083483
193 97 22.7667083483
194 97 22.7667083483
195 97 22.7667083483
196 97 22.7667083483
197 97 22.7667083483
198 97 22.7667083483
199 97 22.7667083483
200 97 22.7667083483
201 97 22.7667083483
202 97 22.7667083483
203 97 22.7667083483
204 97 22.7667083483
205 97 22.7667083483
206 97 22.7667083483
207 97 22.7667083483
208 97 22.7667083483
209 97 22.7667083483
210 97 22.7667083483
211 97 22.7667083483
212 98 26.9348860685
213 98 26.9348860685
214 98 26.9348860685
215 98 26.9348860685
216 98 26.9348860685
217 98 26.9348860685
218 98 26.9348860685
219 98 26.9348860685
220 98 26.9348860685
221 98 26.9348860685
222 98 26.9348860685
223 98 26.9348860685
224 98 26.9348860685
225 98 26.9348860685
226 98 26.9348860685
227 98 26.9348860685
228 98 26.9348860685
229 98 26.9348860685
230 98 26.9348860685
231 98 26.9348860685
232 99 30.728296057
233 99 30.728296057
234 99 30.728296057
235 99 30.728296057
236 99 30.728296057
237 99 30.728296057
238 99 30.728296057
239 99 30.728296057
240 99 30.728296057
241 99 30.728296057
242 99 30.728296057
243 99 30.728296057
244 99 30.728296057
245 99 30.728296057
246 99 30.728296057
247 99 30.728296057
248 99 30.728296057
249 99 30.728296057
250 99 30.728296057
251 99 30.728296057
252 100 33.3040785621
253 100 33.3040785621
254 100 33.3040785621
255 100 33.3040785621
256 100 33.3040785621
257 100 33.3040785621
258 100 33.3040785621
259 100 33.3040785621
260 100 33.3040785621
261 100 33.3040785621
262 100 33.3040785621
263 100 33.3040785621
264 100 33.3040785621
265 100 33.3040785621
266 100 33.3040785621
267 100 33.3040785621
268 100 33.3040785621
269 100 33.3040785621
270 100 33.3040785621
271 100 33.3040785621
272 101 34.4891496175
273 101 34.4891496175
274 101 34.4891496175
275 101 34.4891496175
276 101 34.4891496175
277 101 34.4891496175
278 101 34.4891496175
279 101 34.4891496175
280 101 34.4891496175
281 101 34.4891496175
282 101 34.4891496175
283 101 34.4891496175
284 101 34.4891496175
