8 0 9.38963923877
9 1 9.4564189718
10 2 9.8494547707
11 3 11.0884557466
12 4 11.783068489
13 5 12.407937196
14 6 11.2521853255
15 7 11.6484565023
16 8 10.8895328289
17 9 11.0403322976
18 10 10.7079880884
19 11 10.7109314498
20 12 10.5437646061
21 13 9.33053506312
22 14 9.06466725693
23 15 8.80874021043
24 16 10.0829484139
25 17 10.9433306056
26 18 12.0855239129
27 19 11.8937536865
28 20 11.7950847936
29 21 13.0462028349
30 22 13.7048160467
31 23 13.3075088265
32 24 13.3933173457
33 25 14.0701098963
34 26 12.9606493822
35 27 13.126131162
36 28 12.096960436
37 29 12.7786129472
38 30 12.0363783541
39 31 12.6606103073
40 32 12.5702933919
41 33 12.3390117206
42 34 12.4628331258
43 35 11.9208833247
44 36 13.1068322688
45 37 14.0846570673
46 38 14.7044460685
47 39 13.934950504
48 40 13.2005349962
49 41 13.9093651867
50 42 23.9159451733
51 42 23.9159451733
52 42 23.9159451733
53 42 23.9159451733
54 42 23.9159451733
55 42 23.9159451733
56 42 23.9159451733
57 42 23.9159451733
58 42 23.9159451733
59 42 23.9159451733
60 42 23.9159451733
61 42 23.9159451733
62 42 23.9159451733
63 42 23.9159451733
64 42 23.9159451733
65 42 23.9159451733
66 42 23.9159451733
67 42 23.9159451733
68 42 23.9159451733
69 42 23.9159451733
70 42 23.9159451733
71 42 23.9159451733
72 42 23.9159451733
73 42 23.9159451733
74 42 23.9159451733
75 42 23.9159451733
76 42 23.9159451733
77 42 23.9159451733
78 42 23.9159451733
79 42 23.9159451733
80 42 23.9159451733
81 42 23.9159451733
82 42 23.9159451733
83 42 23.9159451733
84 42 23.9159451733
85 42 23.9159451733
86 42 23.9159451733
87 42 23.9159451733
88 42 23.9159451733
89 42 23.9159451733
90 43 23.4741021757
91 43 23.4741021757
92 43 23.4741021757
93 43 23.4741021757
94 44 14.3877524333
95 45 13.7485589657
96 46 14.3502380498
97 47 14.6513519794
98 48 14.0738217267
99 49 14.1839802924
100 50 13.9912977982
101 51 13.0533001786
102 52 12.7743265497
103 53 11.3495185241
104 54 10.3667831096
105 55 9.44301904338
106 56 8.08288685466
107 57 8.30846217957
108 58 9.33811418331
109 59 9.6126149469
110 60 10.7909722283
111 61 11.6084439832
112 62 12.0566475035
113 63 13.6591158127
114 64 14.6566186693
115 65 16.1038213021
116 66 15.4284898007
117 67 16.2657329988
118 68 14.9490637087
119 69 13.3555345142
120 70 12.8926872401
121 71 11.6600757765
122 72 10.8292708611
123 73 10.182825295
124 74 9.04234150796
125 75 9.53527148392
126 76 9.15208212814
127 77 9.64373484022
128 78 8.98528054881
129 79 10.2604727226
130 80 10.5107239689
131 81 11.8090044459
132 82 12.487912513
133 83 13.221207817
134 84 14.2693327562
135 85 14.5569017694
136 86 15.9620556928
137 87 15.5157936173
138 88 14.1905668439
139 89 14.5279632811
140 90 15.7434286656
141 91 15.4827547443
142 92 14.4315061984
143 93 15.0350331503
144 94 14.3816821369
145 95 14.5851523996
146 96 14.078883881
147 97 12.8254258011
148 98 11.9621837865
149 99 10.7616228147
150 100 10.4410163672
151 101 9.57089539912
152 101 9.57089539912
153 101 9.57089539912
154 101 9.57089539912
155 101 9.57089539912
156 101 9.57089539912
157 101 9.57089539912
158 101 9.57089539912
159 101 9.57089539912
160 101 9.57089539912
161 101 9.57089539912
162 101 9.57089539912
163 101 9.57089539912
164 101 9.57089539912
165 102 8.99552944945
166 103 8.10333027258
167 104 8.37072596022
168 105 7.63380387092
169 106 7.88698674538
170 107 6.95390340303
171 108 7.30024881063
172 109 8.59938470517
173 110 8.87277172493
174 111 10.1648707304
175 112 10.0023609252
176 112 10.0023609252
177 112 10.0023609252
178 112 10.0023609252
179 112 10.0023609252
180 112 10.0023609252
181 112 10.0023609252
182 112 10.0023609252
183 112 10.0023609252
184 112 10.0023609252
185 112 10.0023609252
186 112 10.0023609252
187 112 10.0023609252
188 112 10.0023609252
189 112 10.0023609252
190 112 10.0023609252
191 112 10.0023609252
192 112 10.0023609252
193 112 10.0023609252
194 112 10.0023609252
195 112 10.0023609252
196 112 10.0023609252
197 112 10.0023609252
198 112 10.0023609252
199 112 10.0023609252
200 112 10.0023609252
201 112 10.0023609252
202 112 10.0023609252
203 112 10.0023609252
204 112 10.0023609252
205 112 10.0023609252
206 112 10.0023609252
207 112 10.0023609252
208 112 10.0023609252
209 112 10.0023609252
210 112 10.0023609252
211 112 10.0023609252
212 112 10.0023609252
213 112 10.0023609252
214 112 10.0023609252
215 113 15.1247880094
216 113 15.1247880094
217 113 15.1247880094
218 113 15.1247880094
219 113 15.1247880094
220 113 15.1247880094
221 113 15.1247880094
222 113 15.1247880094
223 113 15.1247880094
224 113 15.1247880094
225 113 15.1247880094
226 113 15.1247880094
227 113 15.1247880094
228 113 15.1247880094
229 113 15.1247880094
230 113 15.1247880094
231 114 10.7603018721
232 115 11.2798467801
233 116 12.7303278262
234 117 13.6255918436
235 118 13.4047074317
236 119 12.8586695199
237 120 13.4918531741
238 121 12.1135746471
239 122 10.8084661612
240 123 9.38705300061
241 124 8.49995258055
242 125 7.17295527906
243 126 6.78482521039
244 127 5.95647881287
245 128 6.06658486243
246 129 6.12620401592
247 130 7.13054497794
248 131 7.90760752095
249 132 9.31059497437
250 133 10.5917569063
251 134 11.9700403086
252 135 13.4323861282
253 136 14.2830584114
254 137 15.876707548
255 138 15.9057671545
256 139 16.4737906372
257 140 14.9339797062
258 141 14.6324450948
259 142 15.9439125702
260 143 15.7592028644
261 144 14.4447085826
262 145 14.7800420698
263 146 13.3090257974
264 147 13.5691672401
265 148 12.3880098501
266 149 11.6154122066
267 150 10.9744701744
268 151 9.55696199106
269 152 9.33672591273
270 153 8.32358162908
271 154 7.89684975184
272 155 6.98740522142
273 156 6.43818563416
274 157 5.55740732654
275 158 5.34891056503
276 159 5.30729816402
277 160 5.52599787509
278 161 5.31712888604
279 162 5.07177004888
280 163 5.38736252089
281 164 5.84295311478
282 165 5.64172022727
283 166 6.15486003869
284 167 7.33558911876
285 168 8.04392089422
286 169 9.31376423373
287 170 10.1678307769
288 171 10.6899540901
289 172 11.9211359516
290 173 12.5723922326
291 174 11.5611134441
292 175 12.1239014622
293 176 11.9320864937
294 177 11.9351337182
295 178 10.5190766293
296 179 9.238904731
297 180 8.24111404157
298 181 7.11274656568
299 182 5.90078605312
300 183 5.06325749841
301 184 4.95151876634
302 185 5.34284848699
303 186 5.12550357011
304 187 5.73072894018
305 188 6.01866349189
306 189 6.42448907743
307 190 6.78746862878
308 191 7.83550078017
309 192 8.78870982898
310 193 9.27823613714
311 194 10.645718193
312 195 11.2628602563
313 196 12.8417902482
314 197 13.6508184285
315 198 15.2458380141
316 199 16.167120062
317 200 17.7017143885
318 201 19.0589516259
319 202 19.6865371485
320 203 18.2024498199
321 204 17.5136331966
322 205 17.0915996915
323 206 16.0803241454
324 207 15.142293646
325 208 13.5140346251
326 209 12.1037460156
327 210 11.0540578243
328 211 9.76745658494
329 212 8.97418221131
330 213 9.86753361786
331 214 9.22140190269
332 215 8.2667032631
333 216 7.90207631212
334 217 7.50552330154
335 218 7.74487121455
336 219 8.4873940958
337 220 9.55343118798
338 221 9.22879608765
339 222 10.8565174382
340 223 10.8084358555
341 224 10.2761776343
342 225 8.89493648455
343 226 7.4561268502
344 227 6.68487015817
345 228 5.92077375719
346 229 6.76239913554
347 230 7.51324742055
348 231 8.2475633526
349 232 8.37247925807
350 233 8.43047992075
351 234 7.5906608205
352 235 6.15053382448
353 236 5.3556099876
354 237 5.03810881099
355 238 5.45843700651
356 239 6.51999967647
357 240 7.2508548532
358 241 8.54149103034
359 242 9.08228065467
360 243 9.86942752961
361 244 11.2751228567
362 245 12.2518970581
363 246 13.6474417891
364 247 14.5390449242
365 248 16.0582890432
366 249 16.998178248
367 250 17.1684736173
368 251 15.887201286
369 252 14.5210350352
370 253 13.1381966102
371 254 11.9411829143
372 255 10.7197750012
373 256 9.40643729144
374 257 8.401793124
375 258 6.98468288135
376 259 6.26635069951
377 260 5.56417633887
378 261 5.77249930156
379 262 5.98922738691
380 263 7.10046675398
381 264 8.28406908906
382 265 8.72582986507
383 266 8.41869085348
384 267 7.13751348967
385 268 6.6690238409
386 269 6.22000449373
387 270 7.09185525466
388 271 7.83777641437
389 272 8.7290261591
390 273 10.0946474543
391 274 10.3927289482
392 275 11.7337139364
393 276 11.2554310002
394 277 10.0043948358
395 278 10.3093134859
396 279 9.94682190457
397 280 8.96778053891
398 281 9.66815160511
399 282 8.64805965207
400 283 7.86350732714
401 284 7.22316630869
402 285 7.95816120942
403 286 8.78475233865
404 287 8.25137243568
405 288 8.30971723427
406 289 9.3159349687
407 290 15.7148110344
408 290 15.7148110344
409 290 15.7148110344
410 290 15.7148110344
411 290 15.7148110344
412 290 15.7148110344
413 290 15.7148110344
414 290 15.7148110344
415 290 15.7148110344
416 290 15.7148110344
417 290 15.7148110344
418 290 15.7148110344
419 290 15.7148110344
420 290 15.7148110344
421 290 15.7148110344
422 290 15.7148110344
423 290 15.7148110344
424 290 15.7148110344
425 290 15.7148110344
426 290 15.7148110344
427 290 15.7148110344
428 290 15.7148110344
429 290 15.7148110344
430 290 15.7148110344
431 290 15.7148110344
432 290 15.7148110344
433 290 15.7148110344
434 290 15.7148110344
435 290 15.7148110344
436 290 15.7148110344
437 291 8.91499058448
438 292 7.42112389384
439 293 6.3903754484
440 294 5.97742378479
441 295 5.96341526057
442 296 6.12142780967
443 297 7.05905216411
444 298 7.54120051595
445 299 8.58456914334
446 300 9.79925380761
447 301 8.98600286215
448 302 8.78371022556
449 303 7.95924944213
450 304 7.31053430391
451 305 6.70256042172
452 306 6.61786847264
453 307 6.32874520631
454 308 6.86099396708
455 309 7.23857270047
456 310 8.58751393906
457 311 9.81687516426
458 312 10.3251507452
459 313 9.50458849364
460 314 8.09402268599
461 315 7.42635824481
462 316 6.95804773494
463 317 6.77380410831
464 318 7.19438390426
465 319 7.39002163784
466 320 8.51624138316
467 321 8.67923161992
468 322 7.8099933801
469 323 7.98771575937
470 324 7.75572019527
471 325 7.74981328309
472 326 8.39579737867
473 327 9.06905666404
474 328 9.34168015251
475 329 10.5348469275
476 330 10.1052789772
477 331 11.3275032286
478 331 11.3275032286
479 331 11.3275032286
480 331 11.3275032286
481 331 11.3275032286
482 331 11.3275032286
483 331 11.3275032286
484 331 11.3275032286
485 331 11.3275032286
486 331 11.3275032286
487 331 11.3275032286
488 331 11.3275032286
489 331 11.3275032286
490 331 11.3275032286
491 331 11.3275032286
492 331 11.3275032286
493 331 11.3275032286
494 331 11.3275032286
495 331 11.3275032286
496 331 11.3275032286
497 331 11.3275032286
498 331 11.3275032286
499 331 11.3275032286
500 331 11.3275032286
501 331 11.3275032286
502 331 11.3275032286
503 332 10.6892616194
504 333 11.278674355
505 334 10.309504689
506 335 8.93871698781
507 336 8.079778659
508 337 7.10358436969
509 338 7.2502957735
510 339 7.36517769469
511 340 7.81671353207
512 341 8.36515396979
513 342 9.27484428636
514 343 9.77618965348
515 344 10.6725283248
516 345 10.0871300352
517 346 9.16059846106
518 347 9.08695552784
519 348 9.12734296377
520 349 8.52256937696
521 350 8.6389366453
522 351 8.4318077962
523 352 8.65958170197
524 353 9.08372924094
525 354 9.48639286691
526 355 10.5843817849
527 356 11.2794745562
528 357 10.9059865367
529 358 10.0279704643
530 359 9.98931073394
531 360 9.63439794054
532 361 9.3830800596
533 362 9.24886983238
534 363 8.60036452755
535 364 9.24032368372
536 365 10.2111890932
537 366 10.7202360227
538 367 12.1218256225
539 368 12.5302226472
540 368 12.5302226472
541 368 12.5302226472
542 368 12.5302226472
543 368 12.5302226472
544 368 12.5302226472
545 368 12.5302226472
546 368 12.5302226472
547 368 12.5302226472
548 368 12.5302226472
549 368 12.5302226472
550 368 12.5302226472
551 368 12.5302226472
552 368 12.5302226472
553 368 12.5302226472
554 368 12.5302226472
555 368 12.5302226472
556 368 12.5302226472
557 368 12.5302226472
558 368 12.5302226472
559 368 12.5302226472
560 368 12.5302226472
561 368 12.5302226472
562 368 12.5302226472
563 368 12.5302226472
564 368 12.5302226472
565 368 12.5302226472
566 368 12.5302226472
567 368 12.5302226472
568 368 12.5302226472
569 368 12.5302226472
570 368 12.5302226472
571 368 12.5302226472
572 368 12.5302226472
573 368 12.5302226472
574 368 12.5302226472
575 368 12.5302226472
576 368 12.5302226472
577 368 12.5302226472
578 368 12.5302226472
579 369 16.8950998835
580 369 16.8950998835
581 369 16.8950998835
582 369 16.8950998835
583 369 16.8950998835
584 369 16.8950998835
585 369 16.8950998835
586 369 16.8950998835
587 369 16.8950998835
588 369 16.8950998835
589 369 16.8950998835
590 369 16.8950998835
591 369 16.8950998835
592 369 16.8950998835
593 369 16.8950998835
594 369 16.8950998835
595 369 16.8950998835
596 369 16.8950998835
597 369 16.8950998835
598 369 16.8950998835
599 369 16.8950998835
600 369 16.8950998835
601 369 16.8950998835
602 369 16.8950998835
603 369 16.8950998835
604 369 16.8950998835
605 369 16.8950998835
606 369 16.8950998835
607 369 16.8950998835
608 369 16.8950998835
609 369 16.8950998835
610 369 16.8950998835
611 369 16.8950998835
612 369 16.8950998835
613 369 16.8950998835
614 369 16.8950998835
615 369 16.8950998835
616 369 16.8950998835
617 369 16.8950998835
618 369 16.8950998835
619 370 14.9996204587
620 370 14.9996204587
621 370 14.9996204587
622 370 14.9996204587
623 370 14.9996204587
624 370 14.9996204587
625 370 14.9996204587
626 370 14.9996204587
627 370 14.9996204587
628 370 14.9996204587
629 370 14.9996204587
630 370 14.9996204587
631 370 14.9996204587
632 370 14.9996204587
633 370 14.9996204587
634 370 14.9996204587
635 370 14.9996204587
636 370 14.9996204587
637 370 14.9996204587
638 370 14.9996204587
639 370 14.9996204587
640 370 14.9996204587
641 370 14.9996204587
642 370 14.9996204587
643 370 14.9996204587
644 370 14.9996204587
645 370 14.9996204587
646 370 14.9996204587
647 370 14.9996204587
648 370 14.9996204587
649 370 14.9996204587
650 370 14.9996204587
651 370 14.9996204587
652 370 14.9996204587
653 370 14.9996204587
654 370 14.9996204587
655 370 14.9996204587
656 370 14.9996204587
657 370 14.9996204587
658 370 14.9996204587
659 371 11.6124364372
660 371 11.6124364372
661 371 11.6124364372
662 371 11.6124364372
663 371 11.6124364372
664 371 11.6124364372
665 371 11.6124364372
666 371 11.6124364372
667 371 11.6124364372
668 371 11.6124364372
669 371 11.6124364372
670 371 11.6124364372
671 371 11.6124364372
672 371 11.6124364372
673 371 11.6124364372
674 371 11.6124364372
675 371 11.6124364372
676 371 11.6124364372
677 371 11.6124364372
678 371 11.6124364372
679 371 11.6124364372
680 371 11.6124364372
681 371 11.6124364372
682 371 11.6124364372
683 371 11.6124364372
684 371 11.6124364372
685 371 11.6124364372
686 371 11.6124364372
687 371 11.6124364372
688 371 11.6124364372
689 371 11.6124364372
690 371 11.6124364372
691 371 11.6124364372
692 371 11.6124364372
693 371 11.6124364372
694 371 11.6124364372
695 371 11.6124364372
696 371 11.6124364372
697 371 11.6124364372
698 371 11.6124364372
699 372 15.932982246
700 372 15.932982246
701 372 15.932982246
702 372 15.932982246
703 372 15.932982246
704 372 15.932982246
705 372 15.932982246
706 372 15.932982246
707 372 15.932982246
708 372 15.932982246
709 372 15.932982246
710 372 15.932982246
711 372 15.932982246
712 372 15.932982246
713 372 15.932982246
714 372 15.932982246
715 372 15.932982246
716 372 15.932982246
717 372 15.932982246
718 372 15.932982246
719 372 15.932982246
720 372 15.932982246
721 372 15.932982246
722 372 15.932982246
723 372 15.932982246
724 372 15.932982246
725 372 15.932982246
726 372 15.932982246
727 372 15.932982246
728 372 15.932982246
729 372 15.932982246
730 372 15.932982246
731 372 15.932982246
732 372 15.932982246
733 372 15.932982246
734 372 15.932982246
735 372 15.932982246
736 372 15.932982246
737 372 15.932982246
738 372 15.932982246
739 373 22.2319237441
740 373 22.2319237441
741 373 22.2319237441
742 373 22.2319237441
743 373 22.2319237441
744 373 22.2319237441
745 373 22.2319237441
746 373 22.2319237441
747 373 22.2319237441
748 373 22.2319237441
749 373 22.2319237441
750 373 22.2319237441
751 373 22.2319237441
752 373 22.2319237441
753 373 22.2319237441
754 373 22.2319237441
755 373 22.2319237441
756 373 22.2319237441
757 373 22.2319237441
758 373 22.2319237441
759 373 22.2319237441
760 373 22.2319237441
761 373 22.2319237441
762 373 22.2319237441
763 373 22.2319237441
764 373 22.2319237441
765 373 22.2319237441
766 373 22.2319237441
767 373 22.2319237441
768 373 22.2319237441
769 373 22.2319237441
770 373 22.2319237441
771 373 22.2319237441
772 373 22.2319237441
773 373 22.2319237441
774 373 22.2319237441
775 373 22.2319237441
776 373 22.2319237441
777 373 22.2319237441
778 373 22.2319237441
779 374 25.9991856402
780 374 25.9991856402
781 374 25.9991856402
782 374 25.9991856402
783 374 25.9991856402
784 374 25.9991856402
785 374 25.9991856402
786 374 25.9991856402
787 374 25.9991856402
788 374 25.9991856402
789 374 25.9991856402
790 374 25.9991856402
791 374 25.9991856402
792 374 25.9991856402
793 374 25.9991856402
794 374 25.9991856402
795 374 25.9991856402
796 374 25.9991856402
797 374 25.9991856402
798 374 25.9991856402
799 374 25.9991856402
800 374 25.9991856402
801 374 25.9991856402
802 374 25.9991856402
803 374 25.9991856402
804 374 25.9991856402
805 374 25.9991856402
806 374 25.9991856402
807 374 25.9991856402
808 374 25.9991856402
809 374 25.9991856402
810 374 25.9991856402
811 374 25.9991856402
812 374 25.9991856402
813 374 25.9991856402
814 374 25.9991856402
815 374 25.9991856402
816 374 25.9991856402
817 374 25.9991856402
818 374 25.9991856402
819 375 21.5044116898
820 375 21.5044116898
821 375 21.5044116898
822 375 21.5044116898
823 375 21.5044116898
824 375 21.5044116898
825 375 21.5044116898
826 375 21.5044116898
827 375 21.5044116898
828 375 21.5044116898
829 375 21.5044116898
830 375 21.5044116898
831 375 21.5044116898
832 375 21.5044116898
833 375 21.5044116898
834 375 21.5044116898
835 375 21.5044116898
836 375 21.5044116898
837 375 21.5044116898
838 375 21.5044116898
839 375 21.5044116898
840 375 21.5044116898
841 375 21.5044116898
842 375 21.5044116898
843 375 21.5044116898
844 375 21.5044116898
845 375 21.5044116898
846 375 21.5044116898
847 375 21.5044116898
848 375 21.5044116898
849 375 21.5044116898
850 375 21.5044116898
851 375 21.5044116898
852 375 21.5044116898
853 375 21.5044116898
854 375 21.5044116898
855 375 21.5044116898
856 375 21.5044116898
857 375 21.5044116898
858 375 21.5044116898
859 376 17.7350870625
860 376 17.7350870625
861 376 17.7350870625
862 376 17.7350870625
863 376 17.7350870625
864 376 17.7350870625
865 376 17.7350870625
866 376 17.7350870625
867 376 17.7350870625
868 376 17.7350870625
869 376 17.7350870625
870 376 17.7350870625
871 376 17.7350870625
872 376 17.7350870625
873 376 17.7350870625
874 376 17.7350870625
875 376 17.7350870625
876 376 17.7350870625
877 376 17.7350870625
878 376 17.7350870625
879 376 17.7350870625
880 376 17.7350870625
881 376 17.7350870625
882 376 17.7350870625
883 376 17.7350870625
884 376 17.7350870625
885 376 17.7350870625
886 376 17.7350870625
887 376 17.7350870625
888 376 17.7350870625
889 376 17.7350870625
890 376 17.7350870625
891 376 17.7350870625
892 376 17.7350870625
893 376 17.7350870625
894 376 17.7350870625
895 376 17.7350870625
896 376 17.7350870625
897 376 17.7350870625
898 376 17.7350870625
899 377 13.1041095588
900 377 13.1041095588
901 377 13.1041095588
902 377 13.1041095588
903 377 13.1041095588
904 377 13.1041095588
905 377 13.1041095588
906 377 13.1041095588
907 377 13.1041095588
908 377 13.1041095588
909 377 13.1041095588
910 377 13.1041095588
911 377 13.1041095588
912 377 13.1041095588
913 377 13.1041095588
914 377 13.1041095588
915 377 13.1041095588
916 377 13.1041095588
917 377 13.1041095588
918 377 13.1041095588
919 377 13.1041095588
920 377 13.1041095588
921 377 13.1041095588
922 377 13.1041095588
923 377 13.1041095588
924 377 13.1041095588
925 377 13.1041095588
926 377 13.1041095588
927 377 13.1041095588
928 377 13.1041095588
929 377 13.1041095588
930 377 13.1041095588
931 377 13.1041095588
932 377 13.1041095588
933 377 13.1041095588
934 377 13.1041095588
935 377 13.1041095588
936 377 13.1041095588
937 377 13.1041095588
938 377 13.1041095588
939 378 10.2161226298
940 378 10.2161226298
941 378 10.2161226298
942 378 10.2161226298
943 378 10.2161226298
944 378 10.2161226298
945 378 10.2161226298
946 378 10.2161226298
947 378 10.2161226298
948 378 10.2161226298
949 378 10.2161226298
950 378 10.2161226298
951 378 10.2161226298
952 378 10.2161226298
953 378 10.2161226298
954 378 10.2161226298
955 378 10.2161226298
956 378 10.2161226298
957 378 10.2161226298
958 378 10.2161226298
959 378 10.2161226298
960 378 10.2161226298
961 378 10.2161226298
962 378 10.2161226298
963 378 10.2161226298
964 378 10.2161226298
965 378 10.2161226298
966 378 10.2161226298
967 378 10.2161226298
968 378 10.2161226298
969 378 10.2161226298
970 378 10.2161226298
971 378 10.2161226298
972 378 10.2161226298
973 378 10.2161226298
974 378 10.2161226298
975 378 10.2161226298
976 378 10.2161226298
977 378 10.2161226298
978 378 10.2161226298
979 379 13.707418306
980 379 13.707418306
981 379 13.707418306
982 379 13.707418306
983 379 13.707418306
984 379 13.707418306
985 379 13.707418306
986 379 13.707418306
