1 0 8.03031010151
2 0 8.03031010151
3 0 8.03031010151
4 0 8.03031010151
5 0 8.03031010151
6 0 8.03031010151
7 0 8.03031010151
8 0 8.03031010151
9 0 8.03031010151
10 0 8.03031010151
11 0 8.03031010151
12 0 8.03031010151
13 0 8.03031010151
14 0 8.03031010151
15 0 8.03031010151
16 0 8.03031010151
17 0 8.03031010151
18 0 8.03031010151
19 0 8.03031010151
20 0 8.03031010151
21 0 8.03031010151
22 0 8.03031010151
23 0 8.03031010151
24 0 8.03031010151
25 0 8.03031010151
26 0 8.03031010151
27 0 8.03031010151
28 0 8.03031010151
29 0 8.03031010151
30 0 8.03031010151
31 0 8.03031010151
32 0 8.03031010151
33 0 8.03031010151
34 0 8.03031010151
35 0 8.03031010151
36 0 8.03031010151
37 0 8.03031010151
38 0 8.03031010151
39 0 8.03031010151
40 0 8.03031010151
41 1 12.8242734111
42 1 12.8242734111
43 1 12.8242734111
44 1 12.8242734111
45 1 12.8242734111
46 1 12.8242734111
47 1 12.8242734111
48 1 12.8242734111
49 1 12.8242734111
50 1 12.8242734111
51 1 12.8242734111
52 1 12.8242734111
53 1 12.8242734111
54 1 12.8242734111
55 1 12.8242734111
56 1 12.8242734111
57 1 12.8242734111
58 1 12.8242734111
59 1 12.8242734111
60 1 12.8242734111
61 1 12.8242734111
62 1 12.8242734111
63 1 12.8242734111
64 1 12.8242734111
65 1 12.8242734111
66 1 12.8242734111
67 1 12.8242734111
68 1 12.8242734111
69 1 12.8242734111
70 1 12.8242734111
71 1 12.8242734111
72 1 12.8242734111
73 1 12.8242734111
74 1 12.8242734111
75 1 12.8242734111
76 1 12.8242734111
77 1 12.8242734111
78 1 12.8242734111
79 1 12.8242734111
80 1 12.8242734111
81 2 19.8329317114
82 2 19.8329317114
83 2 19.8329317114
84 2 19.8329317114
85 2 19.8329317114
86 2 19.8329317114
87 2 19.8329317114
88 2 19.8329317114
89 2 19.8329317114
90 2 19.8329317114
91 2 19.8329317114
92 2 19.8329317114
93 2 19.8329317114
94 2 19.8329317114
95 2 19.8329317114
96 2 19.8329317114
97 2 19.8329317114
98 2 19.8329317114
99 2 19.8329317114
100 2 19.8329317114
101 2 19.8329317114
102 2 19.8329317114
103 2 19.8329317114
104 2 19.8329317114
105 2 19.8329317114
106 2 19.8329317114
107 2 19.8329317114
108 2 19.8329317114
109 2 19.8329317114
110 2 19.8329317114
111 2 19.8329317114
112 2 19.8329317114
113 2 19.8329317114
114 2 19.8329317114
115 2 19.8329317114
116 2 19.8329317114
117 2 19.8329317114
118 2 19.8329317114
119 2 19.8329317114
120 2 19.8329317114
121 3 28.1628187524
122 3 28.1628187524
123 3 28.1628187524
124 3 28.1628187524
125 3 28.1628187524
126 3 28.1628187524
127 3 28.1628187524
128 3 28.1628187524
129 3 28.1628187524
130 3 28.1628187524
131 3 28.1628187524
132 3 28.1628187524
133 3 28.1628187524
134 3 28.1628187524
135 3 28.1628187524
136 3 28.1628187524
137 3 28.1628187524
138 3 28.1628187524
139 3 28.1628187524
140 3 28.1628187524
141 3 28.1628187524
142 3 28.1628187524
143 3 28.1628187524
144 3 28.1628187524
145 3 28.1628187524
146 3 28.1628187524
147 3 28.1628187524
148 3 28.1628187524
149 3 28.1628187524
150 3 28.1628187524
151 3 28.1628187524
152 3 28.1628187524
153 3 28.1628187524
154 3 28.1628187524
155 3 28.1628187524
156 3 28.1628187524
157 3 28.1628187524
158 3 28.1628187524
159 3 28.1628187524
160 3 28.1628187524
161 4 28.2338016198
162 4 28.2338016198
163 4 28.2338016198
164 4 28.2338016198
165 4 28.2338016198
166 4 28.2338016198
167 4 28.2338016198
168 4 28.2338016198
169 4 28.2338016198
170 4 28.2338016198
171 4 28.2338016198
172 4 28.2338016198
173 4 28.2338016198
174 4 28.2338016198
175 4 28.2338016198
176 4 28.2338016198
177 4 28.2338016198
178 4 28.2338016198
179 4 28.2338016198
180 4 28.2338016198
181 4 28.2338016198
182 4 28.2338016198
183 4 28.2338016198
184 4 28.2338016198
185 4 28.2338016198
186 4 28.2338016198
187 4 28.2338016198
188 4 28.2338016198
189 4 28.2338016198
190 4 28.2338016198
191 4 28.2338016198
192 4 28.2338016198
193 4 28.2338016198
194 4 28.2338016198
195 4 28.2338016198
196 4 28.2338016198
197 4 28.2338016198
198 4 28.2338016198
199 4 28.2338016198
200 4 28.2338016198
201 5 30.3254903946
202 5 30.3254903946
203 5 30.3254903946
204 5 30.3254903946
205 5 30.3254903946
206 5 30.3254903946
207 5 30.3254903946
208 5 30.3254903946
209 5 30.3254903946
210 5 30.3254903946
211 5 30.3254903946
212 5 30.3254903946
213 5 30.3254903946
214 5 30.3254903946
215 5 30.3254903946
216 5 30.3254903946
217 5 30.3254903946
218 5 30.3254903946
219 5 30.3254903946
220 5 30.3254903946
221 5 30.3254903946
222 5 30.3254903946
223 5 30.3254903946
224 5 30.3254903946
225 5 30.3254903946
226 5 30.3254903946
227 5 30.3254903946
228 5 30.3254903946
229 5 30.3254903946
230 5 30.3254903946
231 5 30.3254903946
232 5 30.3254903946
233 5 30.3254903946
234 5 30.3254903946
235 5 30.3254903946
236 5 30.3254903946
237 5 30.3254903946
238 5 30.3254903946
239 5 30.3254903946
240 5 30.3254903946
241 6 35.0842441431
242 6 35.0842441431
243 6 35.0842441431
244 6 35.0842441431
245 6 35.0842441431
246 6 35.0842441431
247 6 35.0842441431
248 6 35.0842441431
249 6 35.0842441431
250 6 35.0842441431
251 6 35.0842441431
252 6 35.0842441431
253 6 35.0842441431
254 6 35.0842441431
255 6 35.0842441431
256 6 35.0842441431
257 6 35.0842441431
258 6 35.0842441431
259 6 35.0842441431
260 6 35.0842441431
261 6 35.0842441431
262 6 35.0842441431
263 6 35.0842441431
264 6 35.0842441431
265 6 35.0842441431
266 6 35.0842441431
267 6 35.0842441431
268 6 35.0842441431
269 6 35.0842441431
270 6 35.0842441431
271 6 35.0842441431
272 6 35.0842441431
273 6 35.0842441431
274 6 35.0842441431
275 6 35.0842441431
276 6 35.0842441431
277 6 35.0842441431
278 6 35.0842441431
279 6 35.0842441431
280 6 35.0842441431
281 7 42.6983859441
282 7 42.6983859441
283 7 42.6983859441
284 7 42.6983859441
285 7 42.6983859441
286 7 42.6983859441
287 7 42.6983859441
288 7 42.6983859441
289 7 42.6983859441
290 7 42.6983859441
291 7 42.6983859441
292 7 42.6983859441
293 7 42.6983859441
294 7 42.6983859441
295 7 42.6983859441
296 7 42.6983859441
297 7 42.6983859441
298 7 42.6983859441
299 7 42.6983859441
300 7 42.6983859441
301 7 42.6983859441
302 7 42.6983859441
303 7 42.6983859441
304 7 42.6983859441
305 7 42.6983859441
306 7 42.6983859441
307 7 42.6983859441
308 7 42.6983859441
309 7 42.6983859441
310 7 42.6983859441
311 7 42.6983859441
312 7 42.6983859441
313 7 42.6983859441
314 7 42.6983859441
315 7 42.6983859441
316 7 42.6983859441
317 7 42.6983859441
318 7 42.6983859441
319 7 42.6983859441
320 7 42.6983859441
321 8 46.1686370853
322 8 46.1686370853
323 8 46.1686370853
324 8 46.1686370853
325 8 46.1686370853
326 8 46.1686370853
327 8 46.1686370853
328 8 46.1686370853
329 8 46.1686370853
330 8 46.1686370853
331 8 46.1686370853
332 8 46.1686370853
333 8 46.1686370853
334 8 46.1686370853
335 8 46.1686370853
336 8 46.1686370853
337 8 46.1686370853
338 8 46.1686370853
339 8 46.1686370853
340 8 46.1686370853
341 8 46.1686370853
342 8 46.1686370853
343 8 46.1686370853
344 8 46.1686370853
345 8 46.1686370853
346 8 46.1686370853
347 8 46.1686370853
348 8 46.1686370853
349 8 46.1686370853
350 8 46.1686370853
351 8 46.1686370853
352 8 46.1686370853
353 8 46.1686370853
354 8 46.1686370853
355 8 46.1686370853
356 8 46.1686370853
357 8 46.1686370853
358 8 46.1686370853
359 8 46.1686370853
360 8 46.1686370853
361 9 49.9349778833
362 9 49.9349778833
363 9 49.9349778833
364 9 49.9349778833
365 9 49.9349778833
366 9 49.9349778833
367 9 49.9349778833
368 9 49.9349778833
369 9 49.9349778833
370 9 49.9349778833
371 9 49.9349778833
372 9 49.9349778833
373 9 49.9349778833
374 9 49.9349778833
375 9 49.9349778833
376 9 49.9349778833
377 9 49.9349778833
378 9 49.9349778833
379 9 49.9349778833
380 9 49.9349778833
381 9 49.9349778833
382 9 49.9349778833
383 9 49.9349778833
384 9 49.9349778833
385 9 49.9349778833
386 9 49.9349778833
387 9 49.9349778833
388 9 49.9349778833
389 9 49.9349778833
390 9 49.9349778833
391 9 49.9349778833
392 9 49.9349778833
393 9 49.9349778833
394 9 49.9349778833
395 9 49.9349778833
396 9 49.9349778833
397 9 49.9349778833
398 9 49.9349778833
399 9 49.9349778833
400 9 49.9349778833
401 10 51.3757853835
402 10 51.3757853835
403 10 51.3757853835
404 10 51.3757853835
405 10 51.3757853835
406 10 51.3757853835
407 10 51.3757853835
408 10 51.3757853835
409 10 51.3757853835
410 10 51.3757853835
411 10 51.3757853835
412 10 51.3757853835
413 10 51.3757853835
414 10 51.3757853835
415 10 51.3757853835
416 10 51.3757853835
417 10 51.3757853835
418 10 51.3757853835
419 10 51.3757853835
420 10 51.3757853835
421 10 51.3757853835
422 10 51.3757853835
423 10 51.3757853835
424 10 51.3757853835
425 10 51.3757853835
426 10 51.3757853835
427 10 51.3757853835
428 10 51.3757853835
429 10 51.3757853835
430 10 51.3757853835
431 10 51.3757853835
432 10 51.3757853835
433 10 51.3757853835
434 10 51.3757853835
435 10 51.3757853835
436 10 51.3757853835
