1 0 21.3120492058
2 0 21.3120492058
3 0 21.3120492058
4 0 21.3120492058
5 0 21.3120492058
6 0 21.3120492058
7 0 21.3120492058
8 0 21.3120492058
9 0 21.3120492058
10 0 21.3120492058
11 0 21.3120492058
12 0 21.3120492058
13 0 21.3120492058
14 0 21.3120492058
15 0 21.3120492058
16 0 21.3120492058
17 0 21.3120492058
18 0 21.3120492058
19 0 21.3120492058
20 0 21.3120492058
21 1 20.4474913171
22 1 20.4474913171
23 1 20.4474913171
24 1 20.4474913171
25 1 20.4474913171
26 1 20.4474913171
27 1 20.4474913171
28 1 20.4474913171
29 1 20.4474913171
30 1 20.4474913171
31 1 20.4474913171
32 1 20.4474913171
33 1 20.4474913171
34 1 20.4474913171
35 1 20.4474913171
36 1 20.4474913171
37 1 20.4474913171
38 1 20.4474913171
39 1 20.4474913171
40 1 20.4474913171
41 2 13.496136921
42 2 13.496136921
43 2 13.496136921
44 2 13.496136921
45 2 13.496136921
46 2 13.496136921
47 2 13.496136921
48 2 13.496136921
49 2 13.496136921
50 2 13.496136921
51 2 13.496136921
52 2 13.496136921
53 2 13.496136921
54 2 13.496136921
55 2 13.496136921
56 2 13.496136921
57 2 13.496136921
58 2 13.496136921
59 2 13.496136921
60 2 13.496136921
61 3 8.88254456194
62 3 8.88254456194
63 3 8.88254456194
64 3 8.88254456194
65 3 8.88254456194
66 3 8.88254456194
67 3 8.88254456194
68 3 8.88254456194
69 3 8.88254456194
70 3 8.88254456194
71 3 8.88254456194
72 3 8.88254456194
73 3 8.88254456194
74 3 8.88254456194
75 3 8.88254456194
76 3 8.88254456194
77 3 8.88254456194
78 3 8.88254456194
79 3 8.88254456194
80 3 8.88254456194
81 4 14.4911369666
82 4 14.4911369666
83 4 14.4911369666
84 4 14.4911369666
85 4 14.4911369666
86 4 14.4911369666
87 4 14.4911369666
88 4 14.4911369666
89 4 14.4911369666
90 4 14.4911369666
91 4 14.4911369666
92 4 14.4911369666
93 4 14.4911369666
94 4 14.4911369666
95 4 14.4911369666
96 4 14.4911369666
97 4 14.4911369666
98 4 14.4911369666
99 4 14.4911369666
100 4 14.4911369666
101 5 12.2104734399
102 5 12.2104734399
103 5 12.2104734399
104 5 12.2104734399
105 5 12.2104734399
106 5 12.2104734399
107 5 12.2104734399
108 5 12.2104734399
109 5 12.2104734399
110 5 12.2104734399
111 5 12.2104734399
112 5 12.2104734399
113 5 12.2104734399
114 5 12.2104734399
115 5 12.2104734399
116 5 12.2104734399
117 5 12.2104734399
118 5 12.2104734399
119 5 12.2104734399
120 5 12.2104734399
121 6 12.945161733
122 6 12.945161733
123 6 12.945161733
124 6 12.945161733
125 6 12.945161733
126 6 12.945161733
127 6 12.945161733
128 6 12.945161733
129 6 12.945161733
130 6 12.945161733
131 6 12.945161733
132 6 12.945161733
133 6 12.945161733
134 6 12.945161733
135 6 12.945161733
136 6 12.945161733
137 6 12.945161733
138 6 12.945161733
139 6 12.945161733
140 6 12.945161733
141 7 10.5773247519
142 7 10.5773247519
143 7 10.5773247519
144 7 10.5773247519
145 7 10.5773247519
146 7 10.5773247519
147 7 10.5773247519
148 7 10.5773247519
149 7 10.5773247519
150 7 10.5773247519
151 7 10.5773247519
152 7 10.5773247519
153 7 10.5773247519
154 7 10.5773247519
155 7 10.5773247519
156 7 10.5773247519
157 7 10.5773247519
