1 0 15.6821279652
2 0 15.6821279652
3 0 15.6821279652
4 0 15.6821279652
5 0 15.6821279652
6 0 15.6821279652
7 0 15.6821279652
8 0 15.6821279652
9 0 15.6821279652
10 0 15.6821279652
11 0 15.6821279652
12 0 15.6821279652
13 0 15.6821279652
14 0 15.6821279652
15 0 15.6821279652
16 0 15.6821279652
17 0 15.6821279652
18 0 15.6821279652
19 0 15.6821279652
20 0 15.6821279652
21 1 12.1447329239
22 1 12.1447329239
23 1 12.1447329239
24 1 12.1447329239
25 1 12.1447329239
26 1 12.1447329239
27 1 12.1447329239
28 1 12.1447329239
29 1 12.1447329239
30 1 12.1447329239
31 1 12.1447329239
32 1 12.1447329239
33 1 12.1447329239
34 1 12.1447329239
35 1 12.1447329239
36 1 12.1447329239
37 1 12.1447329239
38 1 12.1447329239
39 1 12.1447329239
40 1 12.1447329239
41 2 17.5410622686
42 2 17.5410622686
43 2 17.5410622686
44 2 17.5410622686
45 2 17.5410622686
46 2 17.5410622686
47 2 17.5410622686
48 2 17.5410622686
49 2 17.5410622686
50 2 17.5410622686
51 2 17.5410622686
52 2 17.5410622686
53 2 17.5410622686
54 2 17.5410622686
55 2 17.5410622686
56 2 17.5410622686
57 2 17.5410622686
58 2 17.5410622686
59 2 17.5410622686
60 2 17.5410622686
61 3 27.3212106759
62 3 27.3212106759
63 3 27.3212106759
64 3 27.3212106759
65 3 27.3212106759
66 3 27.3212106759
67 3 27.3212106759
68 3 27.3212106759
69 3 27.3212106759
70 3 27.3212106759
71 3 27.3212106759
72 3 27.3212106759
73 3 27.3212106759
74 3 27.3212106759
75 3 27.3212106759
76 3 27.3212106759
77 3 27.3212106759
78 3 27.3212106759
79 3 27.3212106759
80 3 27.3212106759
81 4 29.1489097259
82 4 29.1489097259
83 4 29.1489097259
84 4 29.1489097259
85 4 29.1489097259
86 4 29.1489097259
87 4 29.1489097259
88 4 29.1489097259
89 4 29.1489097259
90 4 29.1489097259
91 4 29.1489097259
92 4 29.1489097259
93 4 29.1489097259
94 4 29.1489097259
95 4 29.1489097259
96 4 29.1489097259
97 4 29.1489097259
98 4 29.1489097259
99 4 29.1489097259
100 4 29.1489097259
101 5 23.580269923
102 5 23.580269923
103 5 23.580269923
104 5 23.580269923
105 5 23.580269923
106 5 23.580269923
107 5 23.580269923
108 5 23.580269923
109 5 23.580269923
110 5 23.580269923
111 5 23.580269923
112 5 23.580269923
113 5 23.580269923
114 5 23.580269923
115 5 23.580269923
116 5 23.580269923
117 5 23.580269923
118 5 23.580269923
119 5 23.580269923
120 5 23.580269923
121 6 27.141165583
122 6 27.141165583
123 6 27.141165583
124 6 27.141165583
125 6 27.141165583
126 6 27.141165583
127 6 27.141165583
128 6 27.141165583
129 6 27.141165583
130 6 27.141165583
131 6 27.141165583
132 6 27.141165583
133 6 27.141165583
134 6 27.141165583
135 6 27.141165583
136 6 27.141165583
137 6 27.141165583
138 6 27.141165583
139 6 27.141165583
140 6 27.141165583
141 7 24.4825724546
142 7 24.4825724546
143 7 24.4825724546
144 7 24.4825724546
145 7 24.4825724546
146 7 24.4825724546
147 7 24.4825724546
148 7 24.4825724546
149 7 24.4825724546
150 7 24.4825724546
151 7 24.4825724546
152 7 24.4825724546
153 7 24.4825724546
154 7 24.4825724546
155 7 24.4825724546
156 7 24.4825724546
157 7 24.4825724546
158 7 24.4825724546
159 7 24.4825724546
160 7 24.4825724546
161 8 19.5279861175
162 8 19.5279861175
163 8 19.5279861175
164 8 19.5279861175
165 8 19.5279861175
166 8 19.5279861175
167 8 19.5279861175
168 8 19.5279861175
169 8 19.5279861175
170 8 19.5279861175
171 8 19.5279861175
172 8 19.5279861175
173 8 19.5279861175
174 8 19.5279861175
175 8 19.5279861175
176 8 19.5279861175
177 8 19.5279861175
178 8 19.5279861175
179 8 19.5279861175
180 8 19.5279861175
181 9 18.460003337
182 9 18.460003337
183 9 18.460003337
184 9 18.460003337
185 9 18.460003337
186 9 18.460003337
187 9 18.460003337
188 9 18.460003337
189 9 18.460003337
190 9 18.460003337
191 9 18.460003337
192 9 18.460003337
193 9 18.460003337
194 9 18.460003337
195 9 18.460003337
196 9 18.460003337
197 9 18.460003337
198 9 18.460003337
199 9 18.460003337
200 9 18.460003337
201 10 18.4823643443
202 10 18.4823643443
203 10 18.4823643443
204 10 18.4823643443
205 10 18.4823643443
206 10 18.4823643443
207 10 18.4823643443
208 10 18.4823643443
209 10 18.4823643443
210 10 18.4823643443
211 10 18.4823643443
212 10 18.4823643443
213 10 18.4823643443
214 10 18.4823643443
215 10 18.4823643443
216 10 18.4823643443
217 10 18.4823643443
218 10 18.4823643443
219 10 18.4823643443
220 10 18.4823643443
221 11 14.8904414676
222 11 14.8904414676
223 11 14.8904414676
224 11 14.8904414676
225 11 14.8904414676
226 11 14.8904414676
227 11 14.8904414676
228 11 14.8904414676
229 11 14.8904414676
230 11 14.8904414676
231 11 14.8904414676
232 11 14.8904414676
233 11 14.8904414676
234 11 14.8904414676
235 11 14.8904414676
236 11 14.8904414676
237 11 14.8904414676
238 11 14.8904414676
239 11 14.8904414676
240 11 14.8904414676
241 12 13.5245870621
242 12 13.5245870621
243 12 13.5245870621
244 12 13.5245870621
245 12 13.5245870621
246 12 13.5245870621
247 12 13.5245870621
248 12 13.5245870621
249 12 13.5245870621
250 12 13.5245870621
251 12 13.5245870621
252 12 13.5245870621
253 12 13.5245870621
254 12 13.5245870621
255 12 13.5245870621
256 12 13.5245870621
257 12 13.5245870621
258 12 13.5245870621
259 12 13.5245870621
260 12 13.5245870621
261 13 11.6638839406
262 13 11.6638839406
263 13 11.6638839406
264 13 11.6638839406
265 13 11.6638839406
266 13 11.6638839406
267 13 11.6638839406
268 13 11.6638839406
269 13 11.6638839406
270 13 11.6638839406
271 13 11.6638839406
272 13 11.6638839406
273 13 11.6638839406
274 13 11.6638839406
275 13 11.6638839406
276 13 11.6638839406
277 13 11.6638839406
278 13 11.6638839406
279 13 11.6638839406
280 13 11.6638839406
281 14 12.6303122349
282 14 12.6303122349
283 14 12.6303122349
284 14 12.6303122349
285 14 12.6303122349
286 14 12.6303122349
287 14 12.6303122349
288 14 12.6303122349
289 14 12.6303122349
290 14 12.6303122349
291 14 12.6303122349
292 14 12.6303122349
293 14 12.6303122349
294 14 12.6303122349
295 14 12.6303122349
296 14 12.6303122349
297 14 12.6303122349
298 14 12.6303122349
299 14 12.6303122349
300 14 12.6303122349
301 15 14.777177564
302 15 14.777177564
303 15 14.777177564
304 15 14.777177564
305 15 14.777177564
306 15 14.777177564
307 15 14.777177564
308 15 14.777177564
309 15 14.777177564
310 15 14.777177564
311 15 14.777177564
312 15 14.777177564
313 15 14.777177564
314 15 14.777177564
315 15 14.777177564
316 15 14.777177564
317 15 14.777177564
318 15 14.777177564
319 15 14.777177564
320 15 14.777177564
321 16 14.953719484
322 16 14.953719484
323 16 14.953719484
324 16 14.953719484
325 16 14.953719484
326 16 14.953719484
327 16 14.953719484
328 16 14.953719484
329 16 14.953719484
330 16 14.953719484
331 16 14.953719484
332 16 14.953719484
333 16 14.953719484
334 16 14.953719484
335 16 14.953719484
336 16 14.953719484
337 16 14.953719484
338 16 14.953719484
339 16 14.953719484
340 16 14.953719484
341 17 8.47053669899
342 17 8.47053669899
343 17 8.47053669899
344 17 8.47053669899
345 17 8.47053669899
346 17 8.47053669899
347 17 8.47053669899
348 17 8.47053669899
349 17 8.47053669899
350 17 8.47053669899
351 17 8.47053669899
352 17 8.47053669899
353 17 8.47053669899
354 17 8.47053669899
355 17 8.47053669899
356 17 8.47053669899
357 17 8.47053669899
358 17 8.47053669899
359 17 8.47053669899
360 17 8.47053669899
361 18 12.5592153461
362 18 12.5592153461
363 18 12.5592153461
364 18 12.5592153461
365 18 12.5592153461
366 18 12.5592153461
367 18 12.5592153461
368 18 12.5592153461
369 18 12.5592153461
370 18 12.5592153461
371 18 12.5592153461
372 18 12.5592153461
373 18 12.5592153461
374 18 12.5592153461
375 18 12.5592153461
376 18 12.5592153461
377 18 12.5592153461
378 18 12.5592153461
379 18 12.5592153461
380 18 12.5592153461
381 19 13.2924126096
382 19 13.2924126096
383 19 13.2924126096
384 19 13.2924126096
385 19 13.2924126096
386 19 13.2924126096
387 19 13.2924126096
388 19 13.2924126096
389 19 13.2924126096
390 19 13.2924126096
391 19 13.2924126096
392 19 13.2924126096
393 19 13.2924126096
394 19 13.2924126096
395 19 13.2924126096
396 19 13.2924126096
397 19 13.2924126096
398 19 13.2924126096
399 19 13.2924126096
400 19 13.2924126096
401 20 12.0377184336
402 20 12.0377184336
403 20 12.0377184336
404 20 12.0377184336
405 20 12.0377184336
406 20 12.0377184336
407 20 12.0377184336
408 20 12.0377184336
409 20 12.0377184336
410 20 12.0377184336
411 20 12.0377184336
412 20 12.0377184336
413 20 12.0377184336
414 20 12.0377184336
415 20 12.0377184336
416 20 12.0377184336
417 20 12.0377184336
418 20 12.0377184336
419 20 12.0377184336
420 20 12.0377184336
421 21 15.8610858643
422 21 15.8610858643
423 21 15.8610858643
424 21 15.8610858643
425 21 15.8610858643
426 21 15.8610858643
427 21 15.8610858643
428 21 15.8610858643
429 21 15.8610858643
430 21 15.8610858643
431 21 15.8610858643
432 21 15.8610858643
433 21 15.8610858643
434 21 15.8610858643
435 21 15.8610858643
436 21 15.8610858643
437 21 15.8610858643
438 21 15.8610858643
439 21 15.8610858643
440 21 15.8610858643
441 22 25.2589947614
442 22 25.2589947614
443 22 25.2589947614
444 22 25.2589947614
445 22 25.2589947614
446 22 25.2589947614
447 22 25.2589947614
448 22 25.2589947614
449 22 25.2589947614
450 22 25.2589947614
451 22 25.2589947614
452 22 25.2589947614
453 22 25.2589947614
454 22 25.2589947614
455 22 25.2589947614
456 22 25.2589947614
457 22 25.2589947614
458 22 25.2589947614
459 22 25.2589947614
460 22 25.2589947614
461 23 25.7919362539
462 23 25.7919362539
463 23 25.7919362539
464 23 25.7919362539
465 23 25.7919362539
466 23 25.7919362539
467 23 25.7919362539
468 23 25.7919362539
469 23 25.7919362539
470 23 25.7919362539
471 23 25.7919362539
472 23 25.7919362539
473 23 25.7919362539
474 23 25.7919362539
475 23 25.7919362539
476 23 25.7919362539
477 23 25.7919362539
478 23 25.7919362539
479 23 25.7919362539
480 23 25.7919362539
481 24 25.7380016623
482 24 25.7380016623
483 24 25.7380016623
484 24 25.7380016623
485 24 25.7380016623
486 24 25.7380016623
487 24 25.7380016623
488 24 25.7380016623
489 24 25.7380016623
490 24 25.7380016623
491 24 25.7380016623
492 24 25.7380016623
493 24 25.7380016623
494 24 25.7380016623
495 24 25.7380016623
496 24 25.7380016623
497 24 25.7380016623
498 24 25.7380016623
499 24 25.7380016623
500 24 25.7380016623
501 25 19.0765701514
502 25 19.0765701514
503 25 19.0765701514
504 25 19.0765701514
505 25 19.0765701514
506 25 19.0765701514
507 25 19.0765701514
508 25 19.0765701514
509 25 19.0765701514
510 25 19.0765701514
511 25 19.0765701514
512 25 19.0765701514
513 25 19.0765701514
514 25 19.0765701514
515 25 19.0765701514
516 25 19.0765701514
517 25 19.0765701514
518 25 19.0765701514
519 25 19.0765701514
520 25 19.0765701514
521 26 15.0685310134
522 26 15.0685310134
523 26 15.0685310134
524 26 15.0685310134
525 26 15.0685310134
526 26 15.0685310134
527 26 15.0685310134
528 26 15.0685310134
529 26 15.0685310134
530 26 15.0685310134
531 26 15.0685310134
532 26 15.0685310134
533 26 15.0685310134
534 26 15.0685310134
535 26 15.0685310134
536 26 15.0685310134
537 26 15.0685310134
538 26 15.0685310134
539 26 15.0685310134
540 26 15.0685310134
541 27 20.852774919
542 27 20.852774919
543 27 20.852774919
544 27 20.852774919
545 27 20.852774919
546 27 20.852774919
547 27 20.852774919
548 27 20.852774919
549 27 20.852774919
550 27 20.852774919
551 27 20.852774919
552 27 20.852774919
553 27 20.852774919
554 27 20.852774919
555 27 20.852774919
556 27 20.852774919
557 27 20.852774919
558 27 20.852774919
559 27 20.852774919
560 27 20.852774919
561 28 15.7556480405
562 28 15.7556480405
563 28 15.7556480405
564 28 15.7556480405
565 28 15.7556480405
566 28 15.7556480405
567 28 15.7556480405
568 28 15.7556480405
569 28 15.7556480405
570 28 15.7556480405
571 28 15.7556480405
572 28 15.7556480405
573 28 15.7556480405
574 28 15.7556480405
575 28 15.7556480405
576 28 15.7556480405
577 28 15.7556480405
578 28 15.7556480405
579 28 15.7556480405
580 28 15.7556480405
581 29 10.97199756
582 29 10.97199756
583 29 10.97199756
584 29 10.97199756
585 29 10.97199756
586 29 10.97199756
587 29 10.97199756
588 29 10.97199756
589 29 10.97199756
590 29 10.97199756
591 29 10.97199756
592 29 10.97199756
593 29 10.97199756
594 29 10.97199756
595 29 10.97199756
596 29 10.97199756
597 29 10.97199756
598 29 10.97199756
599 29 10.97199756
600 29 10.97199756
601 30 15.7270859838
602 30 15.7270859838
603 30 15.7270859838
604 30 15.7270859838
605 30 15.7270859838
606 30 15.7270859838
607 30 15.7270859838
608 30 15.7270859838
609 30 15.7270859838
610 30 15.7270859838
611 30 15.7270859838
612 30 15.7270859838
613 30 15.7270859838
614 30 15.7270859838
615 30 15.7270859838
616 30 15.7270859838
617 30 15.7270859838
618 30 15.7270859838
619 30 15.7270859838
620 30 15.7270859838
621 31 16.4606049593
622 31 16.4606049593
623 31 16.4606049593
624 31 16.4606049593
625 31 16.4606049593
626 31 16.4606049593
627 31 16.4606049593
628 31 16.4606049593
629 31 16.4606049593
630 31 16.4606049593
631 31 16.4606049593
632 31 16.4606049593
633 31 16.4606049593
634 31 16.4606049593
635 31 16.4606049593
636 31 16.4606049593
637 31 16.4606049593
638 31 16.4606049593
639 31 16.4606049593
640 31 16.4606049593
641 32 15.8182235609
642 32 15.8182235609
643 32 15.8182235609
644 32 15.8182235609
645 32 15.8182235609
646 32 15.8182235609
647 32 15.8182235609
648 32 15.8182235609
649 32 15.8182235609
650 32 15.8182235609
651 32 15.8182235609
652 32 15.8182235609
653 32 15.8182235609
654 32 15.8182235609
655 32 15.8182235609
656 32 15.8182235609
657 32 15.8182235609
658 32 15.8182235609
659 32 15.8182235609
660 32 15.8182235609
661 33 15.0267329834
662 33 15.0267329834
663 33 15.0267329834
664 33 15.0267329834
665 33 15.0267329834
666 33 15.0267329834
667 33 15.0267329834
668 33 15.0267329834
669 33 15.0267329834
670 33 15.0267329834
671 33 15.0267329834
672 33 15.0267329834
673 33 15.0267329834
674 33 15.0267329834
675 33 15.0267329834
676 33 15.0267329834
677 33 15.0267329834
678 33 15.0267329834
679 33 15.0267329834
680 33 15.0267329834
681 34 15.7967525278
682 34 15.7967525278
683 34 15.7967525278
684 34 15.7967525278
685 34 15.7967525278
686 34 15.7967525278
687 34 15.7967525278
688 34 15.7967525278
689 34 15.7967525278
690 34 15.7967525278
691 34 15.7967525278
692 34 15.7967525278
693 34 15.7967525278
694 34 15.7967525278
695 34 15.7967525278
696 34 15.7967525278
697 34 15.7967525278
698 34 15.7967525278
699 34 15.7967525278
700 34 15.7967525278
701 35 17.8076748937
702 35 17.8076748937
703 35 17.8076748937
704 35 17.8076748937
705 35 17.8076748937
706 35 17.8076748937
707 35 17.8076748937
708 35 17.8076748937
709 35 17.8076748937
710 35 17.8076748937
711 35 17.8076748937
712 36 19.7121151434
713 36 19.7121151434
714 36 19.7121151434
715 36 19.7121151434
716 36 19.7121151434
717 36 19.7121151434
718 36 19.7121151434
719 36 19.7121151434
720 36 19.7121151434
721 36 19.7121151434
722 36 19.7121151434
723 36 19.7121151434
724 36 19.7121151434
725 36 19.7121151434
726 36 19.7121151434
727 36 19.7121151434
728 36 19.7121151434
729 36 19.7121151434
730 36 19.7121151434
731 36 19.7121151434
732 36 19.7121151434
733 36 19.7121151434
734 36 19.7121151434
735 36 19.7121151434
736 36 19.7121151434
737 36 19.7121151434
738 36 19.7121151434
739 36 19.7121151434
740 36 19.7121151434
741 36 19.7121151434
742 36 19.7121151434
743 36 19.7121151434
744 36 19.7121151434
745 36 19.7121151434
746 36 19.7121151434
747 36 19.7121151434
748 36 19.7121151434
749 36 19.7121151434
750 36 19.7121151434
751 36 19.7121151434
752 37 27.1896974989
753 37 27.1896974989
754 37 27.1896974989
755 37 27.1896974989
756 37 27.1896974989
757 37 27.1896974989
758 37 27.1896974989
759 37 27.1896974989
760 37 27.1896974989
761 37 27.1896974989
762 37 27.1896974989
763 37 27.1896974989
764 37 27.1896974989
765 37 27.1896974989
766 37 27.1896974989
767 37 27.1896974989
768 37 27.1896974989
769 37 27.1896974989
770 37 27.1896974989
771 37 27.1896974989
772 37 27.1896974989
773 37 27.1896974989
774 37 27.1896974989
775 37 27.1896974989
776 37 27.1896974989
777 37 27.1896974989
778 37 27.1896974989
779 37 27.1896974989
780 37 27.1896974989
781 37 27.1896974989
782 37 27.1896974989
783 37 27.1896974989
784 37 27.1896974989
785 37 27.1896974989
786 37 27.1896974989
787 37 27.1896974989
788 37 27.1896974989
789 37 27.1896974989
790 37 27.1896974989
791 37 27.1896974989
792 38 28.5134909139
793 38 28.5134909139
794 38 28.5134909139
795 38 28.5134909139
796 38 28.5134909139
797 38 28.5134909139
798 38 28.5134909139
799 38 28.5134909139
800 38 28.5134909139
801 38 28.5134909139
802 38 28.5134909139
803 38 28.5134909139
804 38 28.5134909139
805 38 28.5134909139
806 38 28.5134909139
807 38 28.5134909139
808 38 28.5134909139
809 38 28.5134909139
810 38 28.5134909139
811 38 28.5134909139
812 38 28.5134909139
813 38 28.5134909139
814 38 28.5134909139
815 38 28.5134909139
816 38 28.5134909139
817 38 28.5134909139
818 38 28.5134909139
819 38 28.5134909139
820 38 28.5134909139
821 38 28.5134909139
822 38 28.5134909139
823 38 28.5134909139
824 38 28.5134909139
825 38 28.5134909139
826 38 28.5134909139
827 38 28.5134909139
828 38 28.5134909139
829 38 28.5134909139
830 38 28.5134909139
831 38 28.5134909139
832 39 25.8161237543
833 39 25.8161237543
834 39 25.8161237543
835 39 25.8161237543
836 39 25.8161237543
837 39 25.8161237543
838 39 25.8161237543
839 39 25.8161237543
840 39 25.8161237543
841 39 25.8161237543
842 39 25.8161237543
843 39 25.8161237543
844 39 25.8161237543
845 39 25.8161237543
846 39 25.8161237543
847 39 25.8161237543
848 39 25.8161237543
849 39 25.8161237543
850 39 25.8161237543
851 39 25.8161237543
852 39 25.8161237543
853 39 25.8161237543
854 39 25.8161237543
855 39 25.8161237543
856 39 25.8161237543
857 39 25.8161237543
858 39 25.8161237543
859 39 25.8161237543
860 39 25.8161237543
861 39 25.8161237543
862 39 25.8161237543
863 39 25.8161237543
864 39 25.8161237543
865 39 25.8161237543
866 39 25.8161237543
867 39 25.8161237543
868 39 25.8161237543
869 39 25.8161237543
870 39 25.8161237543
871 39 25.8161237543
872 40 38.0954033155
873 40 38.0954033155
874 40 38.0954033155
875 40 38.0954033155
876 40 38.0954033155
877 40 38.0954033155
878 40 38.0954033155
879 40 38.0954033155
880 40 38.0954033155
881 40 38.0954033155
882 40 38.0954033155
883 40 38.0954033155
884 40 38.0954033155
885 40 38.0954033155
886 40 38.0954033155
887 40 38.0954033155
888 40 38.0954033155
889 40 38.0954033155
890 40 38.0954033155
891 40 38.0954033155
892 40 38.0954033155
893 40 38.0954033155
894 40 38.0954033155
895 40 38.0954033155
896 40 38.0954033155
897 40 38.0954033155
898 40 38.0954033155
899 40 38.0954033155
900 40 38.0954033155
901 40 38.0954033155
902 40 38.0954033155
903 40 38.0954033155
904 40 38.0954033155
905 40 38.0954033155
906 40 38.0954033155
907 40 38.0954033155
908 40 38.0954033155
909 40 38.0954033155
910 40 38.0954033155
911 40 38.0954033155
912 41 36.2238144748
913 41 36.2238144748
914 41 36.2238144748
915 41 36.2238144748
916 41 36.2238144748
917 41 36.2238144748
918 41 36.2238144748
919 41 36.2238144748
920 41 36.2238144748
921 41 36.2238144748
922 41 36.2238144748
923 41 36.2238144748
924 41 36.2238144748
925 41 36.2238144748
926 41 36.2238144748
927 41 36.2238144748
928 41 36.2238144748
929 41 36.2238144748
930 41 36.2238144748
931 41 36.2238144748
932 41 36.2238144748
933 41 36.2238144748
934 41 36.2238144748
935 41 36.2238144748
936 41 36.2238144748
937 41 36.2238144748
938 41 36.2238144748
939 41 36.2238144748
940 41 36.2238144748
941 41 36.2238144748
942 41 36.2238144748
943 41 36.2238144748
944 41 36.2238144748
945 41 36.2238144748
946 41 36.2238144748
947 41 36.2238144748
948 41 36.2238144748
949 41 36.2238144748
950 41 36.2238144748
951 41 36.2238144748
952 42 28.732259683
953 42 28.732259683
954 42 28.732259683
955 42 28.732259683
956 42 28.732259683
957 42 28.732259683
958 42 28.732259683
959 42 28.732259683
960 42 28.732259683
961 42 28.732259683
962 42 28.732259683
963 42 28.732259683
964 42 28.732259683
965 42 28.732259683
966 42 28.732259683
967 42 28.732259683
968 42 28.732259683
969 42 28.732259683
970 42 28.732259683
971 42 28.732259683
972 42 28.732259683
973 42 28.732259683
974 42 28.732259683
975 42 28.732259683
976 42 28.732259683
977 42 28.732259683
978 42 28.732259683
979 42 28.732259683
980 42 28.732259683
981 42 28.732259683
982 42 28.732259683
983 42 28.732259683
984 42 28.732259683
985 42 28.732259683
986 42 28.732259683
987 42 28.732259683
988 42 28.732259683
989 42 28.732259683
990 42 28.732259683
991 42 28.732259683
992 43 31.1712667652
993 43 31.1712667652
994 43 31.1712667652
995 43 31.1712667652
996 43 31.1712667652
997 43 31.1712667652
998 43 31.1712667652
999 43 31.1712667652
1000 43 31.1712667652
1001 43 31.1712667652
1002 43 31.1712667652
1003 43 31.1712667652
1004 43 31.1712667652
1005 43 31.1712667652
1006 43 31.1712667652
1007 43 31.1712667652
1008 43 31.1712667652
1009 43 31.1712667652
1010 43 31.1712667652
1011 43 31.1712667652
1012 43 31.1712667652
1013 43 31.1712667652
1014 43 31.1712667652
1015 43 31.1712667652
1016 43 31.1712667652
1017 43 31.1712667652
1018 43 31.1712667652
1019 43 31.1712667652
1020 43 31.1712667652
1021 43 31.1712667652
1022 43 31.1712667652
1023 43 31.1712667652
1024 43 31.1712667652
1025 43 31.1712667652
1026 43 31.1712667652
1027 43 31.1712667652
1028 43 31.1712667652
1029 43 31.1712667652
1030 43 31.1712667652
1031 43 31.1712667652
1032 44 25.803936909
1033 44 25.803936909
1034 44 25.803936909
1035 44 25.803936909
1036 44 25.803936909
1037 44 25.803936909
1038 44 25.803936909
1039 44 25.803936909
1040 44 25.803936909
1041 44 25.803936909
1042 44 25.803936909
1043 44 25.803936909
1044 44 25.803936909
1045 44 25.803936909
1046 44 25.803936909
1047 44 25.803936909
1048 44 25.803936909
1049 44 25.803936909
1050 44 25.803936909
1051 44 25.803936909
1052 44 25.803936909
1053 44 25.803936909
1054 44 25.803936909
1055 44 25.803936909
1056 44 25.803936909
1057 44 25.803936909
1058 44 25.803936909
1059 44 25.803936909
1060 44 25.803936909
1061 44 25.803936909
1062 44 25.803936909
1063 44 25.803936909
1064 44 25.803936909
1065 44 25.803936909
1066 44 25.803936909
1067 44 25.803936909
1068 44 25.803936909
1069 44 25.803936909
1070 44 25.803936909
1071 44 25.803936909
1072 45 23.0337937247
1073 45 23.0337937247
1074 45 23.0337937247
1075 45 23.0337937247
1076 45 23.0337937247
1077 45 23.0337937247
1078 45 23.0337937247
1079 45 23.0337937247
1080 45 23.0337937247
1081 45 23.0337937247
1082 45 23.0337937247
