1 0 35.7543675056
2 0 35.7543675056
3 0 35.7543675056
4 0 35.7543675056
5 0 35.7543675056
6 0 35.7543675056
7 0 35.7543675056
8 0 35.7543675056
9 0 35.7543675056
10 0 35.7543675056
11 0 35.7543675056
12 0 35.7543675056
13 0 35.7543675056
14 0 35.7543675056
15 0 35.7543675056
16 0 35.7543675056
17 0 35.7543675056
18 0 35.7543675056
19 0 35.7543675056
20 0 35.7543675056
21 0 35.7543675056
22 0 35.7543675056
23 0 35.7543675056
24 0 35.7543675056
25 0 35.7543675056
26 0 35.7543675056
27 0 35.7543675056
28 0 35.7543675056
29 0 35.7543675056
30 0 35.7543675056
31 0 35.7543675056
32 0 35.7543675056
33 0 35.7543675056
34 0 35.7543675056
35 0 35.7543675056
36 0 35.7543675056
37 0 35.7543675056
38 0 35.7543675056
39 0 35.7543675056
40 0 35.7543675056
41 1 27.514330892
42 1 27.514330892
43 1 27.514330892
44 1 27.514330892
45 1 27.514330892
46 1 27.514330892
47 1 27.514330892
48 1 27.514330892
49 1 27.514330892
50 1 27.514330892
51 1 27.514330892
52 1 27.514330892
53 1 27.514330892
54 1 27.514330892
55 1 27.514330892
56 1 27.514330892
57 1 27.514330892
58 1 27.514330892
59 1 27.514330892
60 1 27.514330892
61 1 27.514330892
62 1 27.514330892
63 1 27.514330892
64 1 27.514330892
65 1 27.514330892
66 1 27.514330892
67 1 27.514330892
68 1 27.514330892
69 1 27.514330892
70 1 27.514330892
71 1 27.514330892
72 1 27.514330892
73 1 27.514330892
74 1 27.514330892
75 1 27.514330892
76 1 27.514330892
77 1 27.514330892
78 1 27.514330892
79 1 27.514330892
80 1 27.514330892
81 2 29.6548763252
82 2 29.6548763252
83 2 29.6548763252
84 2 29.6548763252
85 2 29.6548763252
86 2 29.6548763252
87 2 29.6548763252
88 2 29.6548763252
89 2 29.6548763252
90 2 29.6548763252
91 2 29.6548763252
92 2 29.6548763252
93 2 29.6548763252
94 2 29.6548763252
95 2 29.6548763252
96 2 29.6548763252
97 2 29.6548763252
98 2 29.6548763252
99 2 29.6548763252
100 2 29.6548763252
101 2 29.6548763252
102 2 29.6548763252
103 2 29.6548763252
104 2 29.6548763252
105 2 29.6548763252
106 2 29.6548763252
107 2 29.6548763252
108 2 29.6548763252
109 2 29.6548763252
110 2 29.6548763252
111 2 29.6548763252
112 2 29.6548763252
113 2 29.6548763252
114 2 29.6548763252
115 2 29.6548763252
116 2 29.6548763252
117 2 29.6548763252
118 2 29.6548763252
119 2 29.6548763252
120 2 29.6548763252
121 3 22.6635298432
122 3 22.6635298432
123 3 22.6635298432
124 3 22.6635298432
125 3 22.6635298432
126 3 22.6635298432
127 3 22.6635298432
128 3 22.6635298432
129 3 22.6635298432
130 3 22.6635298432
131 3 22.6635298432
132 3 22.6635298432
133 3 22.6635298432
134 3 22.6635298432
135 3 22.6635298432
136 3 22.6635298432
137 3 22.6635298432
138 3 22.6635298432
139 3 22.6635298432
140 3 22.6635298432
141 3 22.6635298432
142 3 22.6635298432
143 3 22.6635298432
144 3 22.6635298432
145 3 22.6635298432
146 3 22.6635298432
147 3 22.6635298432
148 3 22.6635298432
149 3 22.6635298432
150 3 22.6635298432
151 3 22.6635298432
152 3 22.6635298432
153 3 22.6635298432
154 3 22.6635298432
155 3 22.6635298432
156 3 22.6635298432
157 3 22.6635298432
158 3 22.6635298432
159 3 22.6635298432
160 3 22.6635298432
161 4 24.8586971769
162 4 24.8586971769
163 4 24.8586971769
164 4 24.8586971769
165 4 24.8586971769
166 4 24.8586971769
167 4 24.8586971769
168 4 24.8586971769
169 4 24.8586971769
170 4 24.8586971769
171 4 24.8586971769
172 4 24.8586971769
173 4 24.8586971769
174 4 24.8586971769
175 4 24.8586971769
176 4 24.8586971769
177 4 24.8586971769
178 4 24.8586971769
179 4 24.8586971769
180 4 24.8586971769
181 4 24.8586971769
182 4 24.8586971769
183 4 24.8586971769
184 4 24.8586971769
185 4 24.8586971769
186 4 24.8586971769
187 4 24.8586971769
188 4 24.8586971769
189 4 24.8586971769
190 4 24.8586971769
191 4 24.8586971769
192 4 24.8586971769
193 4 24.8586971769
194 4 24.8586971769
195 4 24.8586971769
196 4 24.8586971769
197 4 24.8586971769
198 4 24.8586971769
199 4 24.8586971769
200 4 24.8586971769
201 5 23.3187812327
202 5 23.3187812327
203 5 23.3187812327
204 5 23.3187812327
205 5 23.3187812327
206 5 23.3187812327
207 5 23.3187812327
208 5 23.3187812327
209 5 23.3187812327
210 5 23.3187812327
211 5 23.3187812327
212 5 23.3187812327
213 5 23.3187812327
214 5 23.3187812327
215 5 23.3187812327
216 5 23.3187812327
217 5 23.3187812327
218 5 23.3187812327
219 5 23.3187812327
220 5 23.3187812327
221 5 23.3187812327
222 5 23.3187812327
223 5 23.3187812327
224 5 23.3187812327
225 5 23.3187812327
226 5 23.3187812327
227 5 23.3187812327
228 5 23.3187812327
229 5 23.3187812327
230 5 23.3187812327
231 5 23.3187812327
232 5 23.3187812327
233 5 23.3187812327
234 5 23.3187812327
235 5 23.3187812327
236 5 23.3187812327
237 5 23.3187812327
238 5 23.3187812327
239 5 23.3187812327
240 5 23.3187812327
241 6 26.1175538699
242 6 26.1175538699
243 6 26.1175538699
244 6 26.1175538699
245 6 26.1175538699
246 6 26.1175538699
247 6 26.1175538699
248 6 26.1175538699
249 6 26.1175538699
250 6 26.1175538699
251 6 26.1175538699
252 6 26.1175538699
253 6 26.1175538699
254 6 26.1175538699
255 6 26.1175538699
256 6 26.1175538699
257 6 26.1175538699
258 6 26.1175538699
259 6 26.1175538699
260 6 26.1175538699
261 6 26.1175538699
262 6 26.1175538699
263 6 26.1175538699
264 6 26.1175538699
265 6 26.1175538699
266 6 26.1175538699
267 6 26.1175538699
268 6 26.1175538699
269 6 26.1175538699
270 6 26.1175538699
271 6 26.1175538699
272 6 26.1175538699
273 6 26.1175538699
274 6 26.1175538699
275 6 26.1175538699
276 6 26.1175538699
277 6 26.1175538699
278 6 26.1175538699
279 6 26.1175538699
280 6 26.1175538699
281 7 22.1475550935
282 7 22.1475550935
283 7 22.1475550935
284 7 22.1475550935
285 7 22.1475550935
286 7 22.1475550935
287 7 22.1475550935
288 7 22.1475550935
289 7 22.1475550935
290 7 22.1475550935
291 7 22.1475550935
292 7 22.1475550935
293 7 22.1475550935
294 7 22.1475550935
295 7 22.1475550935
296 7 22.1475550935
297 7 22.1475550935
298 7 22.1475550935
299 7 22.1475550935
300 7 22.1475550935
301 7 22.1475550935
302 7 22.1475550935
303 7 22.1475550935
304 7 22.1475550935
305 7 22.1475550935
306 7 22.1475550935
307 7 22.1475550935
308 7 22.1475550935
309 7 22.1475550935
310 7 22.1475550935
311 7 22.1475550935
312 7 22.1475550935
313 7 22.1475550935
314 7 22.1475550935
315 7 22.1475550935
316 7 22.1475550935
317 7 22.1475550935
318 7 22.1475550935
319 7 22.1475550935
320 7 22.1475550935
321 8 18.0187003261
322 8 18.0187003261
323 8 18.0187003261
324 8 18.0187003261
325 8 18.0187003261
326 8 18.0187003261
327 8 18.0187003261
328 8 18.0187003261
329 8 18.0187003261
330 8 18.0187003261
331 8 18.0187003261
332 8 18.0187003261
333 8 18.0187003261
334 8 18.0187003261
335 8 18.0187003261
336 8 18.0187003261
337 8 18.0187003261
338 8 18.0187003261
339 8 18.0187003261
340 8 18.0187003261
341 8 18.0187003261
342 8 18.0187003261
343 8 18.0187003261
344 8 18.0187003261
345 8 18.0187003261
346 8 18.0187003261
347 8 18.0187003261
348 8 18.0187003261
349 8 18.0187003261
350 8 18.0187003261
351 8 18.0187003261
352 8 18.0187003261
353 8 18.0187003261
354 8 18.0187003261
355 8 18.0187003261
356 8 18.0187003261
357 8 18.0187003261
358 8 18.0187003261
359 8 18.0187003261
360 8 18.0187003261
361 9 13.3252664353
362 9 13.3252664353
363 9 13.3252664353
364 9 13.3252664353
365 9 13.3252664353
366 9 13.3252664353
367 9 13.3252664353
368 9 13.3252664353
369 9 13.3252664353
370 9 13.3252664353
371 9 13.3252664353
372 9 13.3252664353
373 9 13.3252664353
374 9 13.3252664353
375 9 13.3252664353
376 9 13.3252664353
377 9 13.3252664353
378 9 13.3252664353
379 9 13.3252664353
380 9 13.3252664353
381 9 13.3252664353
382 9 13.3252664353
383 9 13.3252664353
384 9 13.3252664353
385 9 13.3252664353
386 9 13.3252664353
387 9 13.3252664353
388 9 13.3252664353
389 9 13.3252664353
390 9 13.3252664353
391 9 13.3252664353
392 9 13.3252664353
393 9 13.3252664353
394 9 13.3252664353
395 9 13.3252664353
396 9 13.3252664353
397 9 13.3252664353
398 9 13.3252664353
399 9 13.3252664353
400 9 13.3252664353
401 10 15.8957563419
402 10 15.8957563419
403 10 15.8957563419
404 10 15.8957563419
405 10 15.8957563419
406 10 15.8957563419
407 10 15.8957563419
408 10 15.8957563419
409 10 15.8957563419
410 10 15.8957563419
411 10 15.8957563419
412 10 15.8957563419
413 10 15.8957563419
414 10 15.8957563419
415 10 15.8957563419
416 10 15.8957563419
417 10 15.8957563419
418 10 15.8957563419
419 10 15.8957563419
420 10 15.8957563419
421 10 15.8957563419
422 10 15.8957563419
423 10 15.8957563419
424 10 15.8957563419
425 10 15.8957563419
426 10 15.8957563419
427 10 15.8957563419
428 10 15.8957563419
429 10 15.8957563419
430 10 15.8957563419
431 10 15.8957563419
432 10 15.8957563419
433 10 15.8957563419
434 10 15.8957563419
435 10 15.8957563419
436 10 15.8957563419
437 10 15.8957563419
438 10 15.8957563419
439 10 15.8957563419
440 10 15.8957563419
441 11 20.0256700351
442 11 20.0256700351
443 11 20.0256700351
444 11 20.0256700351
445 11 20.0256700351
446 11 20.0256700351
447 11 20.0256700351
448 11 20.0256700351
449 11 20.0256700351
450 11 20.0256700351
451 11 20.0256700351
452 11 20.0256700351
453 11 20.0256700351
454 11 20.0256700351
455 11 20.0256700351
456 11 20.0256700351
457 11 20.0256700351
458 11 20.0256700351
459 11 20.0256700351
460 11 20.0256700351
461 11 20.0256700351
462 11 20.0256700351
463 11 20.0256700351
464 11 20.0256700351
465 11 20.0256700351
466 11 20.0256700351
467 11 20.0256700351
468 11 20.0256700351
469 11 20.0256700351
470 11 20.0256700351
471 11 20.0256700351
472 11 20.0256700351
473 11 20.0256700351
474 11 20.0256700351
475 11 20.0256700351
476 11 20.0256700351
477 11 20.0256700351
478 11 20.0256700351
479 11 20.0256700351
480 11 20.0256700351
481 12 22.0727057469
482 12 22.0727057469
483 12 22.0727057469
484 12 22.0727057469
485 12 22.0727057469
486 12 22.0727057469
487 12 22.0727057469
488 12 22.0727057469
489 12 22.0727057469
490 12 22.0727057469
491 12 22.0727057469
492 12 22.0727057469
493 12 22.0727057469
494 12 22.0727057469
495 12 22.0727057469
496 12 22.0727057469
497 12 22.0727057469
498 12 22.0727057469
499 12 22.0727057469
500 12 22.0727057469
501 12 22.0727057469
502 12 22.0727057469
503 12 22.0727057469
504 12 22.0727057469
505 12 22.0727057469
506 12 22.0727057469
507 12 22.0727057469
508 12 22.0727057469
509 12 22.0727057469
510 12 22.0727057469
511 12 22.0727057469
512 12 22.0727057469
513 12 22.0727057469
514 12 22.0727057469
515 12 22.0727057469
516 12 22.0727057469
517 12 22.0727057469
518 12 22.0727057469
519 12 22.0727057469
520 12 22.0727057469
521 13 19.2889570491
522 13 19.2889570491
523 13 19.2889570491
524 13 19.2889570491
525 13 19.2889570491
526 13 19.2889570491
527 13 19.2889570491
528 13 19.2889570491
529 13 19.2889570491
530 13 19.2889570491
531 13 19.2889570491
532 13 19.2889570491
533 13 19.2889570491
534 13 19.2889570491
535 13 19.2889570491
536 13 19.2889570491
537 13 19.2889570491
538 13 19.2889570491
539 13 19.2889570491
540 13 19.2889570491
541 13 19.2889570491
542 13 19.2889570491
543 13 19.2889570491
544 13 19.2889570491
545 13 19.2889570491
546 13 19.2889570491
547 13 19.2889570491
548 13 19.2889570491
549 13 19.2889570491
550 13 19.2889570491
551 13 19.2889570491
552 13 19.2889570491
553 13 19.2889570491
554 13 19.2889570491
555 13 19.2889570491
556 13 19.2889570491
557 13 19.2889570491
558 13 19.2889570491
559 13 19.2889570491
560 13 19.2889570491
561 14 18.958255876
562 14 18.958255876
563 14 18.958255876
564 14 18.958255876
565 14 18.958255876
566 14 18.958255876
567 14 18.958255876
568 14 18.958255876
569 14 18.958255876
570 14 18.958255876
571 14 18.958255876
572 14 18.958255876
573 14 18.958255876
574 14 18.958255876
575 14 18.958255876
576 14 18.958255876
577 14 18.958255876
578 14 18.958255876
579 14 18.958255876
580 14 18.958255876
581 14 18.958255876
582 14 18.958255876
583 14 18.958255876
584 14 18.958255876
585 14 18.958255876
586 14 18.958255876
587 14 18.958255876
588 14 18.958255876
589 14 18.958255876
590 14 18.958255876
591 14 18.958255876
592 14 18.958255876
593 14 18.958255876
594 14 18.958255876
595 14 18.958255876
596 14 18.958255876
597 14 18.958255876
598 14 18.958255876
599 14 18.958255876
600 14 18.958255876
601 15 22.9192336922
602 15 22.9192336922
603 15 22.9192336922
604 15 22.9192336922
605 15 22.9192336922
606 15 22.9192336922
607 15 22.9192336922
608 15 22.9192336922
609 15 22.9192336922
610 15 22.9192336922
611 15 22.9192336922
612 15 22.9192336922
613 15 22.9192336922
614 15 22.9192336922
615 15 22.9192336922
616 15 22.9192336922
617 15 22.9192336922
618 15 22.9192336922
619 15 22.9192336922
620 15 22.9192336922
621 15 22.9192336922
622 15 22.9192336922
623 15 22.9192336922
624 15 22.9192336922
625 15 22.9192336922
626 15 22.9192336922
627 15 22.9192336922
628 15 22.9192336922
629 15 22.9192336922
630 15 22.9192336922
631 15 22.9192336922
632 15 22.9192336922
633 15 22.9192336922
634 15 22.9192336922
635 15 22.9192336922
636 15 22.9192336922
637 15 22.9192336922
638 15 22.9192336922
639 15 22.9192336922
640 15 22.9192336922
641 16 23.789102905
642 16 23.789102905
643 16 23.789102905
644 16 23.789102905
645 16 23.789102905
646 16 23.789102905
647 16 23.789102905
648 16 23.789102905
649 16 23.789102905
650 16 23.789102905
651 16 23.789102905
652 16 23.789102905
653 16 23.789102905
654 16 23.789102905
655 16 23.789102905
656 16 23.789102905
657 16 23.789102905
658 16 23.789102905
659 16 23.789102905
660 16 23.789102905
661 16 23.789102905
662 16 23.789102905
663 16 23.789102905
664 16 23.789102905
665 16 23.789102905
666 16 23.789102905
667 16 23.789102905
668 16 23.789102905
669 16 23.789102905
670 16 23.789102905
671 16 23.789102905
672 16 23.789102905
673 16 23.789102905
674 16 23.789102905
675 16 23.789102905
676 16 23.789102905
677 16 23.789102905
678 16 23.789102905
679 16 23.789102905
680 16 23.789102905
681 17 19.1121389843
682 17 19.1121389843
683 17 19.1121389843
684 17 19.1121389843
685 17 19.1121389843
686 17 19.1121389843
687 17 19.1121389843
688 17 19.1121389843
689 17 19.1121389843
690 17 19.1121389843
691 17 19.1121389843
692 17 19.1121389843
693 17 19.1121389843
694 17 19.1121389843
695 17 19.1121389843
696 17 19.1121389843
697 17 19.1121389843
698 17 19.1121389843
699 17 19.1121389843
700 17 19.1121389843
701 17 19.1121389843
702 17 19.1121389843
703 17 19.1121389843
704 17 19.1121389843
705 17 19.1121389843
706 17 19.1121389843
707 17 19.1121389843
708 17 19.1121389843
709 17 19.1121389843
710 17 19.1121389843
711 17 19.1121389843
712 17 19.1121389843
713 17 19.1121389843
714 17 19.1121389843
715 17 19.1121389843
716 17 19.1121389843
717 17 19.1121389843
718 17 19.1121389843
719 17 19.1121389843
720 17 19.1121389843
721 18 13.2881220335
722 18 13.2881220335
723 18 13.2881220335
724 18 13.2881220335
725 18 13.2881220335
726 18 13.2881220335
727 18 13.2881220335
728 18 13.2881220335
729 18 13.2881220335
730 18 13.2881220335
731 18 13.2881220335
732 18 13.2881220335
733 18 13.2881220335
734 18 13.2881220335
735 18 13.2881220335
736 18 13.2881220335
737 18 13.2881220335
738 18 13.2881220335
739 18 13.2881220335
740 18 13.2881220335
741 18 13.2881220335
742 18 13.2881220335
743 18 13.2881220335
744 18 13.2881220335
745 18 13.2881220335
746 18 13.2881220335
747 18 13.2881220335
748 18 13.2881220335
749 18 13.2881220335
750 18 13.2881220335
751 18 13.2881220335
752 18 13.2881220335
753 18 13.2881220335
754 18 13.2881220335
755 18 13.2881220335
756 18 13.2881220335
757 18 13.2881220335
758 18 13.2881220335
759 18 13.2881220335
760 18 13.2881220335
761 19 9.42427599023
762 19 9.42427599023
763 19 9.42427599023
764 19 9.42427599023
765 19 9.42427599023
766 19 9.42427599023
767 19 9.42427599023
768 19 9.42427599023
769 19 9.42427599023
770 19 9.42427599023
771 19 9.42427599023
772 19 9.42427599023
773 19 9.42427599023
774 19 9.42427599023
775 19 9.42427599023
776 19 9.42427599023
777 19 9.42427599023
778 19 9.42427599023
779 19 9.42427599023
780 19 9.42427599023
781 19 9.42427599023
782 19 9.42427599023
783 19 9.42427599023
784 19 9.42427599023
785 19 9.42427599023
786 19 9.42427599023
787 19 9.42427599023
788 19 9.42427599023
789 19 9.42427599023
790 19 9.42427599023
791 19 9.42427599023
792 19 9.42427599023
793 19 9.42427599023
794 19 9.42427599023
795 19 9.42427599023
796 19 9.42427599023
797 19 9.42427599023
798 19 9.42427599023
799 19 9.42427599023
800 19 9.42427599023
801 20 11.824123219
802 20 11.824123219
803 20 11.824123219
804 20 11.824123219
805 20 11.824123219
806 20 11.824123219
807 20 11.824123219
808 20 11.824123219
809 20 11.824123219
810 20 11.824123219
811 20 11.824123219
812 20 11.824123219
813 20 11.824123219
814 20 11.824123219
815 20 11.824123219
816 20 11.824123219
817 20 11.824123219
818 20 11.824123219
819 20 11.824123219
820 20 11.824123219
821 20 11.824123219
822 20 11.824123219
823 20 11.824123219
824 20 11.824123219
825 20 11.824123219
826 20 11.824123219
827 20 11.824123219
828 20 11.824123219
829 20 11.824123219
830 20 11.824123219
831 20 11.824123219
832 20 11.824123219
833 20 11.824123219
834 20 11.824123219
835 20 11.824123219
836 20 11.824123219
837 20 11.824123219
838 20 11.824123219
839 20 11.824123219
840 20 11.824123219
841 21 5.38742489517
842 21 5.38742489517
843 21 5.38742489517
844 21 5.38742489517
845 21 5.38742489517
846 21 5.38742489517
847 21 5.38742489517
848 21 5.38742489517
849 21 5.38742489517
850 21 5.38742489517
851 21 5.38742489517
852 21 5.38742489517
853 21 5.38742489517
854 21 5.38742489517
855 21 5.38742489517
856 21 5.38742489517
857 21 5.38742489517
858 21 5.38742489517
859 21 5.38742489517
860 21 5.38742489517
861 21 5.38742489517
862 21 5.38742489517
863 21 5.38742489517
864 21 5.38742489517
865 21 5.38742489517
866 21 5.38742489517
867 21 5.38742489517
868 21 5.38742489517
869 21 5.38742489517
870 21 5.38742489517
871 21 5.38742489517
872 21 5.38742489517
873 21 5.38742489517
874 21 5.38742489517
875 21 5.38742489517
876 21 5.38742489517
877 21 5.38742489517
878 21 5.38742489517
879 21 5.38742489517
880 21 5.38742489517
881 22 10.2532987304
882 22 10.2532987304
883 22 10.2532987304
884 22 10.2532987304
885 22 10.2532987304
886 22 10.2532987304
887 22 10.2532987304
888 22 10.2532987304
889 22 10.2532987304
890 22 10.2532987304
891 22 10.2532987304
892 22 10.2532987304
893 22 10.2532987304
894 22 10.2532987304
895 22 10.2532987304
896 22 10.2532987304
897 22 10.2532987304
898 22 10.2532987304
899 22 10.2532987304
900 22 10.2532987304
901 22 10.2532987304
902 22 10.2532987304
903 22 10.2532987304
904 22 10.2532987304
905 22 10.2532987304
906 22 10.2532987304
907 22 10.2532987304
908 22 10.2532987304
909 22 10.2532987304
910 22 10.2532987304
911 22 10.2532987304
912 22 10.2532987304
913 22 10.2532987304
914 22 10.2532987304
915 22 10.2532987304
916 22 10.2532987304
917 22 10.2532987304
918 22 10.2532987304
919 22 10.2532987304
920 22 10.2532987304
921 23 7.53103792244
922 23 7.53103792244
923 23 7.53103792244
924 23 7.53103792244
925 23 7.53103792244
926 23 7.53103792244
927 23 7.53103792244
928 23 7.53103792244
929 23 7.53103792244
930 23 7.53103792244
931 23 7.53103792244
932 23 7.53103792244
933 23 7.53103792244
934 23 7.53103792244
935 23 7.53103792244
936 23 7.53103792244
937 23 7.53103792244
938 23 7.53103792244
939 23 7.53103792244
940 23 7.53103792244
941 23 7.53103792244
942 23 7.53103792244
943 23 7.53103792244
944 23 7.53103792244
945 23 7.53103792244
946 23 7.53103792244
947 23 7.53103792244
948 23 7.53103792244
949 23 7.53103792244
950 23 7.53103792244
951 23 7.53103792244
952 23 7.53103792244
953 23 7.53103792244
954 23 7.53103792244
955 23 7.53103792244
956 23 7.53103792244
957 23 7.53103792244
958 23 7.53103792244
959 23 7.53103792244
960 23 7.53103792244
961 24 14.2504403201
962 24 14.2504403201
963 24 14.2504403201
964 24 14.2504403201
965 24 14.2504403201
966 24 14.2504403201
967 24 14.2504403201
968 24 14.2504403201
969 24 14.2504403201
970 24 14.2504403201
971 24 14.2504403201
972 24 14.2504403201
973 24 14.2504403201
974 24 14.2504403201
975 24 14.2504403201
976 24 14.2504403201
977 24 14.2504403201
978 24 14.2504403201
979 24 14.2504403201
980 24 14.2504403201
981 24 14.2504403201
982 24 14.2504403201
983 24 14.2504403201
984 24 14.2504403201
985 24 14.2504403201
986 24 14.2504403201
987 24 14.2504403201
988 24 14.2504403201
989 24 14.2504403201
990 24 14.2504403201
991 24 14.2504403201
992 24 14.2504403201
993 24 14.2504403201
994 24 14.2504403201
995 24 14.2504403201
996 24 14.2504403201
997 24 14.2504403201
998 24 14.2504403201
999 24 14.2504403201
1000 24 14.2504403201
1001 25 18.1301462205
1002 25 18.1301462205
1003 25 18.1301462205
1004 25 18.1301462205
1005 25 18.1301462205
1006 25 18.1301462205
1007 25 18.1301462205
1008 25 18.1301462205
1009 25 18.1301462205
1010 25 18.1301462205
1011 25 18.1301462205
1012 25 18.1301462205
1013 25 18.1301462205
1014 25 18.1301462205
1015 25 18.1301462205
1016 25 18.1301462205
1017 25 18.1301462205
1018 25 18.1301462205
1019 25 18.1301462205
1020 25 18.1301462205
1021 25 18.1301462205
1022 25 18.1301462205
1023 25 18.1301462205
1024 25 18.1301462205
1025 25 18.1301462205
1026 25 18.1301462205
1027 25 18.1301462205
1028 25 18.1301462205
1029 25 18.1301462205
1030 25 18.1301462205
1031 25 18.1301462205
1032 25 18.1301462205
1033 25 18.1301462205
1034 25 18.1301462205
1035 25 18.1301462205
1036 25 18.1301462205
1037 25 18.1301462205
1038 25 18.1301462205
1039 25 18.1301462205
1040 25 18.1301462205
1041 26 17.5975099456
1042 26 17.5975099456
1043 26 17.5975099456
1044 26 17.5975099456
1045 26 17.5975099456
1046 26 17.5975099456
1047 26 17.5975099456
1048 26 17.5975099456
1049 26 17.5975099456
1050 26 17.5975099456
1051 26 17.5975099456
1052 26 17.5975099456
1053 26 17.5975099456
1054 26 17.5975099456
1055 26 17.5975099456
1056 26 17.5975099456
1057 26 17.5975099456
1058 26 17.5975099456
1059 26 17.5975099456
1060 26 17.5975099456
1061 26 17.5975099456
1062 26 17.5975099456
1063 26 17.5975099456
1064 26 17.5975099456
1065 26 17.5975099456
1066 26 17.5975099456
1067 26 17.5975099456
1068 26 17.5975099456
1069 26 17.5975099456
1070 26 17.5975099456
1071 26 17.5975099456
1072 26 17.5975099456
1073 26 17.5975099456
1074 26 17.5975099456
1075 26 17.5975099456
1076 26 17.5975099456
1077 26 17.5975099456
1078 26 17.5975099456
1079 26 17.5975099456
1080 26 17.5975099456
1081 27 23.9689813485
1082 27 23.9689813485
1083 27 23.9689813485
1084 27 23.9689813485
1085 27 23.9689813485
1086 27 23.9689813485
1087 27 23.9689813485
1088 27 23.9689813485
1089 27 23.9689813485
1090 27 23.9689813485
1091 27 23.9689813485
1092 27 23.9689813485
1093 27 23.9689813485
1094 27 23.9689813485
