1 0 15.8334518259
2 0 15.8334518259
3 0 15.8334518259
4 0 15.8334518259
5 0 15.8334518259
6 0 15.8334518259
7 0 15.8334518259
8 0 15.8334518259
9 0 15.8334518259
10 0 15.8334518259
11 0 15.8334518259
12 0 15.8334518259
13 0 15.8334518259
14 0 15.8334518259
15 0 15.8334518259
16 0 15.8334518259
17 0 15.8334518259
18 0 15.8334518259
19 0 15.8334518259
20 0 15.8334518259
21 0 15.8334518259
22 0 15.8334518259
23 0 15.8334518259
24 0 15.8334518259
25 0 15.8334518259
26 0 15.8334518259
27 0 15.8334518259
28 0 15.8334518259
29 0 15.8334518259
30 0 15.8334518259
31 0 15.8334518259
32 0 15.8334518259
33 0 15.8334518259
34 0 15.8334518259
35 0 15.8334518259
36 0 15.8334518259
37 0 15.8334518259
38 0 15.8334518259
39 0 15.8334518259
40 0 15.8334518259
41 1 15.9073531585
42 1 15.9073531585
43 1 15.9073531585
44 1 15.9073531585
45 1 15.9073531585
46 1 15.9073531585
47 1 15.9073531585
48 1 15.9073531585
49 1 15.9073531585
50 1 15.9073531585
51 1 15.9073531585
52 1 15.9073531585
53 1 15.9073531585
54 1 15.9073531585
55 1 15.9073531585
56 1 15.9073531585
57 1 15.9073531585
58 1 15.9073531585
59 1 15.9073531585
60 1 15.9073531585
61 1 15.9073531585
62 1 15.9073531585
63 1 15.9073531585
64 1 15.9073531585
65 1 15.9073531585
66 1 15.9073531585
67 1 15.9073531585
68 1 15.9073531585
69 1 15.9073531585
70 1 15.9073531585
71 1 15.9073531585
72 1 15.9073531585
73 1 15.9073531585
74 1 15.9073531585
75 1 15.9073531585
76 1 15.9073531585
77 1 15.9073531585
78 1 15.9073531585
79 1 15.9073531585
80 1 15.9073531585
81 2 19.7617253856
82 2 19.7617253856
83 2 19.7617253856
84 2 19.7617253856
85 2 19.7617253856
86 2 19.7617253856
87 2 19.7617253856
88 2 19.7617253856
89 2 19.7617253856
90 2 19.7617253856
91 2 19.7617253856
92 2 19.7617253856
93 2 19.7617253856
94 2 19.7617253856
95 2 19.7617253856
96 2 19.7617253856
97 2 19.7617253856
98 2 19.7617253856
99 2 19.7617253856
100 2 19.7617253856
101 2 19.7617253856
102 2 19.7617253856
103 2 19.7617253856
104 2 19.7617253856
105 2 19.7617253856
106 2 19.7617253856
107 2 19.7617253856
108 2 19.7617253856
109 2 19.7617253856
110 2 19.7617253856
111 2 19.7617253856
112 2 19.7617253856
113 2 19.7617253856
114 2 19.7617253856
115 2 19.7617253856
116 2 19.7617253856
117 2 19.7617253856
118 2 19.7617253856
119 2 19.7617253856
120 2 19.7617253856
121 3 19.1405942645
122 3 19.1405942645
123 3 19.1405942645
124 3 19.1405942645
125 3 19.1405942645
126 3 19.1405942645
127 3 19.1405942645
128 3 19.1405942645
129 3 19.1405942645
130 3 19.1405942645
131 3 19.1405942645
132 3 19.1405942645
133 3 19.1405942645
134 3 19.1405942645
135 3 19.1405942645
136 3 19.1405942645
137 3 19.1405942645
138 3 19.1405942645
139 3 19.1405942645
140 3 19.1405942645
141 3 19.1405942645
142 3 19.1405942645
143 3 19.1405942645
144 3 19.1405942645
145 3 19.1405942645
146 3 19.1405942645
147 3 19.1405942645
148 3 19.1405942645
149 3 19.1405942645
150 3 19.1405942645
151 3 19.1405942645
152 3 19.1405942645
153 3 19.1405942645
154 3 19.1405942645
155 3 19.1405942645
156 3 19.1405942645
157 3 19.1405942645
158 3 19.1405942645
159 3 19.1405942645
160 3 19.1405942645
161 4 18.9461688
162 4 18.9461688
163 4 18.9461688
164 4 18.9461688
165 4 18.9461688
166 4 18.9461688
167 4 18.9461688
168 4 18.9461688
169 4 18.9461688
170 4 18.9461688
171 4 18.9461688
172 4 18.9461688
173 4 18.9461688
174 4 18.9461688
175 4 18.9461688
176 4 18.9461688
177 4 18.9461688
178 4 18.9461688
179 4 18.9461688
180 4 18.9461688
181 4 18.9461688
182 4 18.9461688
183 4 18.9461688
184 4 18.9461688
185 4 18.9461688
186 4 18.9461688
187 4 18.9461688
188 4 18.9461688
189 4 18.9461688
190 4 18.9461688
191 4 18.9461688
192 4 18.9461688
193 4 18.9461688
194 4 18.9461688
195 4 18.9461688
196 4 18.9461688
197 4 18.9461688
198 4 18.9461688
199 4 18.9461688
200 4 18.9461688
201 5 25.9429727053
202 5 25.9429727053
203 5 25.9429727053
204 5 25.9429727053
205 5 25.9429727053
206 5 25.9429727053
207 5 25.9429727053
208 5 25.9429727053
209 5 25.9429727053
210 5 25.9429727053
211 5 25.9429727053
212 5 25.9429727053
213 5 25.9429727053
214 5 25.9429727053
215 5 25.9429727053
216 5 25.9429727053
217 5 25.9429727053
218 5 25.9429727053
219 5 25.9429727053
220 5 25.9429727053
221 5 25.9429727053
222 5 25.9429727053
223 5 25.9429727053
224 5 25.9429727053
225 5 25.9429727053
226 5 25.9429727053
227 5 25.9429727053
228 5 25.9429727053
229 5 25.9429727053
230 5 25.9429727053
231 5 25.9429727053
232 5 25.9429727053
233 5 25.9429727053
234 5 25.9429727053
235 5 25.9429727053
236 5 25.9429727053
237 5 25.9429727053
238 5 25.9429727053
239 5 25.9429727053
240 5 25.9429727053
241 6 23.4173151203
242 6 23.4173151203
243 6 23.4173151203
244 6 23.4173151203
245 6 23.4173151203
246 6 23.4173151203
247 6 23.4173151203
248 6 23.4173151203
249 6 23.4173151203
250 6 23.4173151203
251 6 23.4173151203
252 6 23.4173151203
253 6 23.4173151203
254 6 23.4173151203
255 6 23.4173151203
256 6 23.4173151203
257 6 23.4173151203
258 6 23.4173151203
259 6 23.4173151203
260 6 23.4173151203
261 6 23.4173151203
262 6 23.4173151203
263 6 23.4173151203
264 6 23.4173151203
265 6 23.4173151203
266 6 23.4173151203
267 6 23.4173151203
268 6 23.4173151203
269 6 23.4173151203
270 6 23.4173151203
271 6 23.4173151203
272 6 23.4173151203
273 6 23.4173151203
274 6 23.4173151203
275 6 23.4173151203
276 6 23.4173151203
277 6 23.4173151203
278 6 23.4173151203
279 6 23.4173151203
280 6 23.4173151203
281 7 18.599910774
282 7 18.599910774
283 7 18.599910774
284 7 18.599910774
285 7 18.599910774
286 7 18.599910774
287 7 18.599910774
288 7 18.599910774
289 7 18.599910774
290 7 18.599910774
291 7 18.599910774
292 7 18.599910774
293 7 18.599910774
294 7 18.599910774
295 7 18.599910774
296 7 18.599910774
297 7 18.599910774
298 7 18.599910774
299 7 18.599910774
300 7 18.599910774
301 7 18.599910774
302 7 18.599910774
303 7 18.599910774
304 7 18.599910774
305 7 18.599910774
306 7 18.599910774
307 7 18.599910774
308 7 18.599910774
309 7 18.599910774
310 7 18.599910774
311 7 18.599910774
312 7 18.599910774
313 7 18.599910774
314 7 18.599910774
315 7 18.599910774
316 7 18.599910774
317 7 18.599910774
318 7 18.599910774
319 7 18.599910774
320 7 18.599910774
321 8 24.6043033159
322 8 24.6043033159
323 8 24.6043033159
324 8 24.6043033159
325 8 24.6043033159
326 8 24.6043033159
327 8 24.6043033159
328 8 24.6043033159
329 8 24.6043033159
330 8 24.6043033159
331 8 24.6043033159
332 8 24.6043033159
333 8 24.6043033159
334 8 24.6043033159
335 8 24.6043033159
336 8 24.6043033159
337 8 24.6043033159
338 8 24.6043033159
339 8 24.6043033159
340 8 24.6043033159
341 8 24.6043033159
342 8 24.6043033159
343 8 24.6043033159
344 8 24.6043033159
345 8 24.6043033159
346 8 24.6043033159
347 8 24.6043033159
348 8 24.6043033159
349 8 24.6043033159
350 8 24.6043033159
351 8 24.6043033159
352 8 24.6043033159
353 8 24.6043033159
354 8 24.6043033159
355 8 24.6043033159
356 8 24.6043033159
357 8 24.6043033159
358 8 24.6043033159
359 8 24.6043033159
360 8 24.6043033159
361 9 16.1033238229
362 9 16.1033238229
363 9 16.1033238229
364 9 16.1033238229
365 9 16.1033238229
366 9 16.1033238229
367 9 16.1033238229
368 9 16.1033238229
369 9 16.1033238229
370 9 16.1033238229
371 9 16.1033238229
372 9 16.1033238229
373 9 16.1033238229
374 9 16.1033238229
375 9 16.1033238229
376 9 16.1033238229
377 9 16.1033238229
378 9 16.1033238229
379 9 16.1033238229
380 9 16.1033238229
381 9 16.1033238229
382 9 16.1033238229
383 9 16.1033238229
384 9 16.1033238229
385 9 16.1033238229
386 9 16.1033238229
387 9 16.1033238229
388 9 16.1033238229
389 9 16.1033238229
390 9 16.1033238229
391 9 16.1033238229
392 9 16.1033238229
393 9 16.1033238229
394 9 16.1033238229
395 9 16.1033238229
396 9 16.1033238229
397 9 16.1033238229
398 9 16.1033238229
399 9 16.1033238229
400 9 16.1033238229
401 10 8.58789826085
402 10 8.58789826085
403 10 8.58789826085
404 10 8.58789826085
405 10 8.58789826085
406 10 8.58789826085
407 10 8.58789826085
408 10 8.58789826085
409 10 8.58789826085
410 10 8.58789826085
411 10 8.58789826085
412 10 8.58789826085
413 10 8.58789826085
414 10 8.58789826085
415 10 8.58789826085
416 10 8.58789826085
417 10 8.58789826085
418 10 8.58789826085
419 10 8.58789826085
420 10 8.58789826085
421 10 8.58789826085
422 10 8.58789826085
423 10 8.58789826085
424 10 8.58789826085
425 10 8.58789826085
426 10 8.58789826085
427 10 8.58789826085
428 10 8.58789826085
429 10 8.58789826085
430 10 8.58789826085
431 10 8.58789826085
432 10 8.58789826085
433 10 8.58789826085
434 10 8.58789826085
435 10 8.58789826085
436 10 8.58789826085
437 10 8.58789826085
438 10 8.58789826085
439 10 8.58789826085
440 10 8.58789826085
441 11 12.8598223968
442 11 12.8598223968
443 11 12.8598223968
444 11 12.8598223968
445 11 12.8598223968
446 11 12.8598223968
447 11 12.8598223968
448 11 12.8598223968
449 11 12.8598223968
450 11 12.8598223968
451 11 12.8598223968
452 11 12.8598223968
453 11 12.8598223968
454 11 12.8598223968
455 11 12.8598223968
456 11 12.8598223968
457 11 12.8598223968
458 11 12.8598223968
459 11 12.8598223968
460 11 12.8598223968
461 11 12.8598223968
462 11 12.8598223968
463 11 12.8598223968
464 11 12.8598223968
465 11 12.8598223968
466 11 12.8598223968
467 11 12.8598223968
468 11 12.8598223968
469 11 12.8598223968
470 11 12.8598223968
471 11 12.8598223968
472 11 12.8598223968
473 11 12.8598223968
474 11 12.8598223968
475 11 12.8598223968
476 11 12.8598223968
477 11 12.8598223968
478 11 12.8598223968
479 11 12.8598223968
480 11 12.8598223968
481 12 13.7225959917
482 12 13.7225959917
483 12 13.7225959917
484 12 13.7225959917
485 12 13.7225959917
486 12 13.7225959917
487 12 13.7225959917
488 12 13.7225959917
489 12 13.7225959917
490 12 13.7225959917
491 12 13.7225959917
492 12 13.7225959917
493 12 13.7225959917
494 12 13.7225959917
495 12 13.7225959917
496 12 13.7225959917
497 12 13.7225959917
498 12 13.7225959917
499 12 13.7225959917
500 12 13.7225959917
501 12 13.7225959917
502 12 13.7225959917
503 12 13.7225959917
504 12 13.7225959917
505 12 13.7225959917
506 12 13.7225959917
507 12 13.7225959917
508 12 13.7225959917
509 12 13.7225959917
510 12 13.7225959917
511 12 13.7225959917
512 12 13.7225959917
513 12 13.7225959917
514 12 13.7225959917
515 12 13.7225959917
516 12 13.7225959917
517 12 13.7225959917
518 12 13.7225959917
519 12 13.7225959917
520 12 13.7225959917
521 13 18.7067751932
522 13 18.7067751932
523 13 18.7067751932
524 13 18.7067751932
525 13 18.7067751932
526 13 18.7067751932
527 13 18.7067751932
528 13 18.7067751932
529 13 18.7067751932
530 13 18.7067751932
531 13 18.7067751932
532 13 18.7067751932
533 13 18.7067751932
534 13 18.7067751932
535 13 18.7067751932
536 13 18.7067751932
537 13 18.7067751932
538 13 18.7067751932
539 13 18.7067751932
540 13 18.7067751932
541 13 18.7067751932
542 13 18.7067751932
543 13 18.7067751932
544 13 18.7067751932
545 13 18.7067751932
546 13 18.7067751932
547 13 18.7067751932
548 13 18.7067751932
549 13 18.7067751932
550 13 18.7067751932
551 13 18.7067751932
552 13 18.7067751932
553 13 18.7067751932
554 13 18.7067751932
555 13 18.7067751932
556 13 18.7067751932
557 13 18.7067751932
558 13 18.7067751932
559 13 18.7067751932
560 13 18.7067751932
561 14 19.5110615207
562 14 19.5110615207
563 14 19.5110615207
564 14 19.5110615207
565 14 19.5110615207
566 14 19.5110615207
567 14 19.5110615207
568 14 19.5110615207
569 14 19.5110615207
570 14 19.5110615207
571 14 19.5110615207
572 14 19.5110615207
573 14 19.5110615207
574 14 19.5110615207
575 14 19.5110615207
576 14 19.5110615207
577 14 19.5110615207
578 14 19.5110615207
579 14 19.5110615207
580 14 19.5110615207
581 14 19.5110615207
582 14 19.5110615207
583 14 19.5110615207
584 14 19.5110615207
585 14 19.5110615207
586 14 19.5110615207
587 14 19.5110615207
588 14 19.5110615207
589 14 19.5110615207
590 14 19.5110615207
591 14 19.5110615207
592 14 19.5110615207
593 14 19.5110615207
594 14 19.5110615207
595 14 19.5110615207
596 14 19.5110615207
597 14 19.5110615207
598 14 19.5110615207
599 14 19.5110615207
600 14 19.5110615207
601 15 17.5913498679
602 15 17.5913498679
603 15 17.5913498679
604 15 17.5913498679
605 15 17.5913498679
606 15 17.5913498679
607 15 17.5913498679
608 15 17.5913498679
609 15 17.5913498679
610 15 17.5913498679
611 15 17.5913498679
612 15 17.5913498679
613 15 17.5913498679
614 15 17.5913498679
615 15 17.5913498679
616 15 17.5913498679
617 15 17.5913498679
618 15 17.5913498679
619 15 17.5913498679
620 15 17.5913498679
621 15 17.5913498679
622 15 17.5913498679
623 15 17.5913498679
624 15 17.5913498679
625 15 17.5913498679
626 15 17.5913498679
627 15 17.5913498679
628 15 17.5913498679
629 15 17.5913498679
630 15 17.5913498679
631 15 17.5913498679
632 15 17.5913498679
633 15 17.5913498679
634 15 17.5913498679
635 15 17.5913498679
636 15 17.5913498679
637 15 17.5913498679
638 15 17.5913498679
639 15 17.5913498679
640 15 17.5913498679
641 16 23.0262093923
642 16 23.0262093923
643 16 23.0262093923
644 16 23.0262093923
645 16 23.0262093923
646 16 23.0262093923
647 16 23.0262093923
648 16 23.0262093923
649 16 23.0262093923
650 16 23.0262093923
651 16 23.0262093923
652 16 23.0262093923
653 16 23.0262093923
654 16 23.0262093923
655 16 23.0262093923
656 16 23.0262093923
657 16 23.0262093923
658 16 23.0262093923
659 16 23.0262093923
660 16 23.0262093923
661 16 23.0262093923
662 16 23.0262093923
663 16 23.0262093923
664 16 23.0262093923
665 16 23.0262093923
666 16 23.0262093923
667 16 23.0262093923
668 16 23.0262093923
669 16 23.0262093923
670 16 23.0262093923
671 16 23.0262093923
672 16 23.0262093923
673 16 23.0262093923
674 16 23.0262093923
675 16 23.0262093923
676 16 23.0262093923
677 16 23.0262093923
678 16 23.0262093923
679 16 23.0262093923
680 16 23.0262093923
681 17 24.4291409121
682 17 24.4291409121
683 17 24.4291409121
684 17 24.4291409121
685 17 24.4291409121
686 17 24.4291409121
687 17 24.4291409121
688 17 24.4291409121
689 17 24.4291409121
690 17 24.4291409121
691 17 24.4291409121
692 17 24.4291409121
693 17 24.4291409121
694 17 24.4291409121
695 17 24.4291409121
696 17 24.4291409121
697 17 24.4291409121
698 17 24.4291409121
699 17 24.4291409121
700 17 24.4291409121
701 17 24.4291409121
702 17 24.4291409121
703 17 24.4291409121
704 17 24.4291409121
705 17 24.4291409121
706 17 24.4291409121
707 17 24.4291409121
708 17 24.4291409121
709 17 24.4291409121
710 17 24.4291409121
711 17 24.4291409121
712 17 24.4291409121
713 17 24.4291409121
714 17 24.4291409121
715 17 24.4291409121
716 17 24.4291409121
717 17 24.4291409121
718 17 24.4291409121
719 17 24.4291409121
720 17 24.4291409121
721 18 26.690424241
722 18 26.690424241
723 18 26.690424241
724 18 26.690424241
725 18 26.690424241
726 18 26.690424241
727 18 26.690424241
728 18 26.690424241
729 18 26.690424241
730 18 26.690424241
731 18 26.690424241
732 18 26.690424241
733 18 26.690424241
734 18 26.690424241
735 18 26.690424241
736 18 26.690424241
737 18 26.690424241
738 18 26.690424241
739 18 26.690424241
740 18 26.690424241
741 18 26.690424241
742 18 26.690424241
743 18 26.690424241
744 18 26.690424241
745 18 26.690424241
746 18 26.690424241
747 18 26.690424241
748 18 26.690424241
749 18 26.690424241
750 18 26.690424241
751 18 26.690424241
752 18 26.690424241
753 18 26.690424241
754 18 26.690424241
755 18 26.690424241
756 18 26.690424241
757 18 26.690424241
758 18 26.690424241
759 18 26.690424241
760 18 26.690424241
761 19 17.425482398
762 19 17.425482398
763 19 17.425482398
764 19 17.425482398
765 19 17.425482398
766 19 17.425482398
767 19 17.425482398
768 19 17.425482398
769 19 17.425482398
770 19 17.425482398
771 19 17.425482398
772 19 17.425482398
773 19 17.425482398
774 19 17.425482398
775 19 17.425482398
776 19 17.425482398
777 19 17.425482398
778 19 17.425482398
779 19 17.425482398
780 19 17.425482398
781 19 17.425482398
782 19 17.425482398
783 19 17.425482398
784 19 17.425482398
785 19 17.425482398
786 19 17.425482398
787 19 17.425482398
788 19 17.425482398
789 19 17.425482398
790 19 17.425482398
791 19 17.425482398
792 19 17.425482398
793 19 17.425482398
794 19 17.425482398
795 19 17.425482398
796 19 17.425482398
797 19 17.425482398
798 19 17.425482398
799 19 17.425482398
800 19 17.425482398
801 20 17.2230604035
802 20 17.2230604035
803 20 17.2230604035
804 20 17.2230604035
805 20 17.2230604035
806 20 17.2230604035
807 20 17.2230604035
808 20 17.2230604035
809 20 17.2230604035
810 20 17.2230604035
811 20 17.2230604035
812 20 17.2230604035
813 20 17.2230604035
814 20 17.2230604035
815 20 17.2230604035
816 20 17.2230604035
817 20 17.2230604035
818 20 17.2230604035
819 20 17.2230604035
820 20 17.2230604035
821 20 17.2230604035
822 20 17.2230604035
823 20 17.2230604035
824 20 17.2230604035
825 20 17.2230604035
826 20 17.2230604035
827 20 17.2230604035
828 20 17.2230604035
829 20 17.2230604035
830 20 17.2230604035
831 20 17.2230604035
832 20 17.2230604035
833 20 17.2230604035
834 20 17.2230604035
835 20 17.2230604035
836 20 17.2230604035
837 20 17.2230604035
838 20 17.2230604035
839 20 17.2230604035
840 20 17.2230604035
841 21 6.9548807444
842 21 6.9548807444
843 21 6.9548807444
844 21 6.9548807444
845 21 6.9548807444
846 21 6.9548807444
847 21 6.9548807444
848 21 6.9548807444
849 21 6.9548807444
850 21 6.9548807444
851 21 6.9548807444
852 21 6.9548807444
853 21 6.9548807444
854 21 6.9548807444
855 21 6.9548807444
856 21 6.9548807444
857 21 6.9548807444
858 21 6.9548807444
859 21 6.9548807444
860 21 6.9548807444
861 21 6.9548807444
862 21 6.9548807444
863 21 6.9548807444
864 21 6.9548807444
865 21 6.9548807444
866 21 6.9548807444
867 21 6.9548807444
868 21 6.9548807444
869 21 6.9548807444
870 21 6.9548807444
871 21 6.9548807444
872 21 6.9548807444
873 21 6.9548807444
874 21 6.9548807444
875 21 6.9548807444
876 21 6.9548807444
877 21 6.9548807444
878 21 6.9548807444
879 21 6.9548807444
880 21 6.9548807444
881 22 10.9839688014
882 22 10.9839688014
883 22 10.9839688014
884 22 10.9839688014
885 22 10.9839688014
886 22 10.9839688014
887 22 10.9839688014
888 22 10.9839688014
889 22 10.9839688014
890 22 10.9839688014
891 22 10.9839688014
892 22 10.9839688014
893 22 10.9839688014
894 22 10.9839688014
895 22 10.9839688014
896 22 10.9839688014
897 22 10.9839688014
898 22 10.9839688014
899 22 10.9839688014
900 22 10.9839688014
901 22 10.9839688014
902 22 10.9839688014
903 22 10.9839688014
904 22 10.9839688014
905 22 10.9839688014
906 22 10.9839688014
907 22 10.9839688014
908 22 10.9839688014
909 22 10.9839688014
910 22 10.9839688014
911 22 10.9839688014
912 22 10.9839688014
913 22 10.9839688014
914 22 10.9839688014
915 22 10.9839688014
916 22 10.9839688014
917 22 10.9839688014
918 22 10.9839688014
919 22 10.9839688014
920 22 10.9839688014
921 23 11.609040703
922 23 11.609040703
923 23 11.609040703
924 23 11.609040703
925 23 11.609040703
926 23 11.609040703
927 23 11.609040703
928 23 11.609040703
929 23 11.609040703
930 23 11.609040703
931 23 11.609040703
932 23 11.609040703
933 23 11.609040703
934 23 11.609040703
935 23 11.609040703
936 23 11.609040703
937 23 11.609040703
938 23 11.609040703
939 23 11.609040703
940 23 11.609040703
941 23 11.609040703
942 23 11.609040703
943 23 11.609040703
944 23 11.609040703
945 23 11.609040703
946 23 11.609040703
947 23 11.609040703
948 23 11.609040703
949 23 11.609040703
950 23 11.609040703
951 23 11.609040703
952 23 11.609040703
953 23 11.609040703
954 23 11.609040703
955 23 11.609040703
956 23 11.609040703
957 23 11.609040703
958 23 11.609040703
959 23 11.609040703
960 23 11.609040703
961 24 19.5203788593
962 24 19.5203788593
963 24 19.5203788593
964 24 19.5203788593
965 24 19.5203788593
966 24 19.5203788593
967 24 19.5203788593
968 24 19.5203788593
969 24 19.5203788593
970 24 19.5203788593
971 24 19.5203788593
972 24 19.5203788593
973 24 19.5203788593
974 24 19.5203788593
975 24 19.5203788593
976 24 19.5203788593
977 24 19.5203788593
978 24 19.5203788593
979 24 19.5203788593
980 24 19.5203788593
981 24 19.5203788593
982 24 19.5203788593
983 24 19.5203788593
984 24 19.5203788593
985 24 19.5203788593
986 24 19.5203788593
987 24 19.5203788593
988 24 19.5203788593
989 24 19.5203788593
990 24 19.5203788593
991 24 19.5203788593
992 24 19.5203788593
993 24 19.5203788593
994 24 19.5203788593
995 24 19.5203788593
996 24 19.5203788593
997 24 19.5203788593
998 24 19.5203788593
999 24 19.5203788593
1000 24 19.5203788593
1001 25 21.3491389806
1002 25 21.3491389806
1003 25 21.3491389806
1004 25 21.3491389806
1005 25 21.3491389806
1006 25 21.3491389806
1007 25 21.3491389806
1008 25 21.3491389806
1009 25 21.3491389806
1010 25 21.3491389806
1011 25 21.3491389806
1012 25 21.3491389806
1013 25 21.3491389806
1014 25 21.3491389806
1015 25 21.3491389806
1016 25 21.3491389806
1017 25 21.3491389806
1018 25 21.3491389806
1019 25 21.3491389806
1020 25 21.3491389806
1021 25 21.3491389806
1022 25 21.3491389806
1023 25 21.3491389806
1024 25 21.3491389806
1025 25 21.3491389806
1026 25 21.3491389806
1027 25 21.3491389806
1028 25 21.3491389806
1029 25 21.3491389806
1030 25 21.3491389806
1031 25 21.3491389806
1032 25 21.3491389806
1033 25 21.3491389806
1034 25 21.3491389806
1035 25 21.3491389806
1036 25 21.3491389806
1037 25 21.3491389806
1038 25 21.3491389806
1039 25 21.3491389806
1040 25 21.3491389806
1041 26 23.8906950192
1042 26 23.8906950192
1043 26 23.8906950192
1044 26 23.8906950192
1045 26 23.8906950192
1046 26 23.8906950192
1047 26 23.8906950192
1048 26 23.8906950192
1049 26 23.8906950192
1050 26 23.8906950192
1051 26 23.8906950192
1052 26 23.8906950192
1053 26 23.8906950192
1054 26 23.8906950192
1055 26 23.8906950192
1056 26 23.8906950192
1057 26 23.8906950192
1058 26 23.8906950192
1059 26 23.8906950192
1060 26 23.8906950192
1061 26 23.8906950192
1062 26 23.8906950192
1063 26 23.8906950192
1064 26 23.8906950192
1065 26 23.8906950192
1066 26 23.8906950192
1067 26 23.8906950192
1068 26 23.8906950192
1069 26 23.8906950192
1070 26 23.8906950192
1071 26 23.8906950192
1072 26 23.8906950192
1073 26 23.8906950192
1074 26 23.8906950192
1075 26 23.8906950192
1076 26 23.8906950192
1077 26 23.8906950192
1078 26 23.8906950192
1079 26 23.8906950192
1080 26 23.8906950192
1081 27 26.0365086963
1082 27 26.0365086963
1083 27 26.0365086963
1084 27 26.0365086963
1085 27 26.0365086963
1086 27 26.0365086963
1087 27 26.0365086963
1088 27 26.0365086963
1089 27 26.0365086963
1090 27 26.0365086963
1091 27 26.0365086963
1092 27 26.0365086963
1093 27 26.0365086963
1094 27 26.0365086963
1095 27 26.0365086963
1096 27 26.0365086963
1097 27 26.0365086963
1098 27 26.0365086963
1099 27 26.0365086963
1100 27 26.0365086963
1101 27 26.0365086963
1102 27 26.0365086963
1103 27 26.0365086963
1104 27 26.0365086963
1105 27 26.0365086963
1106 27 26.0365086963
1107 27 26.0365086963
1108 27 26.0365086963
1109 27 26.0365086963
1110 27 26.0365086963
1111 27 26.0365086963
1112 27 26.0365086963
1113 27 26.0365086963
1114 27 26.0365086963
1115 27 26.0365086963
1116 27 26.0365086963
1117 27 26.0365086963
1118 27 26.0365086963
1119 27 26.0365086963
1120 27 26.0365086963
1121 28 30.8187439695
1122 28 30.8187439695
1123 28 30.8187439695
1124 28 30.8187439695
1125 28 30.8187439695
1126 28 30.8187439695
1127 28 30.8187439695
1128 28 30.8187439695
1129 28 30.8187439695
1130 28 30.8187439695
1131 28 30.8187439695
1132 28 30.8187439695
1133 28 30.8187439695
1134 28 30.8187439695
1135 28 30.8187439695
1136 28 30.8187439695
1137 28 30.8187439695
1138 28 30.8187439695
1139 28 30.8187439695
1140 28 30.8187439695
1141 28 30.8187439695
1142 28 30.8187439695
1143 28 30.8187439695
1144 28 30.8187439695
1145 28 30.8187439695
1146 28 30.8187439695
