1 0 18.9260418393
2 0 18.9260418393
3 0 18.9260418393
4 0 18.9260418393
5 0 18.9260418393
6 0 18.9260418393
7 0 18.9260418393
8 0 18.9260418393
9 0 18.9260418393
10 0 18.9260418393
11 0 18.9260418393
12 0 18.9260418393
13 0 18.9260418393
14 0 18.9260418393
15 0 18.9260418393
16 0 18.9260418393
17 0 18.9260418393
18 0 18.9260418393
19 0 18.9260418393
20 0 18.9260418393
21 1 12.4620816053
22 1 12.4620816053
23 1 12.4620816053
24 1 12.4620816053
25 1 12.4620816053
26 1 12.4620816053
27 1 12.4620816053
28 1 12.4620816053
29 1 12.4620816053
30 1 12.4620816053
31 1 12.4620816053
32 1 12.4620816053
33 1 12.4620816053
34 1 12.4620816053
35 1 12.4620816053
36 1 12.4620816053
37 1 12.4620816053
38 1 12.4620816053
39 1 12.4620816053
40 1 12.4620816053
41 2 10.79306547
42 2 10.79306547
43 2 10.79306547
44 2 10.79306547
45 2 10.79306547
46 2 10.79306547
47 2 10.79306547
48 2 10.79306547
49 2 10.79306547
50 2 10.79306547
51 2 10.79306547
52 2 10.79306547
53 2 10.79306547
54 2 10.79306547
55 2 10.79306547
56 2 10.79306547
57 2 10.79306547
58 2 10.79306547
59 2 10.79306547
60 2 10.79306547
61 3 15.1939210813
62 3 15.1939210813
63 3 15.1939210813
64 3 15.1939210813
65 4 7.71995176737
66 5 8.3577656648
67 6 8.61648805143
68 7 7.78890211604
69 8 7.62967243959
70 9 8.31420327818
71 10 8.32952210002
72 11 7.64753652612
73 12 7.85910660863
74 13 8.39341612296
75 14 8.15952798648
76 15 7.74589968774
77 16 8.06368266846
78 17 8.34395098889
79 18 8.05388749812
80 19 7.87932548706
81 20 8.60198025368
82 21 9.35501942541
83 25 9.1352383397
84 26 9.74510949565
85 27 10.175392253
86 28 9.73568464684
87 29 8.85259431334
88 30 8.76796364334
89 31 9.05606047542
90 32 8.57481302892
91 33 7.83236020314
92 34 8.02867321992
93 35 7.93278623359
94 36 7.45545711774
95 37 7.50650697951
96 38 7.54712573068
97 39 7.43681019092
98 40 7.47423830604
99 41 7.60008427572
100 42 7.24688731126
101 43 7.34798311118
102 44 7.76235649916
103 45 7.39700296941
104 46 7.19272166623
105 47 7.89182567807
106 48 8.05368819194
107 49 7.51859878379
108 50 8.08973310867
109 51 8.66396654
110 52 9.67027832367
111 53 10.402696994
112 54 11.3016075662
113 55 11.1620396653
114 56 10.7240662112
115 57 9.58435671294
116 58 10.1015124461
117 59 11.1857662103
118 60 12.2764465793
119 61 12.9855981002
120 62 14.2202705402
121 63 13.2442260951
122 64 12.5263190571
123 65 13.994333044
124 66 14.2605104789
125 67 12.9447153726
126 68 13.46839416
127 69 14.9155214649
128 70 14.2264445304
129 71 13.3924942486
130 72 14.7417582532
131 73 15.461544155
132 74 14.2835019832
133 75 14.4855439417
134 76 16.0459315922
135 77 15.6371342769
136 78 14.528068738
137 79 15.6339336061
138 80 16.6898051621
139 81 15.6605063653
140 82 15.5636706047
141 83 17.1201725276
142 84 17.1553134054
143 85 16.1161473163
144 86 16.985041218
145 87 18.2815580837
146 88 17.7748890529
147 89 17.2876383045
148 90 18.6454265305
149 91 19.3313696336
