1 0 9.14145229953
2 0 9.14145229953
3 0 9.14145229953
4 0 9.14145229953
5 0 9.14145229953
6 0 9.14145229953
7 0 9.14145229953
8 0 9.14145229953
9 0 9.14145229953
10 0 9.14145229953
11 0 9.14145229953
12 0 9.14145229953
13 0 9.14145229953
14 0 9.14145229953
15 0 9.14145229953
16 0 9.14145229953
17 0 9.14145229953
18 0 9.14145229953
19 0 9.14145229953
20 0 9.14145229953
21 1 15.1985262098
22 1 15.1985262098
23 1 15.1985262098
24 1 15.1985262098
25 1 15.1985262098
26 1 15.1985262098
27 1 15.1985262098
28 1 15.1985262098
29 1 15.1985262098
30 1 15.1985262098
31 1 15.1985262098
32 1 15.1985262098
33 1 15.1985262098
34 1 15.1985262098
35 1 15.1985262098
36 1 15.1985262098
37 1 15.1985262098
38 1 15.1985262098
39 1 15.1985262098
40 1 15.1985262098
41 2 14.8309050085
42 2 14.8309050085
43 2 14.8309050085
44 2 14.8309050085
45 2 14.8309050085
46 2 14.8309050085
47 2 14.8309050085
48 2 14.8309050085
49 2 14.8309050085
50 2 14.8309050085
51 2 14.8309050085
52 2 14.8309050085
53 2 14.8309050085
54 2 14.8309050085
55 2 14.8309050085
56 2 14.8309050085
57 2 14.8309050085
58 2 14.8309050085
59 2 14.8309050085
60 2 14.8309050085
61 3 10.0252808381
62 3 10.0252808381
63 3 10.0252808381
64 3 10.0252808381
65 3 10.0252808381
66 3 10.0252808381
67 3 10.0252808381
68 3 10.0252808381
69 3 10.0252808381
70 3 10.0252808381
71 3 10.0252808381
72 3 10.0252808381
73 3 10.0252808381
74 3 10.0252808381
75 3 10.0252808381
76 3 10.0252808381
77 3 10.0252808381
78 3 10.0252808381
79 3 10.0252808381
80 3 10.0252808381
81 4 14.8265708652
82 4 14.8265708652
83 4 14.8265708652
84 4 14.8265708652
85 4 14.8265708652
86 4 14.8265708652
87 4 14.8265708652
88 4 14.8265708652
89 4 14.8265708652
90 4 14.8265708652
91 4 14.8265708652
92 4 14.8265708652
93 4 14.8265708652
94 4 14.8265708652
95 4 14.8265708652
96 4 14.8265708652
97 4 14.8265708652
98 4 14.8265708652
99 4 14.8265708652
100 4 14.8265708652
101 5 9.52519532552
102 5 9.52519532552
103 5 9.52519532552
104 5 9.52519532552
105 5 9.52519532552
106 5 9.52519532552
107 5 9.52519532552
108 5 9.52519532552
109 5 9.52519532552
110 5 9.52519532552
111 5 9.52519532552
112 5 9.52519532552
113 5 9.52519532552
114 5 9.52519532552
115 5 9.52519532552
116 5 9.52519532552
117 5 9.52519532552
118 5 9.52519532552
119 5 9.52519532552
120 5 9.52519532552
121 6 14.9158874035
122 6 14.9158874035
123 6 14.9158874035
124 6 14.9158874035
125 6 14.9158874035
126 6 14.9158874035
127 6 14.9158874035
128 6 14.9158874035
129 6 14.9158874035
130 6 14.9158874035
131 6 14.9158874035
132 6 14.9158874035
133 6 14.9158874035
134 6 14.9158874035
135 6 14.9158874035
136 6 14.9158874035
137 6 14.9158874035
138 6 14.9158874035
139 6 14.9158874035
140 6 14.9158874035
141 7 8.60411962278
142 7 8.60411962278
143 7 8.60411962278
144 7 8.60411962278
145 7 8.60411962278
146 7 8.60411962278
147 7 8.60411962278
148 7 8.60411962278
149 7 8.60411962278
150 7 8.60411962278
151 7 8.60411962278
152 7 8.60411962278
153 7 8.60411962278
154 7 8.60411962278
155 7 8.60411962278
156 7 8.60411962278
157 7 8.60411962278
158 7 8.60411962278
159 7 8.60411962278
160 7 8.60411962278
161 8 17.0591276615
162 8 17.0591276615
163 8 17.0591276615
164 8 17.0591276615
165 8 17.0591276615
166 8 17.0591276615
167 8 17.0591276615
168 8 17.0591276615
169 8 17.0591276615
170 8 17.0591276615
171 8 17.0591276615
172 8 17.0591276615
173 8 17.0591276615
174 8 17.0591276615
175 8 17.0591276615
176 8 17.0591276615
177 8 17.0591276615
178 8 17.0591276615
179 8 17.0591276615
180 8 17.0591276615
181 9 18.0778159485
182 9 18.0778159485
183 9 18.0778159485
184 9 18.0778159485
185 9 18.0778159485
186 9 18.0778159485
187 9 18.0778159485
188 9 18.0778159485
189 9 18.0778159485
190 9 18.0778159485
191 9 18.0778159485
192 9 18.0778159485
193 9 18.0778159485
194 9 18.0778159485
195 9 18.0778159485
196 9 18.0778159485
197 9 18.0778159485
198 9 18.0778159485
199 9 18.0778159485
200 9 18.0778159485
201 10 23.3319761774
202 10 23.3319761774
203 10 23.3319761774
204 10 23.3319761774
205 10 23.3319761774
206 10 23.3319761774
207 10 23.3319761774
208 10 23.3319761774
209 10 23.3319761774
210 10 23.3319761774
211 10 23.3319761774
212 10 23.3319761774
213 10 23.3319761774
214 10 23.3319761774
215 10 23.3319761774
216 10 23.3319761774
217 10 23.3319761774
218 10 23.3319761774
219 10 23.3319761774
220 10 23.3319761774
221 11 20.3616369639
222 11 20.3616369639
223 11 20.3616369639
224 11 20.3616369639
225 11 20.3616369639
226 11 20.3616369639
227 11 20.3616369639
228 11 20.3616369639
229 11 20.3616369639
230 11 20.3616369639
231 11 20.3616369639
232 11 20.3616369639
233 11 20.3616369639
234 11 20.3616369639
235 11 20.3616369639
236 11 20.3616369639
237 11 20.3616369639
238 11 20.3616369639
239 11 20.3616369639
240 11 20.3616369639
241 12 20.9277431523
242 12 20.9277431523
243 12 20.9277431523
244 12 20.9277431523
245 12 20.9277431523
246 12 20.9277431523
247 12 20.9277431523
248 12 20.9277431523
249 12 20.9277431523
250 12 20.9277431523
251 12 20.9277431523
252 12 20.9277431523
253 12 20.9277431523
254 12 20.9277431523
255 12 20.9277431523
256 12 20.9277431523
257 12 20.9277431523
258 12 20.9277431523
259 12 20.9277431523
260 12 20.9277431523
261 13 18.7709324782
262 13 18.7709324782
263 13 18.7709324782
264 13 18.7709324782
265 13 18.7709324782
266 13 18.7709324782
267 13 18.7709324782
268 13 18.7709324782
269 13 18.7709324782
270 13 18.7709324782
271 13 18.7709324782
272 13 18.7709324782
273 13 18.7709324782
274 13 18.7709324782
275 13 18.7709324782
276 13 18.7709324782
277 13 18.7709324782
278 13 18.7709324782
279 13 18.7709324782
280 13 18.7709324782
281 14 17.6232675107
282 14 17.6232675107
283 14 17.6232675107
284 14 17.6232675107
285 14 17.6232675107
286 14 17.6232675107
287 14 17.6232675107
288 14 17.6232675107
289 14 17.6232675107
290 14 17.6232675107
291 14 17.6232675107
292 14 17.6232675107
293 14 17.6232675107
294 14 17.6232675107
295 14 17.6232675107
296 14 17.6232675107
297 14 17.6232675107
298 14 17.6232675107
299 14 17.6232675107
300 14 17.6232675107
301 15 23.5215213273
302 15 23.5215213273
303 15 23.5215213273
304 15 23.5215213273
305 15 23.5215213273
306 15 23.5215213273
307 15 23.5215213273
308 15 23.5215213273
309 15 23.5215213273
310 15 23.5215213273
311 15 23.5215213273
312 15 23.5215213273
313 15 23.5215213273
314 15 23.5215213273
315 15 23.5215213273
316 15 23.5215213273
317 15 23.5215213273
318 15 23.5215213273
319 15 23.5215213273
320 15 23.5215213273
321 16 21.2502929207
322 16 21.2502929207
323 16 21.2502929207
324 16 21.2502929207
325 16 21.2502929207
326 16 21.2502929207
327 16 21.2502929207
328 16 21.2502929207
329 16 21.2502929207
330 16 21.2502929207
331 16 21.2502929207
332 16 21.2502929207
333 16 21.2502929207
334 16 21.2502929207
335 16 21.2502929207
336 16 21.2502929207
337 16 21.2502929207
338 16 21.2502929207
339 16 21.2502929207
340 16 21.2502929207
341 17 21.7237397008
342 17 21.7237397008
343 17 21.7237397008
344 17 21.7237397008
345 17 21.7237397008
346 17 21.7237397008
347 17 21.7237397008
348 17 21.7237397008
349 17 21.7237397008
350 17 21.7237397008
351 17 21.7237397008
352 17 21.7237397008
353 17 21.7237397008
354 17 21.7237397008
355 17 21.7237397008
356 17 21.7237397008
357 17 21.7237397008
358 17 21.7237397008
359 17 21.7237397008
360 17 21.7237397008
361 18 23.962172708
362 18 23.962172708
363 18 23.962172708
364 18 23.962172708
365 18 23.962172708
366 18 23.962172708
367 18 23.962172708
368 18 23.962172708
369 18 23.962172708
370 18 23.962172708
371 18 23.962172708
372 18 23.962172708
373 18 23.962172708
374 18 23.962172708
375 18 23.962172708
376 18 23.962172708
377 18 23.962172708
378 18 23.962172708
379 18 23.962172708
380 18 23.962172708
381 19 28.7507198879
382 19 28.7507198879
383 19 28.7507198879
384 19 28.7507198879
385 19 28.7507198879
386 19 28.7507198879
387 19 28.7507198879
388 19 28.7507198879
389 19 28.7507198879
390 19 28.7507198879
391 19 28.7507198879
392 19 28.7507198879
393 19 28.7507198879
394 19 28.7507198879
395 19 28.7507198879
396 19 28.7507198879
397 19 28.7507198879
398 19 28.7507198879
399 19 28.7507198879
400 19 28.7507198879
401 20 22.8268955439
402 20 22.8268955439
403 20 22.8268955439
404 20 22.8268955439
405 20 22.8268955439
406 20 22.8268955439
407 20 22.8268955439
408 20 22.8268955439
409 20 22.8268955439
410 20 22.8268955439
411 20 22.8268955439
412 20 22.8268955439
413 20 22.8268955439
414 20 22.8268955439
415 20 22.8268955439
416 20 22.8268955439
417 20 22.8268955439
418 20 22.8268955439
419 20 22.8268955439
420 20 22.8268955439
421 21 18.2266136901
422 21 18.2266136901
423 21 18.2266136901
424 21 18.2266136901
425 21 18.2266136901
426 21 18.2266136901
427 21 18.2266136901
428 21 18.2266136901
429 21 18.2266136901
430 21 18.2266136901
431 21 18.2266136901
432 21 18.2266136901
433 21 18.2266136901
434 21 18.2266136901
435 21 18.2266136901
436 21 18.2266136901
437 21 18.2266136901
438 21 18.2266136901
439 21 18.2266136901
440 21 18.2266136901
441 22 24.5395603952
442 22 24.5395603952
443 22 24.5395603952
444 22 24.5395603952
445 22 24.5395603952
446 22 24.5395603952
447 22 24.5395603952
448 22 24.5395603952
449 22 24.5395603952
450 22 24.5395603952
451 22 24.5395603952
452 22 24.5395603952
453 22 24.5395603952
454 22 24.5395603952
455 22 24.5395603952
456 22 24.5395603952
457 22 24.5395603952
458 22 24.5395603952
459 22 24.5395603952
460 22 24.5395603952
461 23 31.0502415758
462 23 31.0502415758
463 23 31.0502415758
464 23 31.0502415758
465 23 31.0502415758
466 23 31.0502415758
467 23 31.0502415758
468 23 31.0502415758
469 23 31.0502415758
470 23 31.0502415758
471 23 31.0502415758
472 23 31.0502415758
473 23 31.0502415758
474 23 31.0502415758
475 23 31.0502415758
476 23 31.0502415758
477 23 31.0502415758
478 23 31.0502415758
479 23 31.0502415758
480 23 31.0502415758
481 24 32.6384906054
482 24 32.6384906054
483 24 32.6384906054
484 24 32.6384906054
485 24 32.6384906054
486 24 32.6384906054
487 24 32.6384906054
488 24 32.6384906054
489 24 32.6384906054
490 24 32.6384906054
491 24 32.6384906054
492 24 32.6384906054
493 24 32.6384906054
494 24 32.6384906054
495 24 32.6384906054
496 24 32.6384906054
497 24 32.6384906054
498 24 32.6384906054
499 24 32.6384906054
500 24 32.6384906054
501 25 30.4214251116
502 25 30.4214251116
503 25 30.4214251116
504 25 30.4214251116
505 25 30.4214251116
506 25 30.4214251116
507 25 30.4214251116
508 25 30.4214251116
509 25 30.4214251116
510 25 30.4214251116
511 25 30.4214251116
512 25 30.4214251116
513 25 30.4214251116
514 25 30.4214251116
515 25 30.4214251116
516 25 30.4214251116
517 25 30.4214251116
518 25 30.4214251116
519 25 30.4214251116
520 25 30.4214251116
521 26 34.8574918219
522 26 34.8574918219
523 26 34.8574918219
524 26 34.8574918219
525 26 34.8574918219
526 26 34.8574918219
527 26 34.8574918219
528 26 34.8574918219
529 26 34.8574918219
530 26 34.8574918219
531 26 34.8574918219
532 26 34.8574918219
533 26 34.8574918219
534 26 34.8574918219
535 26 34.8574918219
536 26 34.8574918219
537 26 34.8574918219
538 26 34.8574918219
539 26 34.8574918219
540 26 34.8574918219
541 27 40.8415909752
542 27 40.8415909752
543 27 40.8415909752
544 27 40.8415909752
545 27 40.8415909752
546 27 40.8415909752
547 27 40.8415909752
548 27 40.8415909752
549 27 40.8415909752
550 27 40.8415909752
551 27 40.8415909752
552 27 40.8415909752
553 27 40.8415909752
554 27 40.8415909752
555 27 40.8415909752
556 27 40.8415909752
557 27 40.8415909752
558 27 40.8415909752
559 27 40.8415909752
560 27 40.8415909752
561 28 41.4053101431
562 28 41.4053101431
563 28 41.4053101431
564 28 41.4053101431
565 28 41.4053101431
566 28 41.4053101431
