1 0 21.9281036516
2 0 21.9281036516
3 0 21.9281036516
4 0 21.9281036516
5 0 21.9281036516
6 0 21.9281036516
7 0 21.9281036516
8 0 21.9281036516
9 0 21.9281036516
10 0 21.9281036516
11 0 21.9281036516
12 0 21.9281036516
13 0 21.9281036516
14 0 21.9281036516
15 0 21.9281036516
16 0 21.9281036516
17 0 21.9281036516
18 0 21.9281036516
19 1 27.6048830867
20 2 25.7031702706
21 3 25.0055327121
22 4 24.3322905043
23 5 22.5551007652
24 6 22.9663082037
25 7 23.7575425632
26 8 22.3667206355
27 9 20.9799425303
28 10 21.7452276777
29 11 21.968167058
30 12 20.2620337075
31 13 19.4248597816
32 14 20.5033734799
33 15 19.6624476755
34 16 18.1705370652
35 17 19.1878476174
36 18 18.856600799
37 19 20.4882927297
38 20 21.4643464459
39 21 20.6439588267
40 22 20.8512989606
41 23 22.4925250066
42 24 22.5120511361
43 25 21.3426161021
44 26 22.270478244
45 27 23.7785707439
46 28 24.7163720711
47 29 25.8716999931
48 30 24.7134840845
49 31 23.6054111371
50 32 25.0968148588
51 33 25.2490640302
52 34 23.7178049642
53 35 24.4348620628
54 36 23.4446678734
55 37 21.8537483936
56 38 21.8967913444
57 39 22.3302233436
58 40 20.9169349387
59 41 19.4836408564
60 42 20.1385160051
61 43 19.9184640822
62 44 17.8991599978
63 45 18.0150361531
64 46 17.7543442549
65 47 15.7525173967
66 48 15.1156640252
67 49 15.3913105471
68 50 16.5531698031
69 51 17.590473185
70 52 16.3393072526
71 53 16.6112849599
72 54 18.1961976864
73 55 17.5177446149
74 56 17.4300268366
75 57 17.0127510526
76 58 15.5164460674
77 59 15.7762383793
78 60 17.3204801545
79 61 16.2688507513
80 62 15.1987205264
81 63 16.9167673325
82 64 17.8720364932
83 65 16.2008483105
84 66 16.2999523413
85 67 18.3041760671
86 68 18.2285938479
87 69 16.8926195573
88 70 17.6214903974
89 71 19.1439361391
90 72 18.6422239499
91 73 18.5247296884
92 74 19.3768725253
93 75 20.7048302569
94 76 22.1141671175
95 77 23.1975127273
96 78 24.9622818912
97 79 25.4188768162
98 80 24.1659968495
99 81 22.9730763298
100 82 21.4089387824
101 83 21.0387438957
102 84 19.6025832051
103 85 19.9865822662
104 86 21.2010927114
105 87 20.784682618
106 88 20.4178063326
107 89 21.4858344713
108 90 22.1683470473
109 91 23.6902296237
110 92 24.7639195676
111 93 26.9967829051
112 93 26.9967829051
113 93 26.9967829051
114 93 26.9967829051
115 93 26.9967829051
116 93 26.9967829051
117 93 26.9967829051
118 93 26.9967829051
119 93 26.9967829051
120 93 26.9967829051
121 93 26.9967829051
122 93 26.9967829051
123 93 26.9967829051
124 93 26.9967829051
125 93 26.9967829051
126 93 26.9967829051
127 93 26.9967829051
