1 0 6.24758482958
2 1 7.06681109341
3 2 7.38681843323
4 3 6.93045947824
5 4 6.83340056059
6 5 7.86346578646
7 6 8.37006813743
8 7 7.64515901363
9 8 8.20818393366
10 9 9.61701446803
11 10 9.56977378356
12 11 8.89342804534
13 12 10.0641186194
14 13 11.2316142119
15 14 10.4913736377
16 15 10.2823429987
17 16 11.9565151952
18 17 12.1667425329
19 18 11.1619130912
20 19 12.2575554333
21 20 13.6984823192
22 21 12.9888651017
23 22 12.3279669642
24 23 14.0753149653
25 24 14.9167941879
26 25 13.8823024233
27 26 13.7358639897
28 27 15.7150698986
29 28 16.2498702111
30 29 15.1187593333
31 30 14.0530801125
32 31 12.7103053489
33 32 13.9266402802
34 33 14.1085744653
35 34 12.905272857
36 35 13.5314444384
37 36 14.3777553405
38 37 15.2206294747
39 38 14.3654999061
40 39 14.7040028659
41 40 15.3899428529
42 41 16.6682698719
43 42 16.2418655854
44 43 16.7835680843
45 44 16.6955931709
46 45 16.7737938709
47 46 17.6983112835
48 47 17.6635070694
49 48 19.2925186301
50 49 18.969824223
51 50 19.0955271351
52 51 17.7310409636
53 52 18.2327626157
54 53 18.1917094544
55 54 16.5898657937
56 55 16.0210416291
57 56 16.7303664921
58 57 15.9525017215
59 58 14.4298500064
60 59 14.5029568085
61 60 14.9111287407
62 61 13.6947943178
63 62 12.5853865575
64 63 13.2304473837
65 64 12.7255697343
66 65 11.335959615
67 66 11.3366422652
68 67 11.6702983164
69 68 10.6613344725
70 69 9.62436771046
71 70 10.0349769875
72 71 9.83929658096
73 72 8.45779018533
74 73 7.94008357258
75 74 8.41206280957
76 75 7.52573117299
77 76 6.54419902823
78 77 6.91468484
79 78 6.79167346413
80 79 6.05604786912
81 80 5.95029249134
82 81 6.29841740222
83 82 6.23140387423
84 83 6.86000670246
85 84 7.14088007324
86 85 7.99977385907
87 86 8.4853671412
88 87 9.50703081754
89 88 8.50725934385
90 89 7.80699868453
91 90 8.836189022
92 91 9.03734426504
93 92 7.90241247002
94 93 8.1741810101
95 94 9.10477341251
96 95 8.68313988615
97 96 8.02504659656
98 97 8.65850787171
99 98 9.15317418606
100 99 8.49656083136
101 100 8.46146629018
102 101 9.11921203511
103 102 9.08625189055
104 103 8.48292105025
105 104 8.92805242052
106 105 9.31358067621
107 106 8.94780301967
108 107 9.08913312891
109 108 9.69677889623
110 109 9.53351214434
111 110 9.25391011822
112 111 10.5531449599
113 112 10.53184296
114 113 10.1802276795
115 114 10.9258401863
116 115 12.3229815077
117 116 11.6705474883
118 117 11.697534483
119 118 13.4526305528
120 119 14.1041443912
121 120 13.3628021408
122 121 14.2922520411
123 122 15.8653349903
124 123 15.9081847034
125 124 15.7897881819
126 125 17.1957745395
127 126 18.0389131061
128 127 18.0286295095
129 128 11.9756403759
130 128 11.9756403759
131 128 11.9756403759
132 128 11.9756403759
133 128 11.9756403759
134 128 11.9756403759
135 128 11.9756403759
136 128 11.9756403759
137 128 11.9756403759
138 128 11.9756403759
139 128 11.9756403759
140 128 11.9756403759
