1 0 14.5731627237
2 0 14.5731627237
3 0 14.5731627237
4 0 14.5731627237
5 0 14.5731627237
6 0 14.5731627237
7 0 14.5731627237
8 0 14.5731627237
9 0 14.5731627237
10 0 14.5731627237
11 0 14.5731627237
12 0 14.5731627237
13 0 14.5731627237
14 0 14.5731627237
15 0 14.5731627237
16 0 14.5731627237
17 0 14.5731627237
18 0 14.5731627237
19 0 14.5731627237
20 0 14.5731627237
21 0 14.5731627237
22 0 14.5731627237
23 0 14.5731627237
24 0 14.5731627237
25 0 14.5731627237
26 0 14.5731627237
27 0 14.5731627237
28 0 14.5731627237
29 0 14.5731627237
30 0 14.5731627237
31 0 14.5731627237
32 0 14.5731627237
33 0 14.5731627237
34 0 14.5731627237
35 0 14.5731627237
36 0 14.5731627237
37 0 14.5731627237
38 0 14.5731627237
39 0 14.5731627237
40 0 14.5731627237
41 1 9.75059084102
42 1 9.75059084102
43 1 9.75059084102
44 1 9.75059084102
45 1 9.75059084102
46 1 9.75059084102
47 1 9.75059084102
48 1 9.75059084102
49 1 9.75059084102
50 1 9.75059084102
51 1 9.75059084102
52 1 9.75059084102
53 1 9.75059084102
54 1 9.75059084102
55 1 9.75059084102
56 1 9.75059084102
57 1 9.75059084102
58 1 9.75059084102
59 1 9.75059084102
60 1 9.75059084102
61 1 9.75059084102
62 1 9.75059084102
63 1 9.75059084102
64 1 9.75059084102
65 1 9.75059084102
66 1 9.75059084102
67 1 9.75059084102
68 1 9.75059084102
69 1 9.75059084102
70 1 9.75059084102
71 1 9.75059084102
72 1 9.75059084102
73 1 9.75059084102
74 1 9.75059084102
75 1 9.75059084102
76 1 9.75059084102
77 1 9.75059084102
78 1 9.75059084102
79 1 9.75059084102
80 1 9.75059084102
81 2 14.9597493825
82 2 14.9597493825
83 2 14.9597493825
84 2 14.9597493825
85 2 14.9597493825
86 2 14.9597493825
87 2 14.9597493825
88 2 14.9597493825
89 2 14.9597493825
90 2 14.9597493825
91 2 14.9597493825
92 2 14.9597493825
93 2 14.9597493825
94 2 14.9597493825
95 2 14.9597493825
96 2 14.9597493825
97 2 14.9597493825
98 2 14.9597493825
99 2 14.9597493825
100 2 14.9597493825
101 2 14.9597493825
102 2 14.9597493825
103 2 14.9597493825
104 2 14.9597493825
105 2 14.9597493825
106 2 14.9597493825
107 2 14.9597493825
108 2 14.9597493825
109 2 14.9597493825
110 2 14.9597493825
111 2 14.9597493825
112 2 14.9597493825
113 2 14.9597493825
114 2 14.9597493825
115 2 14.9597493825
116 2 14.9597493825
117 2 14.9597493825
118 2 14.9597493825
119 2 14.9597493825
120 2 14.9597493825
121 3 20.9939741559
122 3 20.9939741559
123 3 20.9939741559
124 3 20.9939741559
125 3 20.9939741559
126 3 20.9939741559
127 3 20.9939741559
128 3 20.9939741559
129 3 20.9939741559
130 3 20.9939741559
131 3 20.9939741559
132 3 20.9939741559
133 3 20.9939741559
134 3 20.9939741559
135 3 20.9939741559
136 3 20.9939741559
137 3 20.9939741559
138 3 20.9939741559
139 3 20.9939741559
140 3 20.9939741559
141 3 20.9939741559
142 3 20.9939741559
143 3 20.9939741559
144 3 20.9939741559
145 3 20.9939741559
146 3 20.9939741559
147 3 20.9939741559
148 3 20.9939741559
149 3 20.9939741559
150 3 20.9939741559
151 3 20.9939741559
152 3 20.9939741559
153 3 20.9939741559
154 3 20.9939741559
155 3 20.9939741559
156 3 20.9939741559
157 3 20.9939741559
158 3 20.9939741559
159 3 20.9939741559
160 3 20.9939741559
161 4 24.5913453002
162 4 24.5913453002
163 4 24.5913453002
164 4 24.5913453002
165 4 24.5913453002
166 4 24.5913453002
167 4 24.5913453002
168 4 24.5913453002
169 4 24.5913453002
170 4 24.5913453002
171 4 24.5913453002
172 4 24.5913453002
173 4 24.5913453002
174 4 24.5913453002
175 4 24.5913453002
176 4 24.5913453002
177 4 24.5913453002
178 4 24.5913453002
179 4 24.5913453002
180 4 24.5913453002
181 4 24.5913453002
182 4 24.5913453002
183 4 24.5913453002
184 4 24.5913453002
185 4 24.5913453002
186 4 24.5913453002
187 4 24.5913453002
188 4 24.5913453002
189 4 24.5913453002
190 4 24.5913453002
191 4 24.5913453002
192 4 24.5913453002
193 4 24.5913453002
194 4 24.5913453002
195 4 24.5913453002
196 4 24.5913453002
197 4 24.5913453002
198 4 24.5913453002
199 4 24.5913453002
200 4 24.5913453002
201 5 28.4531241853
202 5 28.4531241853
203 5 28.4531241853
204 5 28.4531241853
205 5 28.4531241853
206 5 28.4531241853
207 5 28.4531241853
208 5 28.4531241853
209 5 28.4531241853
210 5 28.4531241853
211 5 28.4531241853
212 5 28.4531241853
213 5 28.4531241853
214 5 28.4531241853
215 5 28.4531241853
216 5 28.4531241853
217 5 28.4531241853
218 5 28.4531241853
219 5 28.4531241853
220 5 28.4531241853
221 5 28.4531241853
222 5 28.4531241853
223 5 28.4531241853
224 5 28.4531241853
225 5 28.4531241853
226 5 28.4531241853
227 5 28.4531241853
228 5 28.4531241853
229 5 28.4531241853
230 5 28.4531241853
231 5 28.4531241853
232 5 28.4531241853
233 5 28.4531241853
234 5 28.4531241853
235 5 28.4531241853
236 5 28.4531241853
237 5 28.4531241853
238 5 28.4531241853
239 5 28.4531241853
240 5 28.4531241853
241 6 29.6112029631
242 6 29.6112029631
243 6 29.6112029631
244 6 29.6112029631
245 6 29.6112029631
246 6 29.6112029631
247 6 29.6112029631
248 6 29.6112029631
249 6 29.6112029631
250 6 29.6112029631
251 6 29.6112029631
252 6 29.6112029631
253 6 29.6112029631
254 6 29.6112029631
255 6 29.6112029631
256 6 29.6112029631
257 6 29.6112029631
258 6 29.6112029631
259 6 29.6112029631
260 6 29.6112029631
261 6 29.6112029631
262 6 29.6112029631
263 6 29.6112029631
264 6 29.6112029631
265 6 29.6112029631
266 6 29.6112029631
267 6 29.6112029631
268 6 29.6112029631
269 6 29.6112029631
270 6 29.6112029631
271 6 29.6112029631
272 6 29.6112029631
273 6 29.6112029631
274 6 29.6112029631
275 6 29.6112029631
276 6 29.6112029631
277 6 29.6112029631
278 6 29.6112029631
279 6 29.6112029631
280 6 29.6112029631
281 7 32.9037455075
282 7 32.9037455075
283 7 32.9037455075
284 7 32.9037455075
285 7 32.9037455075
286 7 32.9037455075
287 7 32.9037455075
288 7 32.9037455075
289 7 32.9037455075
290 7 32.9037455075
291 7 32.9037455075
292 7 32.9037455075
293 7 32.9037455075
294 7 32.9037455075
295 7 32.9037455075
296 7 32.9037455075
297 7 32.9037455075
298 7 32.9037455075
299 7 32.9037455075
300 7 32.9037455075
301 7 32.9037455075
302 7 32.9037455075
303 7 32.9037455075
304 7 32.9037455075
305 7 32.9037455075
306 7 32.9037455075
307 7 32.9037455075
308 7 32.9037455075
309 7 32.9037455075
310 7 32.9037455075
311 7 32.9037455075
312 7 32.9037455075
313 7 32.9037455075
314 7 32.9037455075
315 7 32.9037455075
316 7 32.9037455075
317 7 32.9037455075
318 7 32.9037455075
319 7 32.9037455075
320 7 32.9037455075
321 8 36.7047935119
322 8 36.7047935119
323 8 36.7047935119
324 8 36.7047935119
325 8 36.7047935119
326 8 36.7047935119
327 8 36.7047935119
328 8 36.7047935119
329 8 36.7047935119
330 8 36.7047935119
331 8 36.7047935119
332 8 36.7047935119
333 8 36.7047935119
334 8 36.7047935119
335 8 36.7047935119
336 8 36.7047935119
337 8 36.7047935119
338 8 36.7047935119
339 8 36.7047935119
340 8 36.7047935119
341 8 36.7047935119
342 8 36.7047935119
343 8 36.7047935119
344 8 36.7047935119
345 8 36.7047935119
346 8 36.7047935119
347 8 36.7047935119
348 8 36.7047935119
349 8 36.7047935119
350 8 36.7047935119
351 8 36.7047935119
352 8 36.7047935119
353 8 36.7047935119
354 8 36.7047935119
355 8 36.7047935119
356 8 36.7047935119
357 8 36.7047935119
358 8 36.7047935119
359 8 36.7047935119
360 8 36.7047935119
361 9 39.4578276585
362 9 39.4578276585
363 9 39.4578276585
364 9 39.4578276585
365 9 39.4578276585
366 9 39.4578276585
367 9 39.4578276585
368 9 39.4578276585
369 9 39.4578276585
370 9 39.4578276585
371 9 39.4578276585
372 9 39.4578276585
373 9 39.4578276585
374 9 39.4578276585
375 9 39.4578276585
376 9 39.4578276585
377 9 39.4578276585
378 9 39.4578276585
379 9 39.4578276585
380 9 39.4578276585
381 9 39.4578276585
382 9 39.4578276585
383 9 39.4578276585
384 9 39.4578276585
385 9 39.4578276585
386 9 39.4578276585
387 9 39.4578276585
388 9 39.4578276585
389 9 39.4578276585
390 9 39.4578276585
391 9 39.4578276585
392 9 39.4578276585
393 9 39.4578276585
394 9 39.4578276585
395 9 39.4578276585
396 9 39.4578276585
397 9 39.4578276585
398 9 39.4578276585
399 9 39.4578276585
400 9 39.4578276585
401 10 93.3945503678
