1 0 31.8132800125
2 0 31.8132800125
3 0 31.8132800125
4 0 31.8132800125
5 0 31.8132800125
6 0 31.8132800125
7 0 31.8132800125
8 0 31.8132800125
9 0 31.8132800125
10 0 31.8132800125
11 0 31.8132800125
12 0 31.8132800125
13 0 31.8132800125
14 0 31.8132800125
15 0 31.8132800125
16 0 31.8132800125
17 0 31.8132800125
18 0 31.8132800125
19 0 31.8132800125
20 0 31.8132800125
21 1 32.4953971739
22 1 32.4953971739
23 1 32.4953971739
24 1 32.4953971739
25 1 32.4953971739
26 1 32.4953971739
27 1 32.4953971739
28 1 32.4953971739
29 1 32.4953971739
30 1 32.4953971739
31 1 32.4953971739
32 1 32.4953971739
33 1 32.4953971739
34 1 32.4953971739
35 1 32.4953971739
36 1 32.4953971739
37 1 32.4953971739
38 1 32.4953971739
39 1 32.4953971739
40 1 32.4953971739
41 2 23.5453955824
42 2 23.5453955824
43 2 23.5453955824
44 2 23.5453955824
45 2 23.5453955824
46 2 23.5453955824
47 2 23.5453955824
48 2 23.5453955824
49 2 23.5453955824
50 2 23.5453955824
51 2 23.5453955824
52 2 23.5453955824
53 2 23.5453955824
54 2 23.5453955824
55 2 23.5453955824
56 2 23.5453955824
57 2 23.5453955824
58 2 23.5453955824
59 2 23.5453955824
60 2 23.5453955824
61 3 22.0071630475
62 3 22.0071630475
63 3 22.0071630475
64 3 22.0071630475
65 3 22.0071630475
66 3 22.0071630475
67 3 22.0071630475
68 3 22.0071630475
69 3 22.0071630475
70 3 22.0071630475
71 3 22.0071630475
72 3 22.0071630475
73 3 22.0071630475
74 3 22.0071630475
75 3 22.0071630475
76 3 22.0071630475
77 3 22.0071630475
78 3 22.0071630475
79 3 22.0071630475
80 3 22.0071630475
81 4 21.2701848148
82 4 21.2701848148
83 4 21.2701848148
84 4 21.2701848148
85 4 21.2701848148
86 4 21.2701848148
87 4 21.2701848148
88 4 21.2701848148
89 4 21.2701848148
90 4 21.2701848148
91 4 21.2701848148
92 4 21.2701848148
93 4 21.2701848148
94 4 21.2701848148
95 4 21.2701848148
96 4 21.2701848148
97 4 21.2701848148
98 4 21.2701848148
99 4 21.2701848148
100 4 21.2701848148
101 5 25.2165829262
102 5 25.2165829262
103 5 25.2165829262
104 5 25.2165829262
105 5 25.2165829262
106 5 25.2165829262
107 5 25.2165829262
108 5 25.2165829262
109 5 25.2165829262
110 5 25.2165829262
111 5 25.2165829262
112 5 25.2165829262
113 5 25.2165829262
114 5 25.2165829262
115 5 25.2165829262
116 5 25.2165829262
117 5 25.2165829262
118 5 25.2165829262
119 5 25.2165829262
120 5 25.2165829262
121 6 27.155099055
122 6 27.155099055
123 6 27.155099055
124 6 27.155099055
125 6 27.155099055
126 6 27.155099055
127 6 27.155099055
128 6 27.155099055
129 6 27.155099055
130 6 27.155099055
131 6 27.155099055
132 6 27.155099055
133 6 27.155099055
134 6 27.155099055
135 6 27.155099055
136 6 27.155099055
137 6 27.155099055
138 6 27.155099055
139 6 27.155099055
140 6 27.155099055
141 7 21.4735643505
142 7 21.4735643505
143 7 21.4735643505
144 7 21.4735643505
145 7 21.4735643505
146 7 21.4735643505
147 7 21.4735643505
148 7 21.4735643505
149 7 21.4735643505
150 7 21.4735643505
151 7 21.4735643505
152 7 21.4735643505
153 7 21.4735643505
154 7 21.4735643505
155 7 21.4735643505
156 7 21.4735643505
157 7 21.4735643505
158 7 21.4735643505
159 7 21.4735643505
160 7 21.4735643505
161 8 24.0501940652
162 8 24.0501940652
163 8 24.0501940652
164 8 24.0501940652
165 8 24.0501940652
166 8 24.0501940652
167 8 24.0501940652
168 8 24.0501940652
169 8 24.0501940652
170 8 24.0501940652
171 8 24.0501940652
172 8 24.0501940652
173 8 24.0501940652
174 8 24.0501940652
175 8 24.0501940652
176 8 24.0501940652
177 8 24.0501940652
178 8 24.0501940652
179 8 24.0501940652
180 8 24.0501940652
181 9 19.7482763767
182 9 19.7482763767
183 9 19.7482763767
184 9 19.7482763767
185 9 19.7482763767
186 9 19.7482763767
187 9 19.7482763767
188 9 19.7482763767
189 9 19.7482763767
190 9 19.7482763767
191 9 19.7482763767
192 9 19.7482763767
193 9 19.7482763767
194 9 19.7482763767
195 9 19.7482763767
196 9 19.7482763767
197 9 19.7482763767
198 9 19.7482763767
199 9 19.7482763767
200 9 19.7482763767
201 10 20.694546465
202 10 20.694546465
203 10 20.694546465
204 10 20.694546465
205 10 20.694546465
206 10 20.694546465
207 10 20.694546465
208 10 20.694546465
209 10 20.694546465
210 10 20.694546465
211 10 20.694546465
212 10 20.694546465
213 10 20.694546465
214 10 20.694546465
215 10 20.694546465
216 10 20.694546465
217 10 20.694546465
218 10 20.694546465
219 10 20.694546465
220 10 20.694546465
