1 0 22.8999015377
2 0 22.8999015377
3 0 22.8999015377
4 0 22.8999015377
5 0 22.8999015377
6 0 22.8999015377
7 0 22.8999015377
8 0 22.8999015377
9 0 22.8999015377
10 0 22.8999015377
11 0 22.8999015377
12 1 25.6228322063
13 2 24.4654937245
14 3 25.1049952247
15 4 25.5168498864
16 5 24.6964217557
17 6 25.3427878665
18 7 26.9731796512
19 8 25.864627927
20 9 25.3294840432
21 10 26.9210565382
22 11 26.0759622257
23 12 24.52808712
24 13 25.5596009766
25 14 24.4135568725
26 15 25.4558289042
27 16 24.7406035488
28 17 22.7199742227
29 18 22.884454376
30 19 23.5072342203
31 20 22.0225137707
32 21 20.6089738863
33 22 21.7935491749
34 23 22.5088354938
35 24 20.8755839475
36 25 20.6088645099
37 26 22.2783239174
38 27 22.1739526972
39 28 20.8199951332
40 29 21.8474565291
41 30 23.3249374129
42 31 25.0333802394
43 32 26.0377557649
44 33 27.8602119217
45 34 29.2098424702
46 35 28.7411125782
47 36 27.5004160733
48 37 25.6746506245
49 38 24.8024848404
50 39 23.7399059522
51 40 21.9397466531
52 41 21.0883418665
53 42 22.0835029277
54 43 23.0459251414
55 44 24.4703228177
56 45 25.0224782181
57 46 25.8318923479
58 47 26.194337726
59 48 26.9383180419
60 49 26.8894215332
61 50 26.4550963295
62 51 24.5287318854
63 52 24.0344386742
64 53 24.1273574294
65 54 22.5643390056
66 55 21.3983559317
67 56 20.8204505227
68 57 21.7351037051
69 58 20.9554315466
70 59 20.1793467725
71 60 21.3843231969
72 61 21.2526428742
73 62 21.6329495159
74 63 20.0872096874
75 64 20.7697593979
76 65 20.1707202134
77 66 18.5879208574
78 67 17.9783843404
79 68 17.8758278924
80 69 16.5628178517
81 70 16.5464522314
82 71 16.1273819635
83 72 15.0467226239
84 73 14.5583705414
85 74 8.1709434467
86 74 8.1709434467
87 74 8.1709434467
88 74 8.1709434467
89 74 8.1709434467
90 74 8.1709434467
91 74 8.1709434467
92 74 8.1709434467
93 74 8.1709434467
94 74 8.1709434467
95 74 8.1709434467
96 74 8.1709434467
97 74 8.1709434467
98 74 8.1709434467
99 74 8.1709434467
100 74 8.1709434467
101 74 8.1709434467
102 74 8.1709434467
103 74 8.1709434467
104 74 8.1709434467
105 75 13.1034615392
106 75 13.1034615392
107 75 13.1034615392
108 75 13.1034615392
109 75 13.1034615392
110 75 13.1034615392
111 75 13.1034615392
112 76 7.92578625732
113 77 7.67025005517
114 78 8.36495333367
115 79 7.84174446637
116 80 6.74743670896
117 81 7.31247941657
118 82 7.48421111745
119 83 6.46535737258
120 84 6.64164078685
121 85 7.20648859272
122 86 6.73377108238
123 87 7.24763849514
124 88 7.7120842036
125 89 7.34649390695
126 90 7.47989325493
127 91 8.86632810257
128 92 8.68212714833
129 93 8.152810943
130 94 9.5220902677
131 95 10.5487711089
132 96 10.0846424491
133 97 10.1749207245
134 98 11.6348832457
135 99 12.0496890802
136 100 12.2857125656
137 101 11.3726105399
138 102 11.1206174277
139 103 9.91870767544
140 104 9.98894420331
141 105 10.064686179
142 106 8.74546231828
143 107 8.07522511072
144 108 9.22530658475
145 109 8.71940456101
146 110 7.28435813468
147 111 7.75493045572
148 112 8.96148075534
149 113 8.13794820045
150 114 7.0279924832
151 115 7.93139371895
152 116 8.594246524
153 117 7.58826503959
154 118 6.91876955527
155 119 7.92422416662
156 120 8.29016063761
157 121 7.5581466385
158 122 7.11394556967
159 123 8.05773952381
160 124 8.3034823377
161 125 7.75781238359
162 126 7.41586744087
163 127 8.21699518162
164 128 8.41725282404
165 129 7.7103128449
166 130 7.96295260456
167 131 8.31886763706
168 132 7.64204256378
169 133 7.37048321729
170 134 7.87000606901
171 135 7.83327818465
172 136 7.30616497735
173 137 7.53941336588
174 138 7.8773197068
175 139 7.66249789761
176 140 7.02098245991
177 141 7.85586066183
178 142 7.98876988416
179 143 7.17299840244
180 144 7.30320123862
181 145 8.22095866587
182 146 7.72453106784
183 147 6.92146617335
184 148 8.09428123789
185 149 8.46901648931
186 150 7.36262360484
187 151 7.71371975459
188 152 8.99569364387
189 153 8.20896549124
190 154 7.58505449447
191 155 8.81194662889
192 156 9.24760374392
193 157 8.18099041449
194 158 8.47321064855
195 159 9.78671746153
196 160 9.203312121
197 161 8.75116274255
198 162 9.65343577674
199 163 10.3187650536
200 164 9.45345906484
201 165 9.83621076163
202 166 10.9088087255
203 167 10.5714454376
204 168 10.1833201722
205 169 10.7615363152
206 170 11.7591081096
207 171 15.1869482828
208 171 15.1869482828
209 171 15.1869482828
210 171 15.1869482828
211 171 15.1869482828
212 171 15.1869482828
213 171 15.1869482828
214 171 15.1869482828
215 171 15.1869482828
216 171 15.1869482828
217 171 15.1869482828
218 171 15.1869482828
219 171 15.1869482828
220 171 15.1869482828
221 171 15.1869482828
222 171 15.1869482828
