1 0 20.5665472658
2 0 20.5665472658
3 0 20.5665472658
4 0 20.5665472658
5 0 20.5665472658
6 0 20.5665472658
7 0 20.5665472658
8 0 20.5665472658
9 0 20.5665472658
10 0 20.5665472658
11 0 20.5665472658
12 0 20.5665472658
13 0 20.5665472658
14 0 20.5665472658
15 0 20.5665472658
16 0 20.5665472658
17 0 20.5665472658
18 0 20.5665472658
19 0 20.5665472658
20 0 20.5665472658
21 1 21.8231554625
22 1 21.8231554625
23 1 21.8231554625
24 1 21.8231554625
25 1 21.8231554625
26 1 21.8231554625
27 1 21.8231554625
28 1 21.8231554625
29 1 21.8231554625
30 1 21.8231554625
31 1 21.8231554625
32 1 21.8231554625
33 1 21.8231554625
34 1 21.8231554625
35 1 21.8231554625
36 1 21.8231554625
37 1 21.8231554625
38 1 21.8231554625
39 1 21.8231554625
40 1 21.8231554625
41 2 21.3351727365
42 2 21.3351727365
43 2 21.3351727365
44 2 21.3351727365
45 2 21.3351727365
46 2 21.3351727365
47 2 21.3351727365
48 2 21.3351727365
49 2 21.3351727365
50 2 21.3351727365
51 2 21.3351727365
52 2 21.3351727365
53 2 21.3351727365
54 2 21.3351727365
55 2 21.3351727365
56 2 21.3351727365
57 2 21.3351727365
58 2 21.3351727365
59 2 21.3351727365
60 2 21.3351727365
61 3 16.5551619639
62 3 16.5551619639
63 3 16.5551619639
64 3 16.5551619639
65 3 16.5551619639
66 3 16.5551619639
67 3 16.5551619639
68 3 16.5551619639
69 3 16.5551619639
70 3 16.5551619639
71 3 16.5551619639
72 3 16.5551619639
73 3 16.5551619639
74 3 16.5551619639
75 3 16.5551619639
76 3 16.5551619639
77 3 16.5551619639
78 3 16.5551619639
79 3 16.5551619639
80 3 16.5551619639
81 4 22.6858640854
82 4 22.6858640854
83 4 22.6858640854
84 4 22.6858640854
85 4 22.6858640854
86 4 22.6858640854
87 4 22.6858640854
88 4 22.6858640854
89 4 22.6858640854
90 4 22.6858640854
91 4 22.6858640854
92 4 22.6858640854
93 4 22.6858640854
94 4 22.6858640854
95 4 22.6858640854
96 4 22.6858640854
97 4 22.6858640854
98 4 22.6858640854
99 4 22.6858640854
100 4 22.6858640854
101 5 26.4112484965
102 5 26.4112484965
103 5 26.4112484965
104 5 26.4112484965
105 5 26.4112484965
106 5 26.4112484965
107 5 26.4112484965
108 5 26.4112484965
109 5 26.4112484965
110 5 26.4112484965
111 5 26.4112484965
112 5 26.4112484965
113 5 26.4112484965
114 5 26.4112484965
115 5 26.4112484965
116 5 26.4112484965
117 5 26.4112484965
118 5 26.4112484965
119 5 26.4112484965
120 5 26.4112484965
121 6 21.4422802506
122 6 21.4422802506
123 6 21.4422802506
124 6 21.4422802506
125 6 21.4422802506
126 6 21.4422802506
127 6 21.4422802506
128 6 21.4422802506
129 6 21.4422802506
130 6 21.4422802506
131 6 21.4422802506
132 6 21.4422802506
133 6 21.4422802506
134 6 21.4422802506
135 6 21.4422802506
136 6 21.4422802506
137 6 21.4422802506
138 6 21.4422802506
139 6 21.4422802506
140 6 21.4422802506
141 7 22.6323749599
142 7 22.6323749599
143 7 22.6323749599
144 7 22.6323749599
145 7 22.6323749599
146 7 22.6323749599
147 7 22.6323749599
148 7 22.6323749599
149 7 22.6323749599
150 7 22.6323749599
151 7 22.6323749599
152 7 22.6323749599
153 7 22.6323749599
154 7 22.6323749599
155 7 22.6323749599
156 7 22.6323749599
157 7 22.6323749599
158 7 22.6323749599
159 7 22.6323749599
160 7 22.6323749599
161 8 21.4426910495
162 8 21.4426910495
163 8 21.4426910495
164 8 21.4426910495
165 8 21.4426910495
166 8 21.4426910495
167 8 21.4426910495
168 8 21.4426910495
169 8 21.4426910495
170 8 21.4426910495
171 8 21.4426910495
172 8 21.4426910495
173 8 21.4426910495
174 8 21.4426910495
175 8 21.4426910495
176 8 21.4426910495
177 8 21.4426910495
178 8 21.4426910495
179 8 21.4426910495
180 8 21.4426910495
181 9 14.1959949576
182 9 14.1959949576
183 9 14.1959949576
184 9 14.1959949576
185 9 14.1959949576
186 9 14.1959949576
187 9 14.1959949576
188 9 14.1959949576
189 9 14.1959949576
190 9 14.1959949576
191 9 14.1959949576
192 9 14.1959949576
193 9 14.1959949576
194 9 14.1959949576
195 9 14.1959949576
196 9 14.1959949576
197 9 14.1959949576
198 9 14.1959949576
199 9 14.1959949576
200 9 14.1959949576
201 10 18.6871554404
202 10 18.6871554404
203 10 18.6871554404
204 10 18.6871554404
205 10 18.6871554404
206 10 18.6871554404
207 10 18.6871554404
208 10 18.6871554404
209 10 18.6871554404
210 10 18.6871554404
211 10 18.6871554404
212 10 18.6871554404
213 10 18.6871554404
214 10 18.6871554404
215 10 18.6871554404
216 10 18.6871554404
217 10 18.6871554404
218 10 18.6871554404
219 10 18.6871554404
220 10 18.6871554404
221 11 19.5357775725
222 11 19.5357775725
223 11 19.5357775725
224 11 19.5357775725
225 11 19.5357775725
226 11 19.5357775725
227 11 19.5357775725
228 11 19.5357775725
229 11 19.5357775725
230 11 19.5357775725
231 11 19.5357775725
232 11 19.5357775725
233 11 19.5357775725
234 11 19.5357775725
235 11 19.5357775725
236 11 19.5357775725
237 11 19.5357775725
238 11 19.5357775725
239 11 19.5357775725
240 11 19.5357775725
241 12 10.6862409575
242 12 10.6862409575
243 12 10.6862409575
244 12 10.6862409575
245 12 10.6862409575
246 12 10.6862409575
247 12 10.6862409575
248 12 10.6862409575
249 12 10.6862409575
250 12 10.6862409575
251 12 10.6862409575
252 12 10.6862409575
253 12 10.6862409575
254 12 10.6862409575
255 12 10.6862409575
256 12 10.6862409575
257 12 10.6862409575
258 12 10.6862409575
259 12 10.6862409575
260 12 10.6862409575
261 13 8.68599439492
262 13 8.68599439492
263 13 8.68599439492
264 13 8.68599439492
265 13 8.68599439492
266 13 8.68599439492
267 13 8.68599439492
268 13 8.68599439492
269 13 8.68599439492
270 13 8.68599439492
271 13 8.68599439492
272 13 8.68599439492
273 13 8.68599439492
274 13 8.68599439492
275 13 8.68599439492
276 13 8.68599439492
277 13 8.68599439492
278 13 8.68599439492
279 13 8.68599439492
280 13 8.68599439492
281 14 13.4117811885
282 14 13.4117811885
283 14 13.4117811885
284 14 13.4117811885
285 14 13.4117811885
286 14 13.4117811885
287 14 13.4117811885
288 14 13.4117811885
289 14 13.4117811885
290 14 13.4117811885
291 14 13.4117811885
292 14 13.4117811885
293 14 13.4117811885
294 14 13.4117811885
295 14 13.4117811885
296 14 13.4117811885
297 14 13.4117811885
298 14 13.4117811885
299 14 13.4117811885
300 14 13.4117811885
301 15 14.4246040148
302 15 14.4246040148
303 15 14.4246040148
304 15 14.4246040148
305 15 14.4246040148
306 15 14.4246040148
307 15 14.4246040148
308 15 14.4246040148
309 15 14.4246040148
310 15 14.4246040148
311 15 14.4246040148
312 15 14.4246040148
313 15 14.4246040148
314 15 14.4246040148
315 15 14.4246040148
316 15 14.4246040148
317 15 14.4246040148
318 15 14.4246040148
319 15 14.4246040148
320 15 14.4246040148
321 16 12.3716556435
322 16 12.3716556435
323 16 12.3716556435
324 16 12.3716556435
325 16 12.3716556435
326 16 12.3716556435
327 16 12.3716556435
328 16 12.3716556435
329 16 12.3716556435
330 16 12.3716556435
331 16 12.3716556435
332 16 12.3716556435
333 16 12.3716556435
334 16 12.3716556435
335 16 12.3716556435
336 16 12.3716556435
337 16 12.3716556435
338 16 12.3716556435
339 16 12.3716556435
340 16 12.3716556435
341 17 10.3476914159
342 17 10.3476914159
343 17 10.3476914159
344 17 10.3476914159
345 17 10.3476914159
346 17 10.3476914159
347 17 10.3476914159
348 17 10.3476914159
349 17 10.3476914159
350 17 10.3476914159
351 17 10.3476914159
352 17 10.3476914159
353 17 10.3476914159
354 17 10.3476914159
355 17 10.3476914159
356 17 10.3476914159
357 17 10.3476914159
358 17 10.3476914159
359 17 10.3476914159
360 17 10.3476914159
361 18 14.0983294757
362 18 14.0983294757
363 18 14.0983294757
364 18 14.0983294757
365 18 14.0983294757
366 18 14.0983294757
367 18 14.0983294757
368 18 14.0983294757
369 18 14.0983294757
370 18 14.0983294757
371 18 14.0983294757
372 18 14.0983294757
373 18 14.0983294757
374 18 14.0983294757
375 18 14.0983294757
376 18 14.0983294757
377 18 14.0983294757
378 18 14.0983294757
379 18 14.0983294757
380 18 14.0983294757
381 19 18.3445620558
382 19 18.3445620558
383 19 18.3445620558
384 19 18.3445620558
385 19 18.3445620558
386 19 18.3445620558
387 19 18.3445620558
388 19 18.3445620558
389 19 18.3445620558
390 19 18.3445620558
391 19 18.3445620558
392 19 18.3445620558
393 19 18.3445620558
394 19 18.3445620558
395 19 18.3445620558
396 19 18.3445620558
397 19 18.3445620558
398 19 18.3445620558
399 19 18.3445620558
400 19 18.3445620558
401 20 15.3321564567
402 20 15.3321564567
403 20 15.3321564567
404 20 15.3321564567
405 20 15.3321564567
406 20 15.3321564567
407 20 15.3321564567
408 20 15.3321564567
409 20 15.3321564567
410 20 15.3321564567
411 20 15.3321564567
412 20 15.3321564567
413 20 15.3321564567
414 20 15.3321564567
415 20 15.3321564567
416 20 15.3321564567
417 20 15.3321564567
418 20 15.3321564567
419 20 15.3321564567
420 20 15.3321564567
421 21 20.0862317102
422 21 20.0862317102
423 21 20.0862317102
424 21 20.0862317102
425 21 20.0862317102
426 21 20.0862317102
427 21 20.0862317102
428 21 20.0862317102
429 21 20.0862317102
430 21 20.0862317102
431 21 20.0862317102
432 21 20.0862317102
433 21 20.0862317102
434 21 20.0862317102
435 21 20.0862317102
436 21 20.0862317102
437 21 20.0862317102
438 21 20.0862317102
439 21 20.0862317102
440 21 20.0862317102
441 22 24.5803603179
442 22 24.5803603179
443 22 24.5803603179
444 22 24.5803603179
445 22 24.5803603179
446 22 24.5803603179
447 22 24.5803603179
448 22 24.5803603179
449 22 24.5803603179
450 22 24.5803603179
451 22 24.5803603179
452 22 24.5803603179
453 22 24.5803603179
454 22 24.5803603179
455 22 24.5803603179
456 22 24.5803603179
457 22 24.5803603179
458 22 24.5803603179
459 22 24.5803603179
460 22 24.5803603179
461 23 29.0805773353
462 23 29.0805773353
463 23 29.0805773353
464 23 29.0805773353
465 23 29.0805773353
466 23 29.0805773353
467 23 29.0805773353
468 23 29.0805773353
469 23 29.0805773353
470 23 29.0805773353
471 23 29.0805773353
472 23 29.0805773353
473 23 29.0805773353
474 23 29.0805773353
475 23 29.0805773353
476 23 29.0805773353
477 23 29.0805773353
478 23 29.0805773353
479 23 29.0805773353
480 23 29.0805773353
481 24 31.7749709044
482 24 31.7749709044
483 24 31.7749709044
484 24 31.7749709044
485 24 31.7749709044
486 24 31.7749709044
487 24 31.7749709044
488 24 31.7749709044
489 24 31.7749709044
490 24 31.7749709044
491 24 31.7749709044
492 24 31.7749709044
493 24 31.7749709044
494 24 31.7749709044
495 24 31.7749709044
496 24 31.7749709044
497 24 31.7749709044
498 24 31.7749709044
499 24 31.7749709044
500 24 31.7749709044
501 25 32.1718203499
502 25 32.1718203499
503 25 32.1718203499
504 25 32.1718203499
505 25 32.1718203499
506 25 32.1718203499
507 25 32.1718203499
508 25 32.1718203499
509 25 32.1718203499
510 25 32.1718203499
511 25 32.1718203499
512 25 32.1718203499
513 25 32.1718203499
514 25 32.1718203499
515 25 32.1718203499
516 25 32.1718203499
517 25 32.1718203499
518 25 32.1718203499
519 25 32.1718203499
520 25 32.1718203499
521 26 20.3118583084
522 26 20.3118583084
523 26 20.3118583084
524 26 20.3118583084
525 26 20.3118583084
526 26 20.3118583084
527 26 20.3118583084
528 26 20.3118583084
529 26 20.3118583084
530 26 20.3118583084
531 26 20.3118583084
532 26 20.3118583084
533 26 20.3118583084
534 26 20.3118583084
535 26 20.3118583084
536 26 20.3118583084
537 26 20.3118583084
538 26 20.3118583084
539 26 20.3118583084
540 26 20.3118583084
541 27 23.2756462696
542 27 23.2756462696
543 27 23.2756462696
544 27 23.2756462696
545 27 23.2756462696
546 27 23.2756462696
547 27 23.2756462696
548 27 23.2756462696
549 27 23.2756462696
550 27 23.2756462696
551 27 23.2756462696
552 27 23.2756462696
553 27 23.2756462696
554 27 23.2756462696
555 27 23.2756462696
556 27 23.2756462696
557 27 23.2756462696
558 27 23.2756462696
559 27 23.2756462696
560 27 23.2756462696
561 28 19.1157191095
562 28 19.1157191095
563 28 19.1157191095
564 28 19.1157191095
565 28 19.1157191095
566 28 19.1157191095
567 28 19.1157191095
568 28 19.1157191095
569 28 19.1157191095
570 28 19.1157191095
571 28 19.1157191095
572 28 19.1157191095
573 28 19.1157191095
574 28 19.1157191095
575 28 19.1157191095
576 28 19.1157191095
577 28 19.1157191095
578 28 19.1157191095
579 28 19.1157191095
580 28 19.1157191095
581 29 14.8985057227
582 29 14.8985057227
583 29 14.8985057227
584 29 14.8985057227
585 29 14.8985057227
586 29 14.8985057227
587 29 14.8985057227
588 29 14.8985057227
589 29 14.8985057227
590 29 14.8985057227
591 29 14.8985057227
592 29 14.8985057227
593 29 14.8985057227
594 29 14.8985057227
595 29 14.8985057227
596 29 14.8985057227
597 29 14.8985057227
598 29 14.8985057227
599 29 14.8985057227
600 29 14.8985057227
601 30 12.8679143411
602 30 12.8679143411
603 30 12.8679143411
604 30 12.8679143411
605 30 12.8679143411
606 30 12.8679143411
607 30 12.8679143411
608 30 12.8679143411
609 30 12.8679143411
610 30 12.8679143411
611 30 12.8679143411
612 30 12.8679143411
613 30 12.8679143411
614 30 12.8679143411
615 30 12.8679143411
616 30 12.8679143411
617 30 12.8679143411
618 30 12.8679143411
619 30 12.8679143411
620 30 12.8679143411
621 31 11.9687615544
622 31 11.9687615544
623 31 11.9687615544
624 31 11.9687615544
625 31 11.9687615544
626 31 11.9687615544
627 31 11.9687615544
628 31 11.9687615544
629 31 11.9687615544
630 31 11.9687615544
631 31 11.9687615544
632 31 11.9687615544
633 31 11.9687615544
634 31 11.9687615544
635 31 11.9687615544
636 31 11.9687615544
637 31 11.9687615544
638 31 11.9687615544
639 31 11.9687615544
640 31 11.9687615544
641 32 14.6147919754
642 32 14.6147919754
643 32 14.6147919754
644 32 14.6147919754
645 32 14.6147919754
646 32 14.6147919754
647 32 14.6147919754
648 32 14.6147919754
649 32 14.6147919754
650 32 14.6147919754
651 32 14.6147919754
652 32 14.6147919754
653 32 14.6147919754
654 32 14.6147919754
655 32 14.6147919754
656 32 14.6147919754
657 32 14.6147919754
658 32 14.6147919754
659 32 14.6147919754
660 32 14.6147919754
661 33 14.4500921791
662 33 14.4500921791
663 33 14.4500921791
664 33 14.4500921791
665 33 14.4500921791
666 33 14.4500921791
667 33 14.4500921791
668 33 14.4500921791
669 33 14.4500921791
670 33 14.4500921791
671 33 14.4500921791
672 33 14.4500921791
673 33 14.4500921791
674 33 14.4500921791
675 33 14.4500921791
676 33 14.4500921791
677 33 14.4500921791
678 33 14.4500921791
679 33 14.4500921791
680 33 14.4500921791
681 34 17.215153245
682 34 17.215153245
683 34 17.215153245
684 34 17.215153245
685 34 17.215153245
686 34 17.215153245
687 34 17.215153245
688 34 17.215153245
689 34 17.215153245
690 34 17.215153245
691 34 17.215153245
692 34 17.215153245
693 34 17.215153245
694 34 17.215153245
695 34 17.215153245
696 34 17.215153245
697 34 17.215153245
698 34 17.215153245
699 34 17.215153245
700 34 17.215153245
701 35 18.7454353548
702 35 18.7454353548
703 35 18.7454353548
704 35 18.7454353548
705 35 18.7454353548
706 35 18.7454353548
707 35 18.7454353548
708 35 18.7454353548
709 35 18.7454353548
710 35 18.7454353548
711 35 18.7454353548
712 36 24.7585331962
713 36 24.7585331962
714 36 24.7585331962
715 36 24.7585331962
716 36 24.7585331962
717 36 24.7585331962
718 36 24.7585331962
719 36 24.7585331962
720 36 24.7585331962
721 36 24.7585331962
722 36 24.7585331962
723 36 24.7585331962
724 36 24.7585331962
725 36 24.7585331962
726 36 24.7585331962
727 36 24.7585331962
728 36 24.7585331962
729 36 24.7585331962
730 36 24.7585331962
731 36 24.7585331962
732 36 24.7585331962
733 36 24.7585331962
734 36 24.7585331962
735 36 24.7585331962
736 36 24.7585331962
737 36 24.7585331962
738 36 24.7585331962
739 36 24.7585331962
740 36 24.7585331962
741 36 24.7585331962
742 36 24.7585331962
743 36 24.7585331962
744 36 24.7585331962
745 36 24.7585331962
746 36 24.7585331962
747 36 24.7585331962
748 36 24.7585331962
749 36 24.7585331962
750 36 24.7585331962
751 36 24.7585331962
752 37 19.4293767945
753 37 19.4293767945
754 37 19.4293767945
755 37 19.4293767945
756 37 19.4293767945
757 37 19.4293767945
758 37 19.4293767945
759 37 19.4293767945
760 37 19.4293767945
761 37 19.4293767945
762 37 19.4293767945
763 37 19.4293767945
764 37 19.4293767945
765 37 19.4293767945
766 37 19.4293767945
767 37 19.4293767945
768 37 19.4293767945
769 37 19.4293767945
770 37 19.4293767945
771 37 19.4293767945
772 37 19.4293767945
773 37 19.4293767945
774 37 19.4293767945
775 37 19.4293767945
776 37 19.4293767945
777 37 19.4293767945
778 37 19.4293767945
779 37 19.4293767945
780 37 19.4293767945
781 37 19.4293767945
782 37 19.4293767945
783 37 19.4293767945
784 37 19.4293767945
785 37 19.4293767945
786 37 19.4293767945
787 37 19.4293767945
788 37 19.4293767945
789 37 19.4293767945
790 37 19.4293767945
791 37 19.4293767945
792 38 20.3421267843
793 38 20.3421267843
794 38 20.3421267843
795 38 20.3421267843
796 38 20.3421267843
797 38 20.3421267843
798 38 20.3421267843
799 38 20.3421267843
800 38 20.3421267843
801 38 20.3421267843
802 38 20.3421267843
803 38 20.3421267843
804 38 20.3421267843
805 38 20.3421267843
806 38 20.3421267843
807 38 20.3421267843
808 38 20.3421267843
809 38 20.3421267843
810 38 20.3421267843
811 38 20.3421267843
812 38 20.3421267843
813 38 20.3421267843
814 38 20.3421267843
815 38 20.3421267843
816 38 20.3421267843
817 38 20.3421267843
818 38 20.3421267843
819 38 20.3421267843
820 38 20.3421267843
821 38 20.3421267843
822 38 20.3421267843
823 38 20.3421267843
824 38 20.3421267843
825 38 20.3421267843
826 38 20.3421267843
827 38 20.3421267843
828 38 20.3421267843
829 38 20.3421267843
830 38 20.3421267843
831 38 20.3421267843
832 39 20.6124169342
833 39 20.6124169342
834 39 20.6124169342
835 39 20.6124169342
836 39 20.6124169342
837 39 20.6124169342
838 39 20.6124169342
839 39 20.6124169342
840 39 20.6124169342
841 39 20.6124169342
842 39 20.6124169342
843 39 20.6124169342
844 39 20.6124169342
845 39 20.6124169342
846 39 20.6124169342
847 39 20.6124169342
848 39 20.6124169342
849 39 20.6124169342
850 39 20.6124169342
851 39 20.6124169342
852 39 20.6124169342
853 39 20.6124169342
854 39 20.6124169342
855 39 20.6124169342
856 39 20.6124169342
857 39 20.6124169342
858 39 20.6124169342
859 39 20.6124169342
860 39 20.6124169342
861 39 20.6124169342
862 39 20.6124169342
863 39 20.6124169342
864 39 20.6124169342
865 39 20.6124169342
866 39 20.6124169342
867 39 20.6124169342
868 39 20.6124169342
869 39 20.6124169342
870 39 20.6124169342
871 39 20.6124169342
872 40 31.5770689
873 40 31.5770689
874 40 31.5770689
875 40 31.5770689
876 40 31.5770689
877 40 31.5770689
878 40 31.5770689
879 40 31.5770689
880 40 31.5770689
881 40 31.5770689
882 40 31.5770689
883 40 31.5770689
884 40 31.5770689
885 40 31.5770689
886 40 31.5770689
887 40 31.5770689
888 40 31.5770689
889 40 31.5770689
890 40 31.5770689
891 40 31.5770689
892 40 31.5770689
893 40 31.5770689
894 40 31.5770689
895 40 31.5770689
896 40 31.5770689
897 40 31.5770689
898 40 31.5770689
899 40 31.5770689
900 40 31.5770689
901 40 31.5770689
902 40 31.5770689
903 40 31.5770689
904 40 31.5770689
905 40 31.5770689
906 40 31.5770689
907 40 31.5770689
908 40 31.5770689
909 40 31.5770689
910 40 31.5770689
911 40 31.5770689
912 41 31.6381494849
913 41 31.6381494849
914 41 31.6381494849
915 41 31.6381494849
916 41 31.6381494849
917 41 31.6381494849
918 41 31.6381494849
919 41 31.6381494849
920 41 31.6381494849
921 41 31.6381494849
922 41 31.6381494849
923 41 31.6381494849
924 41 31.6381494849
925 41 31.6381494849
926 41 31.6381494849
927 41 31.6381494849
928 41 31.6381494849
929 41 31.6381494849
930 41 31.6381494849
931 41 31.6381494849
932 41 31.6381494849
933 41 31.6381494849
934 41 31.6381494849
935 41 31.6381494849
936 41 31.6381494849
937 41 31.6381494849
938 41 31.6381494849
939 41 31.6381494849
940 41 31.6381494849
941 41 31.6381494849
942 41 31.6381494849
943 41 31.6381494849
944 41 31.6381494849
945 41 31.6381494849
946 41 31.6381494849
947 41 31.6381494849
948 41 31.6381494849
949 41 31.6381494849
950 41 31.6381494849
951 41 31.6381494849
952 42 21.1543781915
953 42 21.1543781915
954 42 21.1543781915
955 42 21.1543781915
956 42 21.1543781915
957 42 21.1543781915
958 42 21.1543781915
959 42 21.1543781915
960 42 21.1543781915
961 42 21.1543781915
962 42 21.1543781915
963 42 21.1543781915
964 42 21.1543781915
965 42 21.1543781915
966 42 21.1543781915
967 42 21.1543781915
968 42 21.1543781915
969 42 21.1543781915
970 42 21.1543781915
971 42 21.1543781915
972 42 21.1543781915
973 42 21.1543781915
974 42 21.1543781915
975 42 21.1543781915
976 42 21.1543781915
977 42 21.1543781915
978 42 21.1543781915
979 42 21.1543781915
980 42 21.1543781915
981 42 21.1543781915
982 42 21.1543781915
983 42 21.1543781915
984 42 21.1543781915
985 42 21.1543781915
986 42 21.1543781915
987 42 21.1543781915
988 42 21.1543781915
989 42 21.1543781915
990 42 21.1543781915
991 42 21.1543781915
992 43 20.4337911719
993 43 20.4337911719
994 43 20.4337911719
995 43 20.4337911719
996 43 20.4337911719
997 43 20.4337911719
998 43 20.4337911719
999 43 20.4337911719
1000 43 20.4337911719
1001 43 20.4337911719
1002 43 20.4337911719
1003 43 20.4337911719
1004 43 20.4337911719
1005 43 20.4337911719
1006 43 20.4337911719
1007 43 20.4337911719
1008 43 20.4337911719
1009 43 20.4337911719
1010 43 20.4337911719
1011 43 20.4337911719
1012 43 20.4337911719
1013 43 20.4337911719
1014 43 20.4337911719
1015 43 20.4337911719
1016 43 20.4337911719
1017 43 20.4337911719
1018 43 20.4337911719
1019 43 20.4337911719
1020 43 20.4337911719
1021 43 20.4337911719
1022 43 20.4337911719
1023 43 20.4337911719
1024 43 20.4337911719
1025 43 20.4337911719
1026 43 20.4337911719
1027 43 20.4337911719
1028 43 20.4337911719
1029 43 20.4337911719
1030 43 20.4337911719
1031 43 20.4337911719
1032 44 14.9193687269
1033 44 14.9193687269
1034 44 14.9193687269
1035 44 14.9193687269
1036 44 14.9193687269
1037 44 14.9193687269
1038 44 14.9193687269
1039 44 14.9193687269
1040 44 14.9193687269
1041 44 14.9193687269
1042 44 14.9193687269
1043 44 14.9193687269
1044 44 14.9193687269
1045 44 14.9193687269
1046 44 14.9193687269
1047 44 14.9193687269
1048 44 14.9193687269
1049 44 14.9193687269
1050 44 14.9193687269
1051 44 14.9193687269
1052 44 14.9193687269
1053 44 14.9193687269
1054 44 14.9193687269
1055 44 14.9193687269
1056 44 14.9193687269
1057 44 14.9193687269
1058 44 14.9193687269
1059 44 14.9193687269
1060 44 14.9193687269
1061 44 14.9193687269
1062 44 14.9193687269
1063 44 14.9193687269
1064 44 14.9193687269
1065 44 14.9193687269
1066 44 14.9193687269
1067 44 14.9193687269
1068 44 14.9193687269
1069 44 14.9193687269
1070 44 14.9193687269
1071 44 14.9193687269
1072 45 21.6875458525
1073 45 21.6875458525
1074 45 21.6875458525
1075 45 21.6875458525
1076 45 21.6875458525
1077 45 21.6875458525
1078 45 21.6875458525
1079 45 21.6875458525
1080 45 21.6875458525
1081 45 21.6875458525
1082 45 21.6875458525
