8 0 10.8597163927
9 1 11.3913781496
10 2 12.8017712777
11 3 13.8282457777
12 4 15.0093416429
13 5 15.748269523
14 6 15.1334450118
15 7 14.4349267417
16 8 13.0920895705
17 9 12.0208952116
18 10 11.1577701384
19 11 10.2080966419
20 12 9.80064155961
21 13 9.11427457036
22 14 8.6764986785
23 15 9.29017803299
24 16 10.6341750517
25 17 10.8854361341
26 18 12.3357361433
27 19 12.0728539232
28 20 11.1009791786
29 21 12.022975629
30 22 13.0061973745
31 23 12.5216962607
32 24 11.7993109642
33 25 12.1272397121
34 26 11.2470299823
35 27 11.0172724795
36 28 10.4026148874
37 29 11.2012234556
38 30 11.1849759725
39 31 12.304465715
40 32 13.3169636204
41 33 14.1985931883
42 34 15.4812704683
43 35 16.1383772345
44 36 17.3873844555
45 37 17.312908606
46 38 17.8969042506
47 39 17.3660880972
48 40 15.9246967318
49 41 15.5146084002
50 42 19.0186322724
51 42 19.0186322724
52 42 19.0186322724
53 42 19.0186322724
54 42 19.0186322724
55 42 19.0186322724
56 42 19.0186322724
57 42 19.0186322724
58 42 19.0186322724
59 42 19.0186322724
60 42 19.0186322724
61 42 19.0186322724
62 42 19.0186322724
63 42 19.0186322724
64 42 19.0186322724
65 42 19.0186322724
66 42 19.0186322724
67 42 19.0186322724
68 42 19.0186322724
69 42 19.0186322724
70 42 19.0186322724
71 42 19.0186322724
72 42 19.0186322724
73 42 19.0186322724
74 42 19.0186322724
75 42 19.0186322724
76 42 19.0186322724
77 42 19.0186322724
78 42 19.0186322724
79 42 19.0186322724
80 42 19.0186322724
81 42 19.0186322724
82 42 19.0186322724
83 42 19.0186322724
84 42 19.0186322724
85 42 19.0186322724
86 42 19.0186322724
87 42 19.0186322724
88 42 19.0186322724
89 42 19.0186322724
90 43 18.1767781121
91 43 18.1767781121
92 43 18.1767781121
93 43 18.1767781121
94 44 15.1465295029
95 45 14.291848034
96 46 15.248692799
97 47 14.5483541902
98 48 13.1724184186
99 49 12.7708384399
100 50 11.9346327799
101 51 11.1256842521
102 52 10.9086605421
103 53 9.80001889104
104 54 9.03925141717
105 55 8.62394302748
106 56 8.04912527654
107 57 8.77817604015
108 58 9.95346340856
109 59 11.0041983112
110 60 12.4586482128
111 61 13.1602954849
112 62 14.2366780672
113 63 15.0751541769
114 64 16.2393239605
115 65 16.7445739822
116 66 16.0001302469
117 67 16.8847003103
118 68 15.7956418538
119 69 14.5333970101
120 70 13.5423939606
121 71 12.2634686497
122 72 11.0951492032
123 73 9.90000477277
124 74 8.67061797806
125 75 8.43675763209
126 76 7.98940283093
127 77 8.28113104271
128 78 8.01133807567
129 79 9.15731513594
130 80 9.91229637646
131 81 11.257249372
132 82 12.4743448315
133 83 13.2881454685
134 84 14.6433562431
135 85 15.1827361563
136 86 16.6779263288
137 87 16.7911087075
138 88 16.0602024141
139 89 16.3925268815
140 90 16.8365043083
141 91 15.8588067233
142 92 14.4772425272
143 93 14.8574245405
144 94 13.9636512718
145 95 14.3071993699
146 96 13.3660532174
147 97 11.9083406284
148 98 10.9269706915
149 99 9.6737188149
150 100 9.49793737958
151 101 13.0466780893
152 101 13.0466780893
153 101 13.0466780893
154 101 13.0466780893
155 101 13.0466780893
156 101 13.0466780893
157 101 13.0466780893
158 101 13.0466780893
159 101 13.0466780893
160 101 13.0466780893
161 101 13.0466780893
162 101 13.0466780893
163 101 13.0466780893
164 101 13.0466780893
165 102 8.56062544767
166 103 7.89933352657
167 104 7.69488992673
168 105 7.42476616132
169 106 7.84228810743
170 107 7.74322697002
171 108 8.57448607167
172 109 9.55938638042
173 110 10.6333739981
174 111 11.9384546048
175 112 9.89778061308
176 112 9.89778061308
177 112 9.89778061308
178 112 9.89778061308
179 112 9.89778061308
180 112 9.89778061308
181 112 9.89778061308
182 112 9.89778061308
183 112 9.89778061308
184 112 9.89778061308
185 112 9.89778061308
186 112 9.89778061308
187 112 9.89778061308
188 112 9.89778061308
189 112 9.89778061308
190 112 9.89778061308
191 112 9.89778061308
192 112 9.89778061308
193 112 9.89778061308
194 112 9.89778061308
195 112 9.89778061308
196 112 9.89778061308
197 112 9.89778061308
198 112 9.89778061308
199 112 9.89778061308
200 112 9.89778061308
201 112 9.89778061308
202 112 9.89778061308
203 112 9.89778061308
204 112 9.89778061308
205 112 9.89778061308
206 112 9.89778061308
207 112 9.89778061308
208 112 9.89778061308
209 112 9.89778061308
210 112 9.89778061308
211 112 9.89778061308
212 112 9.89778061308
213 112 9.89778061308
214 112 9.89778061308
215 113 16.8321386985
216 113 16.8321386985
217 113 16.8321386985
218 113 16.8321386985
219 113 16.8321386985
220 113 16.8321386985
221 113 16.8321386985
222 113 16.8321386985
223 113 16.8321386985
224 113 16.8321386985
225 113 16.8321386985
226 113 16.8321386985
227 113 16.8321386985
228 113 16.8321386985
229 113 16.8321386985
230 113 16.8321386985
231 114 12.9133992981
232 115 14.0947582216
233 116 15.3151464142
234 117 15.6389455477
235 118 14.5989027856
236 119 14.2102131897
237 120 13.782017117
238 121 12.6515903698
239 122 11.4864917648
240 123 10.3788656527
241 124 9.40583846753
242 125 8.79193731643
243 126 8.15592577673
244 127 7.91216282048
245 128 8.33424403685
246 129 9.06360488656
247 130 9.03902363666
248 131 9.54906123187
249 132 9.75275660119
250 133 10.6720572885
251 134 11.2983965234
252 135 12.5563127491
253 136 13.4913309441
254 137 14.5854903702
255 138 14.1244031432
256 139 14.6381190349
257 140 13.1613145758
258 141 13.2487162234
259 142 14.7035434335
260 143 14.7057116973
261 144 13.4918031949
262 145 13.8203408432
263 146 12.0143765502
264 147 11.9576038254
265 148 10.7768703703
266 149 10.4533698981
267 150 10.3889327258
268 151 10.0311047903
269 152 10.7999168705
270 153 10.6098195345
271 154 11.2846031631
272 155 11.1510203095
273 156 11.4175835411
274 157 10.7123655624
275 158 10.7684688733
276 159 10.1178778351
277 160 9.33155877447
278 161 8.94176274987
279 162 8.87788582838
280 163 8.24459070558
281 164 8.7695981119
282 165 8.53182857517
283 166 9.60374318653
284 167 10.2816235473
285 168 11.6081553209
286 169 12.5907672336
287 170 13.970423725
288 171 14.8901028899
289 172 16.1945662866
290 173 17.1042869631
291 174 15.8420677815
292 175 15.2850633195
293 176 14.2618336118
294 177 14.1198222071
295 178 13.4706288863
296 179 12.4218172271
297 180 11.8249154784
298 181 10.7693263931
299 182 10.3712747882
300 183 9.35475134521
301 184 9.55882199303
302 185 10.2660131999
303 186 9.89647011077
304 187 10.6901551901
305 188 11.3195014767
306 189 11.6235588679
307 190 11.8967958271
308 191 11.7941834449
309 192 12.7107724498
310 193 12.3559394101
311 194 13.2914757147
312 195 12.8659898903
313 196 13.8361860626
314 197 15.0917201586
315 198 15.8888978298
316 199 17.1492168741
317 200 17.921297621
318 201 18.3765051683
319 202 19.4646065721
320 203 18.6928865837
321 204 17.5018576789
322 205 17.7804261271
323 206 17.5676983972
324 207 16.2591804078
325 208 15.2951119788
326 209 13.9922842388
327 210 12.5530924272
328 211 12.2122480892
329 212 12.2735495846
330 213 13.6656043242
331 214 13.7419776267
332 215 13.1584684632
333 216 13.6619418438
334 217 13.5517835418
335 218 14.5129812021
336 219 14.7536305928
337 220 16.4556763428
338 221 16.2885707905
339 222 17.8247297231
340 223 16.7098883784
341 224 15.7805073578
342 225 14.1871510692
343 226 13.0350848247
344 227 12.5168715719
345 228 11.2441148928
346 229 11.3497766601
347 230 11.7866400184
348 231 11.325634029
349 232 11.0391923752
350 233 10.5027863777
351 234 9.96431736169
352 235 9.98894041007
353 236 9.95336383386
354 237 10.4464864133
355 238 11.1864004264
356 239 12.1200648661
357 240 12.918126754
358 241 14.1813728473
359 242 15.750126476
360 243 16.1052269637
361 244 16.5754298781
362 245 17.8283330576
363 246 19.0191516829
364 247 19.8365871679
365 248 21.1786508293
366 249 21.2099969358
367 250 21.7829173788
368 251 21.534395251
369 252 20.4128856349
370 253 18.8885213678
371 254 18.4170487179
372 255 16.8407332258
373 256 16.4435344128
374 257 14.7841485721
375 258 14.5240018924
376 259 13.6490788026
377 260 12.9683772626
378 261 12.5829765511
379 262 11.384321207
380 263 12.1565257354
381 264 12.4700580318
382 265 13.9303953987
383 266 15.1579291231
384 267 14.1297172876
385 268 15.0271836175
386 269 15.099530919
387 270 16.2351983083
388 271 16.7726283211
389 272 16.4315212221
390 273 17.2991482822
391 274 16.433540693
392 275 18.014760788
393 276 17.788814761
394 277 16.209517243
395 278 16.7623301894
396 279 17.4794285339
397 280 17.4399565286
398 281 18.8337089586
399 282 18.8990727212
400 283 18.0851447151
401 284 17.5867794531
402 285 17.6403225729
403 286 17.5234158283
404 287 16.6544687203
405 288 14.975071093
406 289 14.7260289051
407 290 19.885607629
408 290 19.885607629
409 290 19.885607629
410 290 19.885607629
411 290 19.885607629
412 290 19.885607629
413 290 19.885607629
414 290 19.885607629
415 290 19.885607629
416 290 19.885607629
417 290 19.885607629
418 290 19.885607629
419 290 19.885607629
420 290 19.885607629
421 290 19.885607629
422 290 19.885607629
423 290 19.885607629
424 290 19.885607629
425 290 19.885607629
426 290 19.885607629
427 290 19.885607629
428 290 19.885607629
429 290 19.885607629
430 290 19.885607629
431 290 19.885607629
432 290 19.885607629
433 290 19.885607629
434 290 19.885607629
435 290 19.885607629
436 290 19.885607629
437 291 13.1539448906
438 292 12.1659605957
439 293 12.0467712801
440 294 10.8608177909
441 295 11.279927931
442 296 12.5090632007
443 297 13.2189780079
444 298 14.7258056061
445 299 15.4368236427
446 300 16.5811608095
447 301 17.6859789804
448 302 17.7607098416
449 303 18.6028287864
450 304 17.2630180125
451 305 15.7880404367
452 306 14.6346628327
453 307 13.7804808612
454 308 12.690531407
455 309 12.1119784458
456 310 11.9127785321
457 311 13.3462801104
458 312 14.3025287795
459 313 14.7898111097
460 314 14.6439079188
461 315 15.6786912352
462 316 16.5157742839
463 317 17.4411654216
464 318 18.7725541021
465 319 18.1524996947
466 320 19.8504816131
467 321 21.0405740943
468 322 19.7199179299
469 323 20.4218365864
470 324 19.0277988461
471 325 19.3654116976
472 326 18.5707369579
473 327 17.399013706
474 328 16.7004706224
475 329 16.43272923
476 330 14.8786990449
477 331 18.9258079819
478 331 18.9258079819
479 331 18.9258079819
480 331 18.9258079819
481 331 18.9258079819
482 331 18.9258079819
483 331 18.9258079819
484 331 18.9258079819
485 331 18.9258079819
486 331 18.9258079819
487 331 18.9258079819
488 331 18.9258079819
489 331 18.9258079819
490 331 18.9258079819
491 331 18.9258079819
492 331 18.9258079819
493 331 18.9258079819
494 331 18.9258079819
495 331 18.9258079819
496 331 18.9258079819
497 331 18.9258079819
498 331 18.9258079819
499 331 18.9258079819
500 331 18.9258079819
501 331 18.9258079819
502 331 18.9258079819
503 332 14.4558693776
504 333 14.7813669568
505 334 13.5085292277
506 335 11.9884415343
507 336 11.5969288225
508 337 10.282754296
509 338 10.7358020018
510 339 12.1857097226
511 340 12.8121536909
512 341 14.2514749407
513 342 14.3604886708
514 343 14.50932436
515 344 15.86105325
516 345 16.355314316
517 346 16.3759076734
518 347 17.2231657281
519 348 15.8704978681
520 349 14.5193222821
521 350 13.375549992
522 351 12.7523264713
523 352 11.481200221
524 353 11.6850732897
525 354 11.2866426971
526 355 12.9066843599
527 356 13.2594867729
528 357 12.9263821432
529 358 12.5402006103
530 359 13.9481040843
531 360 14.5686973002
532 361 15.87012794
533 362 17.0668042276
534 363 17.4032594162
535 364 18.9587180837
536 365 19.6918647923
537 366 21.4209036339
538 367 22.5430508351
539 368 21.0195275715
540 368 21.0195275715
541 368 21.0195275715
542 368 21.0195275715
543 368 21.0195275715
544 368 21.0195275715
545 368 21.0195275715
546 368 21.0195275715
547 368 21.0195275715
548 368 21.0195275715
549 368 21.0195275715
550 368 21.0195275715
551 368 21.0195275715
552 368 21.0195275715
553 368 21.0195275715
554 368 21.0195275715
555 368 21.0195275715
556 368 21.0195275715
557 368 21.0195275715
558 368 21.0195275715
559 368 21.0195275715
560 368 21.0195275715
561 368 21.0195275715
562 368 21.0195275715
563 368 21.0195275715
564 368 21.0195275715
565 368 21.0195275715
566 368 21.0195275715
567 368 21.0195275715
568 368 21.0195275715
569 368 21.0195275715
570 368 21.0195275715
571 368 21.0195275715
572 368 21.0195275715
573 368 21.0195275715
574 368 21.0195275715
575 368 21.0195275715
576 368 21.0195275715
577 368 21.0195275715
578 368 21.0195275715
579 369 16.6363827794
580 369 16.6363827794
581 369 16.6363827794
582 369 16.6363827794
583 369 16.6363827794
584 369 16.6363827794
585 369 16.6363827794
586 369 16.6363827794
587 369 16.6363827794
588 369 16.6363827794
589 369 16.6363827794
590 369 16.6363827794
591 369 16.6363827794
592 369 16.6363827794
593 369 16.6363827794
594 369 16.6363827794
595 369 16.6363827794
596 369 16.6363827794
597 369 16.6363827794
598 369 16.6363827794
599 369 16.6363827794
600 369 16.6363827794
601 369 16.6363827794
602 369 16.6363827794
603 369 16.6363827794
604 369 16.6363827794
605 369 16.6363827794
606 369 16.6363827794
607 369 16.6363827794
608 369 16.6363827794
609 369 16.6363827794
610 369 16.6363827794
611 369 16.6363827794
612 369 16.6363827794
613 369 16.6363827794
614 369 16.6363827794
615 369 16.6363827794
616 369 16.6363827794
617 369 16.6363827794
618 369 16.6363827794
619 370 14.2111660535
620 370 14.2111660535
621 370 14.2111660535
622 370 14.2111660535
623 370 14.2111660535
624 370 14.2111660535
625 370 14.2111660535
626 370 14.2111660535
627 370 14.2111660535
628 370 14.2111660535
629 370 14.2111660535
630 370 14.2111660535
631 370 14.2111660535
632 370 14.2111660535
633 370 14.2111660535
634 370 14.2111660535
635 370 14.2111660535
636 370 14.2111660535
637 370 14.2111660535
638 370 14.2111660535
639 370 14.2111660535
640 370 14.2111660535
641 370 14.2111660535
642 370 14.2111660535
643 370 14.2111660535
644 370 14.2111660535
645 370 14.2111660535
646 370 14.2111660535
647 370 14.2111660535
648 370 14.2111660535
649 370 14.2111660535
650 370 14.2111660535
651 370 14.2111660535
652 370 14.2111660535
653 370 14.2111660535
654 370 14.2111660535
655 370 14.2111660535
656 370 14.2111660535
657 370 14.2111660535
658 370 14.2111660535
659 371 10.3499586719
660 371 10.3499586719
661 371 10.3499586719
662 371 10.3499586719
663 371 10.3499586719
664 371 10.3499586719
665 371 10.3499586719
666 371 10.3499586719
667 371 10.3499586719
668 371 10.3499586719
669 371 10.3499586719
670 371 10.3499586719
671 371 10.3499586719
672 371 10.3499586719
673 371 10.3499586719
674 371 10.3499586719
675 371 10.3499586719
676 371 10.3499586719
677 371 10.3499586719
678 371 10.3499586719
679 371 10.3499586719
680 371 10.3499586719
681 371 10.3499586719
682 371 10.3499586719
683 371 10.3499586719
684 371 10.3499586719
685 371 10.3499586719
686 371 10.3499586719
687 371 10.3499586719
688 371 10.3499586719
689 371 10.3499586719
690 371 10.3499586719
691 371 10.3499586719
692 371 10.3499586719
693 371 10.3499586719
694 371 10.3499586719
695 371 10.3499586719
696 371 10.3499586719
697 371 10.3499586719
698 371 10.3499586719
699 372 19.4872979308
700 372 19.4872979308
701 372 19.4872979308
702 372 19.4872979308
703 372 19.4872979308
704 372 19.4872979308
705 372 19.4872979308
706 372 19.4872979308
707 372 19.4872979308
708 372 19.4872979308
709 372 19.4872979308
710 372 19.4872979308
711 372 19.4872979308
712 372 19.4872979308
713 372 19.4872979308
714 372 19.4872979308
715 372 19.4872979308
716 372 19.4872979308
717 372 19.4872979308
718 372 19.4872979308
719 372 19.4872979308
720 372 19.4872979308
721 372 19.4872979308
722 372 19.4872979308
723 372 19.4872979308
724 372 19.4872979308
725 372 19.4872979308
726 372 19.4872979308
727 372 19.4872979308
728 372 19.4872979308
729 372 19.4872979308
730 372 19.4872979308
731 372 19.4872979308
732 372 19.4872979308
733 372 19.4872979308
734 372 19.4872979308
735 372 19.4872979308
736 372 19.4872979308
737 372 19.4872979308
738 372 19.4872979308
739 373 26.9617673584
740 373 26.9617673584
741 373 26.9617673584
742 373 26.9617673584
743 373 26.9617673584
744 373 26.9617673584
745 373 26.9617673584
746 373 26.9617673584
747 373 26.9617673584
748 373 26.9617673584
749 373 26.9617673584
750 373 26.9617673584
751 373 26.9617673584
752 373 26.9617673584
753 373 26.9617673584
754 373 26.9617673584
755 373 26.9617673584
756 373 26.9617673584
757 373 26.9617673584
758 373 26.9617673584
759 373 26.9617673584
760 373 26.9617673584
761 373 26.9617673584
762 373 26.9617673584
763 373 26.9617673584
764 373 26.9617673584
765 373 26.9617673584
766 373 26.9617673584
767 373 26.9617673584
768 373 26.9617673584
769 373 26.9617673584
770 373 26.9617673584
771 373 26.9617673584
772 373 26.9617673584
773 373 26.9617673584
774 373 26.9617673584
775 373 26.9617673584
776 373 26.9617673584
777 373 26.9617673584
778 373 26.9617673584
779 374 29.8294312865
780 374 29.8294312865
781 374 29.8294312865
782 374 29.8294312865
783 374 29.8294312865
784 374 29.8294312865
785 374 29.8294312865
786 374 29.8294312865
787 374 29.8294312865
788 374 29.8294312865
789 374 29.8294312865
790 374 29.8294312865
791 374 29.8294312865
792 374 29.8294312865
793 374 29.8294312865
794 374 29.8294312865
795 374 29.8294312865
796 374 29.8294312865
797 374 29.8294312865
798 374 29.8294312865
799 374 29.8294312865
800 374 29.8294312865
801 374 29.8294312865
802 374 29.8294312865
803 374 29.8294312865
804 374 29.8294312865
805 374 29.8294312865
806 374 29.8294312865
807 374 29.8294312865
808 374 29.8294312865
809 374 29.8294312865
810 374 29.8294312865
811 374 29.8294312865
812 374 29.8294312865
813 374 29.8294312865
814 374 29.8294312865
815 374 29.8294312865
816 374 29.8294312865
817 374 29.8294312865
818 374 29.8294312865
819 375 22.3369354845
820 375 22.3369354845
821 375 22.3369354845
822 375 22.3369354845
823 375 22.3369354845
824 375 22.3369354845
825 375 22.3369354845
826 375 22.3369354845
827 375 22.3369354845
828 375 22.3369354845
829 375 22.3369354845
830 375 22.3369354845
831 375 22.3369354845
832 375 22.3369354845
833 375 22.3369354845
834 375 22.3369354845
835 375 22.3369354845
836 375 22.3369354845
837 375 22.3369354845
838 375 22.3369354845
839 375 22.3369354845
840 375 22.3369354845
841 375 22.3369354845
842 375 22.3369354845
843 375 22.3369354845
844 375 22.3369354845
845 375 22.3369354845
846 375 22.3369354845
847 375 22.3369354845
848 375 22.3369354845
849 375 22.3369354845
850 375 22.3369354845
851 375 22.3369354845
852 375 22.3369354845
853 375 22.3369354845
854 375 22.3369354845
855 375 22.3369354845
856 375 22.3369354845
857 375 22.3369354845
858 375 22.3369354845
859 376 17.1591237287
860 376 17.1591237287
861 376 17.1591237287
862 376 17.1591237287
863 376 17.1591237287
864 376 17.1591237287
865 376 17.1591237287
866 376 17.1591237287
867 376 17.1591237287
868 376 17.1591237287
869 376 17.1591237287
870 376 17.1591237287
871 376 17.1591237287
872 376 17.1591237287
873 376 17.1591237287
874 376 17.1591237287
875 376 17.1591237287
876 376 17.1591237287
877 376 17.1591237287
878 376 17.1591237287
879 376 17.1591237287
880 376 17.1591237287
881 376 17.1591237287
882 376 17.1591237287
883 376 17.1591237287
884 376 17.1591237287
885 376 17.1591237287
886 376 17.1591237287
887 376 17.1591237287
888 376 17.1591237287
889 376 17.1591237287
890 376 17.1591237287
891 376 17.1591237287
892 376 17.1591237287
893 376 17.1591237287
894 376 17.1591237287
895 376 17.1591237287
896 376 17.1591237287
897 376 17.1591237287
898 376 17.1591237287
899 377 10.8819815723
900 377 10.8819815723
901 377 10.8819815723
902 377 10.8819815723
903 377 10.8819815723
904 377 10.8819815723
905 377 10.8819815723
906 377 10.8819815723
907 377 10.8819815723
908 377 10.8819815723
909 377 10.8819815723
910 377 10.8819815723
911 377 10.8819815723
912 377 10.8819815723
913 377 10.8819815723
914 377 10.8819815723
915 377 10.8819815723
916 377 10.8819815723
917 377 10.8819815723
918 377 10.8819815723
919 377 10.8819815723
920 377 10.8819815723
921 377 10.8819815723
922 377 10.8819815723
923 377 10.8819815723
924 377 10.8819815723
925 377 10.8819815723
926 377 10.8819815723
927 377 10.8819815723
928 377 10.8819815723
929 377 10.8819815723
930 377 10.8819815723
931 377 10.8819815723
932 377 10.8819815723
933 377 10.8819815723
934 377 10.8819815723
935 377 10.8819815723
936 377 10.8819815723
937 377 10.8819815723
938 377 10.8819815723
939 378 10.1560347156
940 378 10.1560347156
941 378 10.1560347156
942 378 10.1560347156
943 378 10.1560347156
944 378 10.1560347156
945 378 10.1560347156
946 378 10.1560347156
947 378 10.1560347156
948 378 10.1560347156
949 378 10.1560347156
950 378 10.1560347156
951 378 10.1560347156
952 378 10.1560347156
953 378 10.1560347156
954 378 10.1560347156
955 378 10.1560347156
956 378 10.1560347156
957 378 10.1560347156
958 378 10.1560347156
959 378 10.1560347156
960 378 10.1560347156
961 378 10.1560347156
962 378 10.1560347156
963 378 10.1560347156
964 378 10.1560347156
965 378 10.1560347156
966 378 10.1560347156
967 378 10.1560347156
968 378 10.1560347156
969 378 10.1560347156
970 378 10.1560347156
971 378 10.1560347156
972 378 10.1560347156
973 378 10.1560347156
974 378 10.1560347156
975 378 10.1560347156
976 378 10.1560347156
977 378 10.1560347156
978 378 10.1560347156
979 379 12.8278909372
980 379 12.8278909372
981 379 12.8278909372
982 379 12.8278909372
983 379 12.8278909372
984 379 12.8278909372
985 379 12.8278909372
986 379 12.8278909372
