1 0 17.8941344773
2 0 17.8941344773
3 0 17.8941344773
4 0 17.8941344773
5 0 17.8941344773
6 0 17.8941344773
7 0 17.8941344773
8 0 17.8941344773
9 0 17.8941344773
10 0 17.8941344773
11 0 17.8941344773
12 0 17.8941344773
13 0 17.8941344773
14 0 17.8941344773
15 0 17.8941344773
16 0 17.8941344773
17 0 17.8941344773
18 0 17.8941344773
19 0 17.8941344773
20 0 17.8941344773
21 0 17.8941344773
22 0 17.8941344773
23 0 17.8941344773
24 0 17.8941344773
25 0 17.8941344773
26 0 17.8941344773
27 0 17.8941344773
28 0 17.8941344773
29 0 17.8941344773
30 0 17.8941344773
31 0 17.8941344773
32 0 17.8941344773
33 0 17.8941344773
34 0 17.8941344773
35 0 17.8941344773
36 0 17.8941344773
37 0 17.8941344773
38 0 17.8941344773
39 0 17.8941344773
40 0 17.8941344773
41 1 28.9201141304
42 1 28.9201141304
43 1 28.9201141304
44 1 28.9201141304
45 1 28.9201141304
46 1 28.9201141304
47 1 28.9201141304
48 1 28.9201141304
49 1 28.9201141304
50 1 28.9201141304
51 1 28.9201141304
52 1 28.9201141304
53 1 28.9201141304
54 1 28.9201141304
55 1 28.9201141304
56 1 28.9201141304
57 1 28.9201141304
58 1 28.9201141304
59 1 28.9201141304
60 1 28.9201141304
61 1 28.9201141304
62 1 28.9201141304
63 1 28.9201141304
64 1 28.9201141304
65 1 28.9201141304
66 1 28.9201141304
67 1 28.9201141304
68 1 28.9201141304
69 1 28.9201141304
70 1 28.9201141304
71 1 28.9201141304
72 1 28.9201141304
73 1 28.9201141304
74 1 28.9201141304
75 1 28.9201141304
76 1 28.9201141304
77 1 28.9201141304
78 1 28.9201141304
79 1 28.9201141304
80 1 28.9201141304
81 2 33.6575770349
82 2 33.6575770349
83 2 33.6575770349
84 2 33.6575770349
85 2 33.6575770349
86 2 33.6575770349
87 2 33.6575770349
88 2 33.6575770349
89 2 33.6575770349
90 2 33.6575770349
91 2 33.6575770349
92 2 33.6575770349
93 2 33.6575770349
94 2 33.6575770349
95 2 33.6575770349
96 2 33.6575770349
97 2 33.6575770349
98 2 33.6575770349
99 2 33.6575770349
100 2 33.6575770349
101 2 33.6575770349
102 2 33.6575770349
103 2 33.6575770349
104 2 33.6575770349
105 2 33.6575770349
106 2 33.6575770349
107 2 33.6575770349
108 2 33.6575770349
109 2 33.6575770349
110 2 33.6575770349
111 2 33.6575770349
112 2 33.6575770349
113 2 33.6575770349
114 2 33.6575770349
115 2 33.6575770349
116 2 33.6575770349
117 2 33.6575770349
118 2 33.6575770349
119 2 33.6575770349
120 2 33.6575770349
121 3 35.0976676178
122 3 35.0976676178
123 3 35.0976676178
124 3 35.0976676178
125 3 35.0976676178
126 3 35.0976676178
127 3 35.0976676178
128 3 35.0976676178
129 3 35.0976676178
130 3 35.0976676178
131 3 35.0976676178
132 3 35.0976676178
133 3 35.0976676178
134 3 35.0976676178
135 3 35.0976676178
136 3 35.0976676178
137 3 35.0976676178
138 3 35.0976676178
139 3 35.0976676178
140 3 35.0976676178
141 3 35.0976676178
142 3 35.0976676178
143 3 35.0976676178
144 3 35.0976676178
145 3 35.0976676178
146 3 35.0976676178
147 3 35.0976676178
148 3 35.0976676178
149 3 35.0976676178
150 3 35.0976676178
151 3 35.0976676178
152 3 35.0976676178
153 3 35.0976676178
154 3 35.0976676178
155 3 35.0976676178
156 3 35.0976676178
157 3 35.0976676178
158 3 35.0976676178
159 3 35.0976676178
160 3 35.0976676178
161 4 31.5506479181
162 4 31.5506479181
163 4 31.5506479181
164 4 31.5506479181
165 4 31.5506479181
166 4 31.5506479181
167 4 31.5506479181
168 4 31.5506479181
169 4 31.5506479181
170 4 31.5506479181
171 4 31.5506479181
172 4 31.5506479181
173 4 31.5506479181
174 4 31.5506479181
175 4 31.5506479181
176 4 31.5506479181
177 4 31.5506479181
178 4 31.5506479181
179 4 31.5506479181
180 4 31.5506479181
181 4 31.5506479181
182 4 31.5506479181
183 4 31.5506479181
184 4 31.5506479181
185 4 31.5506479181
186 4 31.5506479181
187 4 31.5506479181
188 4 31.5506479181
189 4 31.5506479181
190 4 31.5506479181
191 4 31.5506479181
192 4 31.5506479181
193 4 31.5506479181
194 4 31.5506479181
195 4 31.5506479181
196 4 31.5506479181
197 4 31.5506479181
198 4 31.5506479181
199 4 31.5506479181
200 4 31.5506479181
201 5 28.7158880596
202 5 28.7158880596
203 5 28.7158880596
204 5 28.7158880596
205 5 28.7158880596
206 5 28.7158880596
207 5 28.7158880596
208 5 28.7158880596
209 5 28.7158880596
210 5 28.7158880596
211 5 28.7158880596
212 5 28.7158880596
213 5 28.7158880596
214 5 28.7158880596
215 5 28.7158880596
216 5 28.7158880596
217 5 28.7158880596
218 5 28.7158880596
219 5 28.7158880596
220 5 28.7158880596
221 5 28.7158880596
222 5 28.7158880596
223 5 28.7158880596
224 5 28.7158880596
225 5 28.7158880596
226 5 28.7158880596
227 5 28.7158880596
228 5 28.7158880596
229 5 28.7158880596
230 5 28.7158880596
231 5 28.7158880596
232 5 28.7158880596
233 5 28.7158880596
234 5 28.7158880596
235 5 28.7158880596
236 5 28.7158880596
237 5 28.7158880596
238 5 28.7158880596
239 5 28.7158880596
240 5 28.7158880596
241 6 24.6034227129
242 6 24.6034227129
243 6 24.6034227129
244 6 24.6034227129
245 6 24.6034227129
246 6 24.6034227129
247 6 24.6034227129
248 6 24.6034227129
249 6 24.6034227129
250 6 24.6034227129
251 6 24.6034227129
252 6 24.6034227129
253 6 24.6034227129
254 6 24.6034227129
255 6 24.6034227129
256 6 24.6034227129
257 6 24.6034227129
258 6 24.6034227129
259 6 24.6034227129
260 6 24.6034227129
261 6 24.6034227129
262 6 24.6034227129
263 6 24.6034227129
264 6 24.6034227129
265 6 24.6034227129
266 6 24.6034227129
267 6 24.6034227129
268 6 24.6034227129
269 6 24.6034227129
270 6 24.6034227129
271 6 24.6034227129
272 6 24.6034227129
273 6 24.6034227129
274 6 24.6034227129
275 6 24.6034227129
276 6 24.6034227129
277 6 24.6034227129
278 6 24.6034227129
279 6 24.6034227129
280 6 24.6034227129
281 7 17.5164829793
282 7 17.5164829793
283 7 17.5164829793
284 7 17.5164829793
285 7 17.5164829793
286 7 17.5164829793
287 7 17.5164829793
288 7 17.5164829793
289 7 17.5164829793
290 7 17.5164829793
291 7 17.5164829793
292 7 17.5164829793
293 7 17.5164829793
294 7 17.5164829793
295 7 17.5164829793
296 7 17.5164829793
297 7 17.5164829793
298 7 17.5164829793
299 7 17.5164829793
300 7 17.5164829793
301 7 17.5164829793
302 7 17.5164829793
303 7 17.5164829793
304 7 17.5164829793
305 7 17.5164829793
306 7 17.5164829793
307 7 17.5164829793
308 7 17.5164829793
309 7 17.5164829793
310 7 17.5164829793
311 7 17.5164829793
312 7 17.5164829793
313 7 17.5164829793
314 7 17.5164829793
315 7 17.5164829793
316 7 17.5164829793
317 7 17.5164829793
318 7 17.5164829793
319 7 17.5164829793
320 7 17.5164829793
321 8 27.4374545606
322 8 27.4374545606
323 8 27.4374545606
324 8 27.4374545606
325 8 27.4374545606
326 8 27.4374545606
327 8 27.4374545606
328 8 27.4374545606
329 8 27.4374545606
330 8 27.4374545606
331 8 27.4374545606
332 8 27.4374545606
333 8 27.4374545606
334 8 27.4374545606
335 8 27.4374545606
336 8 27.4374545606
337 8 27.4374545606
338 8 27.4374545606
339 8 27.4374545606
340 8 27.4374545606
341 8 27.4374545606
342 8 27.4374545606
343 8 27.4374545606
344 8 27.4374545606
345 8 27.4374545606
346 8 27.4374545606
347 8 27.4374545606
348 8 27.4374545606
349 8 27.4374545606
350 8 27.4374545606
351 8 27.4374545606
352 8 27.4374545606
353 8 27.4374545606
354 8 27.4374545606
355 8 27.4374545606
356 8 27.4374545606
357 8 27.4374545606
358 8 27.4374545606
359 8 27.4374545606
360 8 27.4374545606
361 9 15.9216112636
362 9 15.9216112636
363 9 15.9216112636
364 9 15.9216112636
365 9 15.9216112636
366 9 15.9216112636
367 9 15.9216112636
368 9 15.9216112636
369 9 15.9216112636
370 9 15.9216112636
371 9 15.9216112636
372 9 15.9216112636
373 9 15.9216112636
374 9 15.9216112636
375 9 15.9216112636
376 9 15.9216112636
377 9 15.9216112636
378 9 15.9216112636
379 9 15.9216112636
380 9 15.9216112636
381 9 15.9216112636
382 9 15.9216112636
383 9 15.9216112636
384 9 15.9216112636
385 9 15.9216112636
386 9 15.9216112636
387 9 15.9216112636
388 9 15.9216112636
389 9 15.9216112636
390 9 15.9216112636
391 9 15.9216112636
392 9 15.9216112636
393 9 15.9216112636
394 9 15.9216112636
395 9 15.9216112636
396 9 15.9216112636
397 9 15.9216112636
398 9 15.9216112636
399 9 15.9216112636
400 9 15.9216112636
401 10 11.5288855257
402 10 11.5288855257
403 10 11.5288855257
404 10 11.5288855257
405 10 11.5288855257
406 10 11.5288855257
407 10 11.5288855257
408 10 11.5288855257
409 10 11.5288855257
410 10 11.5288855257
411 10 11.5288855257
412 10 11.5288855257
413 10 11.5288855257
414 10 11.5288855257
415 10 11.5288855257
416 10 11.5288855257
417 10 11.5288855257
418 10 11.5288855257
419 10 11.5288855257
420 10 11.5288855257
421 10 11.5288855257
422 10 11.5288855257
423 10 11.5288855257
424 10 11.5288855257
425 10 11.5288855257
426 10 11.5288855257
427 10 11.5288855257
428 10 11.5288855257
429 10 11.5288855257
430 10 11.5288855257
431 10 11.5288855257
432 10 11.5288855257
433 10 11.5288855257
434 10 11.5288855257
435 10 11.5288855257
436 10 11.5288855257
437 10 11.5288855257
438 10 11.5288855257
439 10 11.5288855257
440 10 11.5288855257
441 11 18.7844360291
442 11 18.7844360291
443 11 18.7844360291
444 11 18.7844360291
445 11 18.7844360291
446 11 18.7844360291
447 11 18.7844360291
448 11 18.7844360291
449 11 18.7844360291
450 11 18.7844360291
451 11 18.7844360291
452 11 18.7844360291
453 11 18.7844360291
454 11 18.7844360291
455 11 18.7844360291
456 11 18.7844360291
457 11 18.7844360291
458 11 18.7844360291
459 11 18.7844360291
460 11 18.7844360291
461 11 18.7844360291
462 11 18.7844360291
463 11 18.7844360291
464 11 18.7844360291
465 11 18.7844360291
466 11 18.7844360291
467 11 18.7844360291
468 11 18.7844360291
469 11 18.7844360291
470 11 18.7844360291
471 11 18.7844360291
472 11 18.7844360291
473 11 18.7844360291
474 11 18.7844360291
475 11 18.7844360291
476 11 18.7844360291
477 11 18.7844360291
478 11 18.7844360291
479 11 18.7844360291
480 11 18.7844360291
481 12 17.8641274588
482 12 17.8641274588
483 12 17.8641274588
484 12 17.8641274588
485 12 17.8641274588
486 12 17.8641274588
487 12 17.8641274588
488 12 17.8641274588
489 12 17.8641274588
490 12 17.8641274588
491 12 17.8641274588
492 12 17.8641274588
493 12 17.8641274588
494 12 17.8641274588
495 12 17.8641274588
496 12 17.8641274588
497 12 17.8641274588
498 12 17.8641274588
499 12 17.8641274588
500 12 17.8641274588
501 12 17.8641274588
502 12 17.8641274588
503 12 17.8641274588
504 12 17.8641274588
505 12 17.8641274588
506 12 17.8641274588
507 12 17.8641274588
508 12 17.8641274588
509 12 17.8641274588
510 12 17.8641274588
511 12 17.8641274588
512 12 17.8641274588
513 12 17.8641274588
514 12 17.8641274588
515 12 17.8641274588
516 12 17.8641274588
517 12 17.8641274588
518 12 17.8641274588
519 12 17.8641274588
520 12 17.8641274588
521 13 15.6449686471
522 13 15.6449686471
523 13 15.6449686471
524 13 15.6449686471
525 13 15.6449686471
526 13 15.6449686471
527 13 15.6449686471
528 13 15.6449686471
529 13 15.6449686471
530 13 15.6449686471
531 13 15.6449686471
532 13 15.6449686471
533 13 15.6449686471
534 13 15.6449686471
535 13 15.6449686471
536 13 15.6449686471
537 13 15.6449686471
538 13 15.6449686471
539 13 15.6449686471
540 13 15.6449686471
541 13 15.6449686471
542 13 15.6449686471
543 13 15.6449686471
544 13 15.6449686471
545 13 15.6449686471
546 13 15.6449686471
547 13 15.6449686471
548 13 15.6449686471
549 13 15.6449686471
550 13 15.6449686471
551 13 15.6449686471
552 13 15.6449686471
553 13 15.6449686471
554 13 15.6449686471
555 13 15.6449686471
556 13 15.6449686471
557 13 15.6449686471
558 13 15.6449686471
559 13 15.6449686471
560 13 15.6449686471
561 14 16.1570095403
562 14 16.1570095403
563 14 16.1570095403
564 14 16.1570095403
565 14 16.1570095403
566 14 16.1570095403
567 14 16.1570095403
568 14 16.1570095403
569 14 16.1570095403
570 14 16.1570095403
571 14 16.1570095403
572 14 16.1570095403
573 14 16.1570095403
574 14 16.1570095403
575 14 16.1570095403
576 14 16.1570095403
577 14 16.1570095403
578 14 16.1570095403
579 14 16.1570095403
580 14 16.1570095403
581 14 16.1570095403
582 14 16.1570095403
583 14 16.1570095403
584 14 16.1570095403
585 14 16.1570095403
586 14 16.1570095403
587 14 16.1570095403
588 14 16.1570095403
589 14 16.1570095403
590 14 16.1570095403
591 14 16.1570095403
592 14 16.1570095403
593 14 16.1570095403
594 14 16.1570095403
595 14 16.1570095403
596 14 16.1570095403
597 14 16.1570095403
598 14 16.1570095403
599 14 16.1570095403
600 14 16.1570095403
601 15 12.0543312805
602 15 12.0543312805
603 15 12.0543312805
604 15 12.0543312805
605 15 12.0543312805
606 15 12.0543312805
607 15 12.0543312805
608 15 12.0543312805
609 15 12.0543312805
610 15 12.0543312805
611 15 12.0543312805
612 15 12.0543312805
613 15 12.0543312805
614 15 12.0543312805
615 15 12.0543312805
616 15 12.0543312805
617 15 12.0543312805
618 15 12.0543312805
619 15 12.0543312805
620 15 12.0543312805
621 15 12.0543312805
622 15 12.0543312805
623 15 12.0543312805
624 15 12.0543312805
625 15 12.0543312805
626 15 12.0543312805
627 15 12.0543312805
628 15 12.0543312805
629 15 12.0543312805
630 15 12.0543312805
631 15 12.0543312805
632 15 12.0543312805
633 15 12.0543312805
634 15 12.0543312805
635 15 12.0543312805
636 15 12.0543312805
637 15 12.0543312805
638 15 12.0543312805
639 15 12.0543312805
640 15 12.0543312805
641 16 16.7995050209
642 16 16.7995050209
643 16 16.7995050209
644 16 16.7995050209
645 16 16.7995050209
646 16 16.7995050209
647 16 16.7995050209
648 16 16.7995050209
649 16 16.7995050209
650 16 16.7995050209
651 16 16.7995050209
652 16 16.7995050209
653 16 16.7995050209
654 16 16.7995050209
655 16 16.7995050209
656 16 16.7995050209
657 16 16.7995050209
658 16 16.7995050209
659 16 16.7995050209
660 16 16.7995050209
661 16 16.7995050209
662 16 16.7995050209
663 16 16.7995050209
664 16 16.7995050209
665 16 16.7995050209
666 16 16.7995050209
667 16 16.7995050209
668 16 16.7995050209
669 16 16.7995050209
670 16 16.7995050209
671 16 16.7995050209
672 16 16.7995050209
673 16 16.7995050209
674 16 16.7995050209
675 16 16.7995050209
676 16 16.7995050209
677 16 16.7995050209
678 16 16.7995050209
679 16 16.7995050209
680 16 16.7995050209
681 17 17.7846363332
682 17 17.7846363332
683 17 17.7846363332
684 17 17.7846363332
685 17 17.7846363332
686 17 17.7846363332
687 17 17.7846363332
688 17 17.7846363332
689 17 17.7846363332
690 17 17.7846363332
691 17 17.7846363332
692 17 17.7846363332
693 17 17.7846363332
694 17 17.7846363332
695 17 17.7846363332
696 17 17.7846363332
697 17 17.7846363332
698 17 17.7846363332
699 17 17.7846363332
700 17 17.7846363332
701 17 17.7846363332
702 17 17.7846363332
703 17 17.7846363332
704 17 17.7846363332
705 17 17.7846363332
706 17 17.7846363332
707 17 17.7846363332
708 17 17.7846363332
709 17 17.7846363332
710 17 17.7846363332
711 17 17.7846363332
712 17 17.7846363332
713 17 17.7846363332
714 17 17.7846363332
715 17 17.7846363332
716 17 17.7846363332
717 17 17.7846363332
718 17 17.7846363332
719 17 17.7846363332
720 17 17.7846363332
721 18 22.4395415749
722 18 22.4395415749
723 18 22.4395415749
724 18 22.4395415749
725 18 22.4395415749
726 18 22.4395415749
727 18 22.4395415749
728 18 22.4395415749
729 18 22.4395415749
730 18 22.4395415749
731 18 22.4395415749
732 18 22.4395415749
733 18 22.4395415749
734 18 22.4395415749
735 18 22.4395415749
736 18 22.4395415749
737 18 22.4395415749
738 18 22.4395415749
739 18 22.4395415749
740 18 22.4395415749
741 18 22.4395415749
742 18 22.4395415749
743 18 22.4395415749
744 18 22.4395415749
745 18 22.4395415749
746 18 22.4395415749
747 18 22.4395415749
748 18 22.4395415749
749 18 22.4395415749
750 18 22.4395415749
751 18 22.4395415749
752 18 22.4395415749
753 18 22.4395415749
754 18 22.4395415749
755 18 22.4395415749
756 18 22.4395415749
757 18 22.4395415749
758 18 22.4395415749
759 18 22.4395415749
760 18 22.4395415749
761 19 15.2847572553
762 19 15.2847572553
763 19 15.2847572553
764 19 15.2847572553
765 19 15.2847572553
766 19 15.2847572553
767 19 15.2847572553
768 19 15.2847572553
769 19 15.2847572553
770 19 15.2847572553
771 19 15.2847572553
772 19 15.2847572553
773 19 15.2847572553
774 19 15.2847572553
775 19 15.2847572553
776 19 15.2847572553
777 19 15.2847572553
778 19 15.2847572553
779 19 15.2847572553
780 19 15.2847572553
781 19 15.2847572553
782 19 15.2847572553
783 19 15.2847572553
784 19 15.2847572553
785 19 15.2847572553
786 19 15.2847572553
787 19 15.2847572553
788 19 15.2847572553
789 19 15.2847572553
790 19 15.2847572553
791 19 15.2847572553
792 19 15.2847572553
793 19 15.2847572553
794 19 15.2847572553
795 19 15.2847572553
796 19 15.2847572553
797 19 15.2847572553
798 19 15.2847572553
799 19 15.2847572553
800 19 15.2847572553
801 20 12.6980873596
802 20 12.6980873596
803 20 12.6980873596
804 20 12.6980873596
805 20 12.6980873596
806 20 12.6980873596
807 20 12.6980873596
808 20 12.6980873596
809 20 12.6980873596
810 20 12.6980873596
811 20 12.6980873596
812 20 12.6980873596
813 20 12.6980873596
814 20 12.6980873596
815 20 12.6980873596
816 20 12.6980873596
817 20 12.6980873596
818 20 12.6980873596
819 20 12.6980873596
820 20 12.6980873596
821 20 12.6980873596
822 20 12.6980873596
823 20 12.6980873596
824 20 12.6980873596
825 20 12.6980873596
826 20 12.6980873596
827 20 12.6980873596
828 20 12.6980873596
829 20 12.6980873596
830 20 12.6980873596
831 20 12.6980873596
832 20 12.6980873596
833 20 12.6980873596
834 20 12.6980873596
835 20 12.6980873596
836 20 12.6980873596
837 20 12.6980873596
838 20 12.6980873596
839 20 12.6980873596
840 20 12.6980873596
841 21 9.13578689081
842 21 9.13578689081
843 21 9.13578689081
844 21 9.13578689081
845 21 9.13578689081
846 21 9.13578689081
847 21 9.13578689081
848 21 9.13578689081
849 21 9.13578689081
850 21 9.13578689081
851 21 9.13578689081
852 21 9.13578689081
853 21 9.13578689081
854 21 9.13578689081
855 21 9.13578689081
856 21 9.13578689081
857 21 9.13578689081
858 21 9.13578689081
859 21 9.13578689081
860 21 9.13578689081
861 21 9.13578689081
862 21 9.13578689081
863 21 9.13578689081
864 21 9.13578689081
865 21 9.13578689081
866 21 9.13578689081
867 21 9.13578689081
868 21 9.13578689081
869 21 9.13578689081
870 21 9.13578689081
871 21 9.13578689081
872 21 9.13578689081
873 21 9.13578689081
874 21 9.13578689081
875 21 9.13578689081
876 21 9.13578689081
877 21 9.13578689081
878 21 9.13578689081
879 21 9.13578689081
880 21 9.13578689081
881 22 11.5216993083
882 22 11.5216993083
883 22 11.5216993083
884 22 11.5216993083
885 22 11.5216993083
886 22 11.5216993083
887 22 11.5216993083
888 22 11.5216993083
889 22 11.5216993083
890 22 11.5216993083
891 22 11.5216993083
892 22 11.5216993083
893 22 11.5216993083
894 22 11.5216993083
895 22 11.5216993083
896 22 11.5216993083
897 22 11.5216993083
898 22 11.5216993083
899 22 11.5216993083
900 22 11.5216993083
901 22 11.5216993083
902 22 11.5216993083
903 22 11.5216993083
904 22 11.5216993083
905 22 11.5216993083
906 22 11.5216993083
907 22 11.5216993083
908 22 11.5216993083
909 22 11.5216993083
910 22 11.5216993083
911 22 11.5216993083
912 22 11.5216993083
913 22 11.5216993083
914 22 11.5216993083
915 22 11.5216993083
916 22 11.5216993083
917 22 11.5216993083
918 22 11.5216993083
919 22 11.5216993083
920 22 11.5216993083
921 23 10.4719277919
922 23 10.4719277919
923 23 10.4719277919
924 23 10.4719277919
925 23 10.4719277919
926 23 10.4719277919
927 23 10.4719277919
928 23 10.4719277919
929 23 10.4719277919
930 23 10.4719277919
931 23 10.4719277919
932 23 10.4719277919
933 23 10.4719277919
934 23 10.4719277919
935 23 10.4719277919
936 23 10.4719277919
937 23 10.4719277919
938 23 10.4719277919
939 23 10.4719277919
940 23 10.4719277919
941 23 10.4719277919
942 23 10.4719277919
943 23 10.4719277919
944 23 10.4719277919
945 23 10.4719277919
946 23 10.4719277919
947 23 10.4719277919
948 23 10.4719277919
949 23 10.4719277919
950 23 10.4719277919
951 23 10.4719277919
952 23 10.4719277919
953 23 10.4719277919
954 23 10.4719277919
955 23 10.4719277919
956 23 10.4719277919
957 23 10.4719277919
958 23 10.4719277919
959 23 10.4719277919
960 23 10.4719277919
961 24 12.177407193
962 24 12.177407193
963 24 12.177407193
964 24 12.177407193
965 24 12.177407193
966 24 12.177407193
967 24 12.177407193
968 24 12.177407193
969 24 12.177407193
970 24 12.177407193
971 24 12.177407193
972 24 12.177407193
973 24 12.177407193
974 24 12.177407193
975 24 12.177407193
976 24 12.177407193
977 24 12.177407193
978 24 12.177407193
979 24 12.177407193
980 24 12.177407193
981 24 12.177407193
982 24 12.177407193
983 24 12.177407193
984 24 12.177407193
985 24 12.177407193
986 24 12.177407193
987 24 12.177407193
988 24 12.177407193
989 24 12.177407193
990 24 12.177407193
991 24 12.177407193
992 24 12.177407193
993 24 12.177407193
994 24 12.177407193
995 24 12.177407193
996 24 12.177407193
997 24 12.177407193
998 24 12.177407193
999 24 12.177407193
1000 24 12.177407193
1001 25 16.1100037353
1002 25 16.1100037353
1003 25 16.1100037353
1004 25 16.1100037353
1005 25 16.1100037353
1006 25 16.1100037353
1007 25 16.1100037353
1008 25 16.1100037353
1009 25 16.1100037353
1010 25 16.1100037353
1011 25 16.1100037353
1012 25 16.1100037353
1013 25 16.1100037353
1014 25 16.1100037353
1015 25 16.1100037353
1016 25 16.1100037353
1017 25 16.1100037353
1018 25 16.1100037353
1019 25 16.1100037353
1020 25 16.1100037353
1021 25 16.1100037353
1022 25 16.1100037353
1023 25 16.1100037353
1024 25 16.1100037353
1025 25 16.1100037353
1026 25 16.1100037353
1027 25 16.1100037353
1028 25 16.1100037353
1029 25 16.1100037353
1030 25 16.1100037353
1031 25 16.1100037353
1032 25 16.1100037353
1033 25 16.1100037353
1034 25 16.1100037353
1035 25 16.1100037353
1036 25 16.1100037353
1037 25 16.1100037353
1038 25 16.1100037353
1039 25 16.1100037353
1040 25 16.1100037353
1041 26 14.5667375223
1042 26 14.5667375223
1043 26 14.5667375223
1044 26 14.5667375223
1045 26 14.5667375223
1046 26 14.5667375223
1047 26 14.5667375223
1048 26 14.5667375223
1049 26 14.5667375223
1050 26 14.5667375223
1051 26 14.5667375223
1052 26 14.5667375223
1053 26 14.5667375223
1054 26 14.5667375223
1055 26 14.5667375223
1056 26 14.5667375223
1057 26 14.5667375223
1058 26 14.5667375223
1059 26 14.5667375223
1060 26 14.5667375223
1061 26 14.5667375223
1062 26 14.5667375223
1063 26 14.5667375223
1064 26 14.5667375223
1065 26 14.5667375223
1066 26 14.5667375223
1067 26 14.5667375223
1068 26 14.5667375223
1069 26 14.5667375223
1070 26 14.5667375223
1071 26 14.5667375223
1072 26 14.5667375223
1073 26 14.5667375223
1074 26 14.5667375223
1075 26 14.5667375223
1076 26 14.5667375223
1077 26 14.5667375223
1078 26 14.5667375223
1079 26 14.5667375223
1080 26 14.5667375223
1081 27 13.9911794157
1082 27 13.9911794157
1083 27 13.9911794157
1084 27 13.9911794157
1085 27 13.9911794157
1086 27 13.9911794157
1087 27 13.9911794157
1088 27 13.9911794157
1089 27 13.9911794157
1090 27 13.9911794157
1091 27 13.9911794157
1092 27 13.9911794157
1093 27 13.9911794157
1094 27 13.9911794157
1095 27 13.9911794157
1096 27 13.9911794157
1097 27 13.9911794157
1098 27 13.9911794157
1099 27 13.9911794157
1100 27 13.9911794157
1101 27 13.9911794157
1102 27 13.9911794157
1103 27 13.9911794157
1104 27 13.9911794157
1105 27 13.9911794157
1106 27 13.9911794157
1107 27 13.9911794157
1108 27 13.9911794157
1109 27 13.9911794157
1110 27 13.9911794157
1111 27 13.9911794157
1112 27 13.9911794157
1113 27 13.9911794157
1114 27 13.9911794157
1115 27 13.9911794157
1116 27 13.9911794157
1117 27 13.9911794157
1118 27 13.9911794157
1119 27 13.9911794157
1120 27 13.9911794157
1121 28 19.4526793111
1122 28 19.4526793111
1123 28 19.4526793111
1124 28 19.4526793111
1125 28 19.4526793111
1126 28 19.4526793111
1127 28 19.4526793111
1128 28 19.4526793111
1129 28 19.4526793111
1130 28 19.4526793111
1131 28 19.4526793111
1132 28 19.4526793111
1133 28 19.4526793111
1134 28 19.4526793111
1135 28 19.4526793111
1136 28 19.4526793111
1137 28 19.4526793111
1138 28 19.4526793111
1139 28 19.4526793111
1140 28 19.4526793111
1141 28 19.4526793111
1142 28 19.4526793111
1143 28 19.4526793111
1144 28 19.4526793111
1145 28 19.4526793111
1146 28 19.4526793111
