1 0 30.8330897498
2 0 30.8330897498
3 0 30.8330897498
4 0 30.8330897498
5 0 30.8330897498
6 0 30.8330897498
7 0 30.8330897498
8 0 30.8330897498
9 0 30.8330897498
10 0 30.8330897498
11 0 30.8330897498
12 0 30.8330897498
13 0 30.8330897498
14 0 30.8330897498
15 0 30.8330897498
16 0 30.8330897498
17 0 30.8330897498
18 0 30.8330897498
19 1 24.191184156
20 2 23.1166130115
21 3 23.4792965426
22 4 23.8750982052
23 5 22.0250429416
24 6 21.4704885185
25 7 22.6193956653
26 8 22.3035997542
27 9 20.0774660649
28 10 20.0000975283
29 11 21.4052070319
30 12 20.6243861399
31 13 18.5264976353
32 14 19.0175800944
33 15 19.2696316321
34 16 17.0001077949
35 17 16.9768151265
36 18 17.1631087637
37 19 18.2687484507
38 20 19.6393249115
39 21 20.0474748555
40 22 20.3218421426
41 23 21.6813508973
42 24 22.8322691514
43 25 22.3749311612
44 26 23.3320796746
45 27 24.8086371912
46 28 26.4538107981
47 29 27.7018213399
48 30 26.6427443712
49 31 25.7980339196
50 32 27.3946879338
51 33 27.4586650131
52 34 25.8845774481
53 35 26.7855248595
54 36 25.6257044454
55 37 23.8861844633
56 38 24.156031003
57 39 24.7282189457
58 40 22.6304571683
59 41 21.248321634
60 42 22.1225360602
61 43 21.498040426
62 44 18.8935225478
63 45 18.7765395823
64 46 18.1328244419
65 47 16.0834569037
66 48 15.2119691983
67 49 15.304867719
68 50 16.2735797079
69 51 17.1821149992
70 52 15.8824057606
71 53 15.2611606781
72 54 16.3678234094
73 55 15.8948273732
74 56 14.6382170087
75 57 15.1430963825
76 58 14.524348213
77 59 15.1134825726
78 60 17.3451395416
79 61 16.4693570988
80 62 15.0661203217
81 63 16.7741843456
82 64 18.3845930583
83 65 16.7342114371
84 66 16.7242693054
85 67 18.8965221045
86 68 19.2433773969
87 69 17.9182587342
88 70 18.961963068
89 71 20.828687642
90 72 20.3984744124
91 73 20.521776305
92 74 21.5990634329
93 75 23.342067299
94 76 24.743257336
95 77 26.1355505405
96 78 27.7717485193
97 79 28.07973719
98 80 26.6089586268
99 81 25.5145456144
100 82 23.8925605398
101 83 24.0160709195
102 84 22.3741261215
103 85 22.488564341
104 86 24.2113515327
105 87 23.8570670842
106 88 22.3531377815
107 89 22.4342311128
108 90 22.4675765406
109 91 23.0305144936
110 92 23.5999488128
111 93 26.6652062678
112 93 26.6652062678
113 93 26.6652062678
114 93 26.6652062678
115 93 26.6652062678
116 93 26.6652062678
117 93 26.6652062678
118 93 26.6652062678
119 93 26.6652062678
120 93 26.6652062678
121 93 26.6652062678
122 93 26.6652062678
123 93 26.6652062678
124 93 26.6652062678
125 93 26.6652062678
126 93 26.6652062678
127 93 26.6652062678
