1 0 30.198542175
2 0 30.198542175
3 0 30.198542175
4 0 30.198542175
5 0 30.198542175
6 0 30.198542175
7 0 30.198542175
8 0 30.198542175
9 0 30.198542175
10 0 30.198542175
11 0 30.198542175
12 0 30.198542175
13 0 30.198542175
14 0 30.198542175
15 0 30.198542175
16 0 30.198542175
17 0 30.198542175
18 0 30.198542175
19 0 30.198542175
20 0 30.198542175
21 1 21.1610208994
22 1 21.1610208994
23 1 21.1610208994
24 1 21.1610208994
25 1 21.1610208994
26 1 21.1610208994
27 1 21.1610208994
28 1 21.1610208994
29 1 21.1610208994
30 1 21.1610208994
31 1 21.1610208994
32 1 21.1610208994
33 1 21.1610208994
34 1 21.1610208994
35 1 21.1610208994
36 1 21.1610208994
37 1 21.1610208994
38 1 21.1610208994
39 1 21.1610208994
40 1 21.1610208994
41 2 21.6495814798
42 2 21.6495814798
43 2 21.6495814798
44 2 21.6495814798
45 2 21.6495814798
46 2 21.6495814798
47 2 21.6495814798
48 2 21.6495814798
49 2 21.6495814798
50 2 21.6495814798
51 2 21.6495814798
52 2 21.6495814798
53 2 21.6495814798
54 2 21.6495814798
55 2 21.6495814798
56 2 21.6495814798
57 2 21.6495814798
58 2 21.6495814798
59 2 21.6495814798
60 2 21.6495814798
61 3 18.4778556238
62 3 18.4778556238
63 3 18.4778556238
64 3 18.4778556238
65 3 18.4778556238
66 3 18.4778556238
67 3 18.4778556238
68 3 18.4778556238
69 3 18.4778556238
70 3 18.4778556238
71 3 18.4778556238
72 3 18.4778556238
73 3 18.4778556238
74 3 18.4778556238
75 3 18.4778556238
76 3 18.4778556238
77 3 18.4778556238
78 3 18.4778556238
79 3 18.4778556238
80 3 18.4778556238
81 4 20.8828925683
82 4 20.8828925683
83 4 20.8828925683
84 4 20.8828925683
85 4 20.8828925683
86 4 20.8828925683
87 4 20.8828925683
88 4 20.8828925683
89 4 20.8828925683
90 4 20.8828925683
91 4 20.8828925683
92 4 20.8828925683
93 4 20.8828925683
94 4 20.8828925683
95 4 20.8828925683
96 4 20.8828925683
97 4 20.8828925683
98 4 20.8828925683
99 4 20.8828925683
100 4 20.8828925683
101 5 28.4191024369
102 5 28.4191024369
103 5 28.4191024369
104 5 28.4191024369
105 5 28.4191024369
106 5 28.4191024369
107 5 28.4191024369
108 5 28.4191024369
109 5 28.4191024369
110 5 28.4191024369
111 5 28.4191024369
112 5 28.4191024369
113 5 28.4191024369
114 5 28.4191024369
115 5 28.4191024369
116 5 28.4191024369
117 5 28.4191024369
118 5 28.4191024369
119 5 28.4191024369
120 5 28.4191024369
121 6 23.2076814313
122 6 23.2076814313
123 6 23.2076814313
124 6 23.2076814313
125 6 23.2076814313
126 6 23.2076814313
127 6 23.2076814313
128 6 23.2076814313
129 6 23.2076814313
130 6 23.2076814313
131 6 23.2076814313
132 6 23.2076814313
133 6 23.2076814313
134 6 23.2076814313
135 6 23.2076814313
136 6 23.2076814313
137 6 23.2076814313
138 6 23.2076814313
139 6 23.2076814313
140 6 23.2076814313
141 7 17.6600672506
142 7 17.6600672506
143 7 17.6600672506
144 7 17.6600672506
145 7 17.6600672506
146 7 17.6600672506
147 7 17.6600672506
148 7 17.6600672506
149 7 17.6600672506
150 7 17.6600672506
151 7 17.6600672506
152 7 17.6600672506
153 7 17.6600672506
154 7 17.6600672506
155 7 17.6600672506
156 7 17.6600672506
157 7 17.6600672506
158 7 17.6600672506
159 7 17.6600672506
160 7 17.6600672506
161 8 19.1019303445
162 8 19.1019303445
163 8 19.1019303445
164 8 19.1019303445
165 8 19.1019303445
166 8 19.1019303445
167 8 19.1019303445
168 8 19.1019303445
169 8 19.1019303445
170 8 19.1019303445
171 8 19.1019303445
172 8 19.1019303445
173 8 19.1019303445
174 8 19.1019303445
175 8 19.1019303445
176 8 19.1019303445
177 8 19.1019303445
178 8 19.1019303445
179 8 19.1019303445
180 8 19.1019303445
181 9 23.5465057998
182 9 23.5465057998
183 9 23.5465057998
184 9 23.5465057998
185 9 23.5465057998
186 9 23.5465057998
187 9 23.5465057998
188 9 23.5465057998
189 9 23.5465057998
190 9 23.5465057998
191 9 23.5465057998
192 9 23.5465057998
193 9 23.5465057998
194 9 23.5465057998
195 9 23.5465057998
196 9 23.5465057998
197 9 23.5465057998
198 9 23.5465057998
199 9 23.5465057998
200 9 23.5465057998
201 10 22.7631903173
202 10 22.7631903173
203 10 22.7631903173
204 10 22.7631903173
205 10 22.7631903173
206 10 22.7631903173
207 10 22.7631903173
208 10 22.7631903173
209 10 22.7631903173
210 10 22.7631903173
211 10 22.7631903173
212 10 22.7631903173
213 10 22.7631903173
214 10 22.7631903173
215 10 22.7631903173
216 10 22.7631903173
217 10 22.7631903173
218 10 22.7631903173
219 10 22.7631903173
220 10 22.7631903173
