1 0 24.9439812215
2 0 24.9439812215
3 0 24.9439812215
4 0 24.9439812215
5 0 24.9439812215
6 0 24.9439812215
7 0 24.9439812215
8 0 24.9439812215
9 0 24.9439812215
10 0 24.9439812215
11 0 24.9439812215
12 0 24.9439812215
13 0 24.9439812215
14 0 24.9439812215
15 0 24.9439812215
16 0 24.9439812215
17 0 24.9439812215
18 0 24.9439812215
19 0 24.9439812215
20 0 24.9439812215
21 0 24.9439812215
22 0 24.9439812215
23 0 24.9439812215
24 0 24.9439812215
25 0 24.9439812215
26 0 24.9439812215
27 0 24.9439812215
28 0 24.9439812215
29 0 24.9439812215
30 0 24.9439812215
31 0 24.9439812215
32 0 24.9439812215
33 0 24.9439812215
34 0 24.9439812215
35 0 24.9439812215
36 0 24.9439812215
37 0 24.9439812215
38 0 24.9439812215
39 0 24.9439812215
40 0 24.9439812215
41 1 26.2923732877
42 1 26.2923732877
43 1 26.2923732877
44 1 26.2923732877
45 1 26.2923732877
46 1 26.2923732877
47 1 26.2923732877
48 1 26.2923732877
49 1 26.2923732877
50 1 26.2923732877
51 1 26.2923732877
52 1 26.2923732877
53 1 26.2923732877
54 1 26.2923732877
55 1 26.2923732877
56 1 26.2923732877
57 1 26.2923732877
58 1 26.2923732877
59 1 26.2923732877
60 1 26.2923732877
61 1 26.2923732877
62 1 26.2923732877
63 1 26.2923732877
64 1 26.2923732877
65 1 26.2923732877
66 1 26.2923732877
67 1 26.2923732877
68 1 26.2923732877
69 1 26.2923732877
70 1 26.2923732877
71 1 26.2923732877
72 1 26.2923732877
73 1 26.2923732877
74 1 26.2923732877
75 1 26.2923732877
76 1 26.2923732877
77 1 26.2923732877
78 1 26.2923732877
79 1 26.2923732877
80 1 26.2923732877
81 2 22.724825735
82 2 22.724825735
83 2 22.724825735
84 2 22.724825735
85 2 22.724825735
86 2 22.724825735
87 2 22.724825735
88 2 22.724825735
89 2 22.724825735
90 2 22.724825735
91 2 22.724825735
92 2 22.724825735
93 2 22.724825735
94 2 22.724825735
95 2 22.724825735
96 2 22.724825735
97 2 22.724825735
98 2 22.724825735
99 2 22.724825735
100 2 22.724825735
101 2 22.724825735
102 2 22.724825735
103 2 22.724825735
104 2 22.724825735
105 2 22.724825735
106 2 22.724825735
107 2 22.724825735
108 2 22.724825735
109 2 22.724825735
110 2 22.724825735
111 2 22.724825735
112 2 22.724825735
113 2 22.724825735
114 2 22.724825735
115 2 22.724825735
116 2 22.724825735
117 2 22.724825735
118 2 22.724825735
119 2 22.724825735
120 2 22.724825735
121 3 23.7469795795
122 3 23.7469795795
123 3 23.7469795795
124 3 23.7469795795
125 3 23.7469795795
126 3 23.7469795795
127 3 23.7469795795
128 3 23.7469795795
129 3 23.7469795795
130 3 23.7469795795
131 3 23.7469795795
132 3 23.7469795795
133 3 23.7469795795
134 3 23.7469795795
135 3 23.7469795795
136 3 23.7469795795
137 3 23.7469795795
138 3 23.7469795795
139 3 23.7469795795
140 3 23.7469795795
141 3 23.7469795795
142 3 23.7469795795
143 3 23.7469795795
144 3 23.7469795795
145 3 23.7469795795
146 3 23.7469795795
147 3 23.7469795795
148 3 23.7469795795
149 3 23.7469795795
150 3 23.7469795795
151 3 23.7469795795
152 3 23.7469795795
153 3 23.7469795795
154 3 23.7469795795
155 3 23.7469795795
156 3 23.7469795795
157 3 23.7469795795
158 3 23.7469795795
159 3 23.7469795795
160 3 23.7469795795
161 4 25.5022159437
162 4 25.5022159437
163 4 25.5022159437
164 4 25.5022159437
165 4 25.5022159437
166 4 25.5022159437
167 4 25.5022159437
168 4 25.5022159437
169 4 25.5022159437
170 4 25.5022159437
171 4 25.5022159437
172 4 25.5022159437
173 4 25.5022159437
174 4 25.5022159437
175 4 25.5022159437
176 4 25.5022159437
177 4 25.5022159437
178 4 25.5022159437
179 4 25.5022159437
180 4 25.5022159437
181 4 25.5022159437
182 4 25.5022159437
183 4 25.5022159437
184 4 25.5022159437
185 4 25.5022159437
186 4 25.5022159437
187 4 25.5022159437
188 4 25.5022159437
189 4 25.5022159437
190 4 25.5022159437
191 4 25.5022159437
192 4 25.5022159437
193 4 25.5022159437
194 4 25.5022159437
195 4 25.5022159437
196 4 25.5022159437
197 4 25.5022159437
198 4 25.5022159437
199 4 25.5022159437
200 4 25.5022159437
201 5 22.9577367279
202 5 22.9577367279
203 5 22.9577367279
204 5 22.9577367279
205 5 22.9577367279
206 5 22.9577367279
207 5 22.9577367279
208 5 22.9577367279
209 5 22.9577367279
210 5 22.9577367279
211 5 22.9577367279
212 5 22.9577367279
213 5 22.9577367279
214 5 22.9577367279
215 5 22.9577367279
216 5 22.9577367279
217 5 22.9577367279
218 5 22.9577367279
219 5 22.9577367279
220 5 22.9577367279
221 5 22.9577367279
222 5 22.9577367279
223 5 22.9577367279
224 5 22.9577367279
225 5 22.9577367279
226 5 22.9577367279
227 5 22.9577367279
228 5 22.9577367279
229 5 22.9577367279
230 5 22.9577367279
231 5 22.9577367279
232 5 22.9577367279
233 5 22.9577367279
234 5 22.9577367279
235 5 22.9577367279
236 5 22.9577367279
237 5 22.9577367279
238 5 22.9577367279
239 5 22.9577367279
240 5 22.9577367279
241 6 25.1068953828
242 6 25.1068953828
243 6 25.1068953828
244 6 25.1068953828
245 6 25.1068953828
246 6 25.1068953828
247 6 25.1068953828
248 6 25.1068953828
249 6 25.1068953828
250 6 25.1068953828
251 6 25.1068953828
252 6 25.1068953828
253 6 25.1068953828
254 6 25.1068953828
255 6 25.1068953828
256 6 25.1068953828
257 6 25.1068953828
258 6 25.1068953828
259 6 25.1068953828
260 6 25.1068953828
261 6 25.1068953828
262 6 25.1068953828
263 6 25.1068953828
264 6 25.1068953828
265 6 25.1068953828
266 6 25.1068953828
267 6 25.1068953828
268 6 25.1068953828
269 6 25.1068953828
270 6 25.1068953828
271 6 25.1068953828
272 6 25.1068953828
273 6 25.1068953828
274 6 25.1068953828
275 6 25.1068953828
276 6 25.1068953828
277 6 25.1068953828
278 6 25.1068953828
279 6 25.1068953828
280 6 25.1068953828
281 7 25.3392767075
282 7 25.3392767075
283 7 25.3392767075
284 7 25.3392767075
285 7 25.3392767075
286 7 25.3392767075
287 7 25.3392767075
288 7 25.3392767075
289 7 25.3392767075
290 7 25.3392767075
291 7 25.3392767075
292 7 25.3392767075
293 7 25.3392767075
294 7 25.3392767075
295 7 25.3392767075
296 7 25.3392767075
297 7 25.3392767075
298 7 25.3392767075
299 7 25.3392767075
300 7 25.3392767075
301 7 25.3392767075
302 7 25.3392767075
303 7 25.3392767075
304 7 25.3392767075
305 7 25.3392767075
306 7 25.3392767075
307 7 25.3392767075
308 7 25.3392767075
309 7 25.3392767075
310 7 25.3392767075
311 7 25.3392767075
312 7 25.3392767075
313 7 25.3392767075
314 7 25.3392767075
315 7 25.3392767075
316 7 25.3392767075
317 7 25.3392767075
318 7 25.3392767075
319 7 25.3392767075
320 7 25.3392767075
321 8 24.5024066422
322 8 24.5024066422
323 8 24.5024066422
324 8 24.5024066422
325 8 24.5024066422
326 8 24.5024066422
327 8 24.5024066422
328 8 24.5024066422
329 8 24.5024066422
330 8 24.5024066422
331 8 24.5024066422
332 8 24.5024066422
333 8 24.5024066422
334 8 24.5024066422
335 8 24.5024066422
336 8 24.5024066422
337 8 24.5024066422
338 8 24.5024066422
339 8 24.5024066422
340 8 24.5024066422
341 8 24.5024066422
342 8 24.5024066422
343 8 24.5024066422
344 8 24.5024066422
345 8 24.5024066422
346 8 24.5024066422
347 8 24.5024066422
348 8 24.5024066422
349 8 24.5024066422
350 8 24.5024066422
351 8 24.5024066422
352 8 24.5024066422
353 8 24.5024066422
354 8 24.5024066422
355 8 24.5024066422
356 8 24.5024066422
357 8 24.5024066422
358 8 24.5024066422
359 8 24.5024066422
360 8 24.5024066422
361 9 21.8722661575
362 9 21.8722661575
363 9 21.8722661575
364 9 21.8722661575
365 9 21.8722661575
366 9 21.8722661575
367 9 21.8722661575
368 9 21.8722661575
369 9 21.8722661575
370 9 21.8722661575
371 9 21.8722661575
372 9 21.8722661575
373 9 21.8722661575
374 9 21.8722661575
375 9 21.8722661575
376 9 21.8722661575
377 9 21.8722661575
378 9 21.8722661575
379 9 21.8722661575
380 9 21.8722661575
381 9 21.8722661575
382 9 21.8722661575
383 9 21.8722661575
384 9 21.8722661575
385 9 21.8722661575
386 9 21.8722661575
387 9 21.8722661575
388 9 21.8722661575
389 9 21.8722661575
390 9 21.8722661575
391 9 21.8722661575
392 9 21.8722661575
393 9 21.8722661575
394 9 21.8722661575
395 9 21.8722661575
396 9 21.8722661575
397 9 21.8722661575
398 9 21.8722661575
399 9 21.8722661575
400 9 21.8722661575
401 10 28.8367581786
402 10 28.8367581786
403 10 28.8367581786
404 10 28.8367581786
405 10 28.8367581786
406 10 28.8367581786
407 10 28.8367581786
408 10 28.8367581786
409 10 28.8367581786
410 10 28.8367581786
411 10 28.8367581786
412 10 28.8367581786
413 10 28.8367581786
414 10 28.8367581786
415 10 28.8367581786
416 10 28.8367581786
417 10 28.8367581786
418 10 28.8367581786
419 10 28.8367581786
420 10 28.8367581786
421 10 28.8367581786
422 10 28.8367581786
423 10 28.8367581786
424 10 28.8367581786
425 10 28.8367581786
426 10 28.8367581786
427 10 28.8367581786
428 10 28.8367581786
429 10 28.8367581786
430 10 28.8367581786
431 10 28.8367581786
432 10 28.8367581786
433 10 28.8367581786
434 10 28.8367581786
435 10 28.8367581786
436 10 28.8367581786
437 10 28.8367581786
438 10 28.8367581786
439 10 28.8367581786
440 10 28.8367581786
441 11 22.1486158785
442 11 22.1486158785
443 11 22.1486158785
444 11 22.1486158785
445 11 22.1486158785
446 11 22.1486158785
447 11 22.1486158785
448 11 22.1486158785
449 11 22.1486158785
450 11 22.1486158785
451 11 22.1486158785
452 11 22.1486158785
453 11 22.1486158785
454 11 22.1486158785
455 11 22.1486158785
456 11 22.1486158785
457 11 22.1486158785
458 11 22.1486158785
459 11 22.1486158785
460 11 22.1486158785
461 11 22.1486158785
462 11 22.1486158785
463 11 22.1486158785
464 11 22.1486158785
465 11 22.1486158785
466 11 22.1486158785
467 11 22.1486158785
468 11 22.1486158785
469 11 22.1486158785
470 11 22.1486158785
471 11 22.1486158785
472 11 22.1486158785
473 11 22.1486158785
474 11 22.1486158785
475 11 22.1486158785
476 11 22.1486158785
477 11 22.1486158785
478 11 22.1486158785
479 11 22.1486158785
480 11 22.1486158785
481 12 18.2984364347
482 12 18.2984364347
483 12 18.2984364347
484 12 18.2984364347
485 12 18.2984364347
486 12 18.2984364347
487 12 18.2984364347
488 12 18.2984364347
489 12 18.2984364347
490 12 18.2984364347
491 12 18.2984364347
492 12 18.2984364347
493 12 18.2984364347
494 12 18.2984364347
495 12 18.2984364347
496 12 18.2984364347
497 12 18.2984364347
498 12 18.2984364347
499 12 18.2984364347
500 12 18.2984364347
501 12 18.2984364347
502 12 18.2984364347
503 12 18.2984364347
504 12 18.2984364347
505 12 18.2984364347
506 12 18.2984364347
507 12 18.2984364347
508 12 18.2984364347
509 12 18.2984364347
510 12 18.2984364347
511 12 18.2984364347
512 12 18.2984364347
513 12 18.2984364347
514 12 18.2984364347
515 12 18.2984364347
516 12 18.2984364347
517 12 18.2984364347
518 12 18.2984364347
519 12 18.2984364347
520 12 18.2984364347
521 13 14.800265025
522 13 14.800265025
523 13 14.800265025
524 13 14.800265025
525 13 14.800265025
526 13 14.800265025
527 13 14.800265025
528 13 14.800265025
529 13 14.800265025
530 13 14.800265025
531 13 14.800265025
532 13 14.800265025
533 13 14.800265025
534 13 14.800265025
535 13 14.800265025
536 13 14.800265025
537 13 14.800265025
538 13 14.800265025
539 13 14.800265025
540 13 14.800265025
541 13 14.800265025
542 13 14.800265025
543 13 14.800265025
544 13 14.800265025
545 13 14.800265025
546 13 14.800265025
547 13 14.800265025
548 13 14.800265025
549 13 14.800265025
550 13 14.800265025
551 13 14.800265025
552 13 14.800265025
553 13 14.800265025
554 13 14.800265025
555 13 14.800265025
556 13 14.800265025
557 13 14.800265025
558 13 14.800265025
559 13 14.800265025
560 13 14.800265025
561 14 17.5501778418
562 14 17.5501778418
563 14 17.5501778418
564 14 17.5501778418
565 14 17.5501778418
566 14 17.5501778418
567 14 17.5501778418
568 14 17.5501778418
569 14 17.5501778418
570 14 17.5501778418
571 14 17.5501778418
572 14 17.5501778418
573 14 17.5501778418
574 14 17.5501778418
575 14 17.5501778418
576 14 17.5501778418
577 14 17.5501778418
578 14 17.5501778418
579 14 17.5501778418
580 14 17.5501778418
581 14 17.5501778418
582 14 17.5501778418
583 14 17.5501778418
584 14 17.5501778418
585 14 17.5501778418
586 14 17.5501778418
587 14 17.5501778418
588 14 17.5501778418
589 14 17.5501778418
590 14 17.5501778418
591 14 17.5501778418
592 14 17.5501778418
593 14 17.5501778418
594 14 17.5501778418
595 14 17.5501778418
596 14 17.5501778418
597 14 17.5501778418
598 14 17.5501778418
599 14 17.5501778418
600 14 17.5501778418
601 15 13.3255442116
602 15 13.3255442116
603 15 13.3255442116
604 15 13.3255442116
605 15 13.3255442116
606 15 13.3255442116
607 15 13.3255442116
608 15 13.3255442116
609 15 13.3255442116
610 15 13.3255442116
611 15 13.3255442116
612 15 13.3255442116
613 15 13.3255442116
614 15 13.3255442116
615 15 13.3255442116
616 15 13.3255442116
617 15 13.3255442116
618 15 13.3255442116
619 15 13.3255442116
620 15 13.3255442116
621 15 13.3255442116
622 15 13.3255442116
623 15 13.3255442116
624 15 13.3255442116
625 15 13.3255442116
626 15 13.3255442116
627 15 13.3255442116
628 15 13.3255442116
629 15 13.3255442116
630 15 13.3255442116
631 15 13.3255442116
632 15 13.3255442116
633 15 13.3255442116
634 15 13.3255442116
635 15 13.3255442116
636 15 13.3255442116
637 15 13.3255442116
638 15 13.3255442116
639 15 13.3255442116
640 15 13.3255442116
641 16 17.9277262515
642 16 17.9277262515
643 16 17.9277262515
644 16 17.9277262515
645 16 17.9277262515
646 16 17.9277262515
647 16 17.9277262515
648 16 17.9277262515
649 16 17.9277262515
650 16 17.9277262515
651 16 17.9277262515
652 16 17.9277262515
653 16 17.9277262515
654 16 17.9277262515
655 16 17.9277262515
656 16 17.9277262515
657 16 17.9277262515
658 16 17.9277262515
659 16 17.9277262515
660 16 17.9277262515
661 16 17.9277262515
662 16 17.9277262515
663 16 17.9277262515
664 16 17.9277262515
665 16 17.9277262515
666 16 17.9277262515
667 16 17.9277262515
668 16 17.9277262515
669 16 17.9277262515
670 16 17.9277262515
671 16 17.9277262515
672 16 17.9277262515
673 16 17.9277262515
674 16 17.9277262515
675 16 17.9277262515
676 16 17.9277262515
677 16 17.9277262515
678 16 17.9277262515
679 16 17.9277262515
680 16 17.9277262515
681 17 16.8491241279
682 17 16.8491241279
683 17 16.8491241279
684 17 16.8491241279
685 17 16.8491241279
686 17 16.8491241279
687 17 16.8491241279
688 17 16.8491241279
689 17 16.8491241279
690 17 16.8491241279
691 17 16.8491241279
692 17 16.8491241279
693 17 16.8491241279
694 17 16.8491241279
695 17 16.8491241279
696 17 16.8491241279
697 17 16.8491241279
698 17 16.8491241279
699 17 16.8491241279
700 17 16.8491241279
701 17 16.8491241279
702 17 16.8491241279
703 17 16.8491241279
704 17 16.8491241279
705 17 16.8491241279
706 17 16.8491241279
707 17 16.8491241279
708 17 16.8491241279
709 17 16.8491241279
710 17 16.8491241279
711 17 16.8491241279
712 17 16.8491241279
713 17 16.8491241279
714 17 16.8491241279
715 17 16.8491241279
716 17 16.8491241279
717 17 16.8491241279
718 17 16.8491241279
719 17 16.8491241279
720 17 16.8491241279
721 18 19.6405550758
722 18 19.6405550758
723 18 19.6405550758
724 18 19.6405550758
725 18 19.6405550758
726 18 19.6405550758
727 18 19.6405550758
728 18 19.6405550758
729 18 19.6405550758
730 18 19.6405550758
731 18 19.6405550758
732 18 19.6405550758
733 18 19.6405550758
734 18 19.6405550758
735 18 19.6405550758
736 18 19.6405550758
737 18 19.6405550758
738 18 19.6405550758
739 18 19.6405550758
740 18 19.6405550758
741 18 19.6405550758
742 18 19.6405550758
743 18 19.6405550758
744 18 19.6405550758
745 18 19.6405550758
746 18 19.6405550758
747 18 19.6405550758
748 18 19.6405550758
749 18 19.6405550758
750 18 19.6405550758
751 18 19.6405550758
752 18 19.6405550758
753 18 19.6405550758
754 18 19.6405550758
755 18 19.6405550758
756 18 19.6405550758
757 18 19.6405550758
758 18 19.6405550758
759 18 19.6405550758
760 18 19.6405550758
761 19 14.8621624876
762 19 14.8621624876
763 19 14.8621624876
764 19 14.8621624876
765 19 14.8621624876
766 19 14.8621624876
767 19 14.8621624876
768 19 14.8621624876
769 19 14.8621624876
770 19 14.8621624876
771 19 14.8621624876
772 19 14.8621624876
773 19 14.8621624876
774 19 14.8621624876
775 19 14.8621624876
776 19 14.8621624876
777 19 14.8621624876
778 19 14.8621624876
779 19 14.8621624876
780 19 14.8621624876
781 19 14.8621624876
782 19 14.8621624876
783 19 14.8621624876
784 19 14.8621624876
785 19 14.8621624876
786 19 14.8621624876
787 19 14.8621624876
788 19 14.8621624876
789 19 14.8621624876
790 19 14.8621624876
791 19 14.8621624876
792 19 14.8621624876
793 19 14.8621624876
794 19 14.8621624876
795 19 14.8621624876
796 19 14.8621624876
797 19 14.8621624876
798 19 14.8621624876
799 19 14.8621624876
800 19 14.8621624876
801 20 19.0062208423
802 20 19.0062208423
803 20 19.0062208423
804 20 19.0062208423
805 20 19.0062208423
806 20 19.0062208423
807 20 19.0062208423
808 20 19.0062208423
809 20 19.0062208423
810 20 19.0062208423
811 20 19.0062208423
812 20 19.0062208423
813 20 19.0062208423
814 20 19.0062208423
815 20 19.0062208423
816 20 19.0062208423
817 20 19.0062208423
818 20 19.0062208423
819 20 19.0062208423
820 20 19.0062208423
821 20 19.0062208423
822 20 19.0062208423
823 20 19.0062208423
824 20 19.0062208423
825 20 19.0062208423
826 20 19.0062208423
827 20 19.0062208423
828 20 19.0062208423
829 20 19.0062208423
830 20 19.0062208423
831 20 19.0062208423
832 20 19.0062208423
833 20 19.0062208423
834 20 19.0062208423
835 20 19.0062208423
836 20 19.0062208423
837 20 19.0062208423
838 20 19.0062208423
839 20 19.0062208423
840 20 19.0062208423
841 21 13.5067555602
842 21 13.5067555602
843 21 13.5067555602
844 21 13.5067555602
845 21 13.5067555602
846 21 13.5067555602
847 21 13.5067555602
848 21 13.5067555602
849 21 13.5067555602
850 21 13.5067555602
851 21 13.5067555602
852 21 13.5067555602
853 21 13.5067555602
854 21 13.5067555602
855 21 13.5067555602
856 21 13.5067555602
857 21 13.5067555602
858 21 13.5067555602
859 21 13.5067555602
860 21 13.5067555602
861 21 13.5067555602
862 21 13.5067555602
863 21 13.5067555602
864 21 13.5067555602
865 21 13.5067555602
866 21 13.5067555602
867 21 13.5067555602
868 21 13.5067555602
869 21 13.5067555602
870 21 13.5067555602
871 21 13.5067555602
872 21 13.5067555602
873 21 13.5067555602
874 21 13.5067555602
875 21 13.5067555602
876 21 13.5067555602
877 21 13.5067555602
878 21 13.5067555602
879 21 13.5067555602
880 21 13.5067555602
881 22 10.9985016082
882 22 10.9985016082
883 22 10.9985016082
884 22 10.9985016082
885 22 10.9985016082
886 22 10.9985016082
887 22 10.9985016082
888 22 10.9985016082
889 22 10.9985016082
890 22 10.9985016082
891 22 10.9985016082
892 22 10.9985016082
893 22 10.9985016082
894 22 10.9985016082
895 22 10.9985016082
896 22 10.9985016082
897 22 10.9985016082
898 22 10.9985016082
899 22 10.9985016082
900 22 10.9985016082
901 22 10.9985016082
902 22 10.9985016082
903 22 10.9985016082
904 22 10.9985016082
905 22 10.9985016082
906 22 10.9985016082
907 22 10.9985016082
908 22 10.9985016082
909 22 10.9985016082
910 22 10.9985016082
911 22 10.9985016082
912 22 10.9985016082
913 22 10.9985016082
914 22 10.9985016082
915 22 10.9985016082
916 22 10.9985016082
917 22 10.9985016082
918 22 10.9985016082
919 22 10.9985016082
920 22 10.9985016082
921 23 13.1583238887
922 23 13.1583238887
923 23 13.1583238887
924 23 13.1583238887
925 23 13.1583238887
926 23 13.1583238887
927 23 13.1583238887
928 23 13.1583238887
929 23 13.1583238887
930 23 13.1583238887
931 23 13.1583238887
932 23 13.1583238887
933 23 13.1583238887
934 23 13.1583238887
935 23 13.1583238887
936 23 13.1583238887
937 23 13.1583238887
938 23 13.1583238887
939 23 13.1583238887
940 23 13.1583238887
941 23 13.1583238887
942 23 13.1583238887
943 23 13.1583238887
944 23 13.1583238887
945 23 13.1583238887
946 23 13.1583238887
947 23 13.1583238887
948 23 13.1583238887
949 23 13.1583238887
950 23 13.1583238887
951 23 13.1583238887
952 23 13.1583238887
953 23 13.1583238887
954 23 13.1583238887
955 23 13.1583238887
956 23 13.1583238887
957 23 13.1583238887
958 23 13.1583238887
959 23 13.1583238887
960 23 13.1583238887
961 24 14.5817998195
962 24 14.5817998195
963 24 14.5817998195
964 24 14.5817998195
965 24 14.5817998195
966 24 14.5817998195
967 24 14.5817998195
968 24 14.5817998195
969 24 14.5817998195
970 24 14.5817998195
971 24 14.5817998195
972 24 14.5817998195
973 24 14.5817998195
974 24 14.5817998195
975 24 14.5817998195
976 24 14.5817998195
977 24 14.5817998195
978 24 14.5817998195
979 24 14.5817998195
980 24 14.5817998195
981 24 14.5817998195
982 24 14.5817998195
983 24 14.5817998195
984 24 14.5817998195
985 24 14.5817998195
986 24 14.5817998195
987 24 14.5817998195
988 24 14.5817998195
989 24 14.5817998195
990 24 14.5817998195
991 24 14.5817998195
992 24 14.5817998195
993 24 14.5817998195
994 24 14.5817998195
995 24 14.5817998195
996 24 14.5817998195
997 24 14.5817998195
998 24 14.5817998195
999 24 14.5817998195
1000 24 14.5817998195
1001 25 15.0057299503
1002 25 15.0057299503
1003 25 15.0057299503
1004 25 15.0057299503
1005 25 15.0057299503
1006 25 15.0057299503
1007 25 15.0057299503
1008 25 15.0057299503
1009 25 15.0057299503
1010 25 15.0057299503
1011 25 15.0057299503
1012 25 15.0057299503
1013 25 15.0057299503
1014 25 15.0057299503
1015 25 15.0057299503
1016 25 15.0057299503
1017 25 15.0057299503
1018 25 15.0057299503
1019 25 15.0057299503
1020 25 15.0057299503
1021 25 15.0057299503
1022 25 15.0057299503
1023 25 15.0057299503
1024 25 15.0057299503
1025 25 15.0057299503
1026 25 15.0057299503
1027 25 15.0057299503
1028 25 15.0057299503
1029 25 15.0057299503
1030 25 15.0057299503
1031 25 15.0057299503
1032 25 15.0057299503
1033 25 15.0057299503
1034 25 15.0057299503
1035 25 15.0057299503
1036 25 15.0057299503
1037 25 15.0057299503
1038 25 15.0057299503
1039 25 15.0057299503
1040 25 15.0057299503
1041 26 20.2677233895
1042 26 20.2677233895
1043 26 20.2677233895
1044 26 20.2677233895
1045 26 20.2677233895
1046 26 20.2677233895
1047 26 20.2677233895
1048 26 20.2677233895
1049 26 20.2677233895
1050 26 20.2677233895
1051 26 20.2677233895
1052 26 20.2677233895
1053 26 20.2677233895
1054 26 20.2677233895
1055 26 20.2677233895
1056 26 20.2677233895
1057 26 20.2677233895
1058 26 20.2677233895
1059 26 20.2677233895
1060 26 20.2677233895
1061 26 20.2677233895
1062 26 20.2677233895
1063 26 20.2677233895
1064 26 20.2677233895
1065 26 20.2677233895
1066 26 20.2677233895
1067 26 20.2677233895
1068 26 20.2677233895
1069 26 20.2677233895
1070 26 20.2677233895
1071 26 20.2677233895
1072 26 20.2677233895
1073 26 20.2677233895
1074 26 20.2677233895
1075 26 20.2677233895
1076 26 20.2677233895
1077 26 20.2677233895
1078 26 20.2677233895
1079 26 20.2677233895
1080 26 20.2677233895
1081 27 27.2122609551
1082 27 27.2122609551
1083 27 27.2122609551
1084 27 27.2122609551
1085 27 27.2122609551
1086 27 27.2122609551
1087 27 27.2122609551
1088 27 27.2122609551
1089 27 27.2122609551
1090 27 27.2122609551
1091 27 27.2122609551
1092 27 27.2122609551
1093 27 27.2122609551
1094 27 27.2122609551
