1 0 33.2880137031
2 0 33.2880137031
3 0 33.2880137031
4 0 33.2880137031
5 0 33.2880137031
6 0 33.2880137031
7 0 33.2880137031
8 0 33.2880137031
9 0 33.2880137031
10 0 33.2880137031
11 0 33.2880137031
12 1 21.2645178246
13 2 21.5384194733
14 3 22.9859440321
15 4 24.9360946578
16 5 25.2580675283
17 6 25.67622634
18 7 27.6041113068
19 8 27.4207083757
20 9 27.5962636741
21 10 29.3014897011
22 11 28.927694471
23 12 27.2305400477
24 13 27.8306757646
25 14 26.334670472
26 15 27.3545886592
27 16 27.191045533
28 17 24.8714584705
29 18 24.6078249226
30 19 25.4627337756
31 20 23.9747681154
32 21 22.0855295663
33 22 23.2520245462
34 23 24.2593932936
35 24 22.3129642709
36 25 21.8028459297
37 26 23.6398311291
38 27 23.4784577866
39 28 21.8722542226
40 29 22.914303229
41 30 24.4710637681
42 31 26.2810783897
43 32 27.1206302841
44 33 28.9885790735
45 34 30.1305936151
46 35 29.4203203803
47 36 27.8932560593
48 37 26.2267402991
49 38 25.3375831146
50 39 23.9708103748
51 40 22.2697323928
52 41 21.1797190181
53 42 21.7770536404
54 43 22.271758736
55 44 23.8102586549
56 45 24.6832731206
57 46 26.1097078504
58 47 27.1119050692
59 48 28.4019037013
60 49 28.9796044972
61 50 28.9622831676
62 51 26.9453260947
63 52 25.8569426303
64 53 26.0925415088
65 54 24.8137999601
66 55 22.9597128017
67 56 21.8042342554
68 57 22.0588087212
69 58 20.8612597782
70 59 19.6046206009
71 60 20.282275252
72 61 20.2119906481
73 62 19.8370799966
74 63 18.2021507516
75 64 17.8764396659
76 65 17.7011094198
77 66 16.1583100405
78 67 14.73947728
79 68 13.6203025307
80 69 12.5002234446
81 70 12.5395594318
82 71 12.8654797485
83 72 13.042275741
84 73 12.1292095217
85 74 7.70886948798
86 74 7.70886948798
87 74 7.70886948798
88 74 7.70886948798
89 74 7.70886948798
90 74 7.70886948798
91 74 7.70886948798
92 74 7.70886948798
93 74 7.70886948798
94 74 7.70886948798
95 74 7.70886948798
96 74 7.70886948798
97 74 7.70886948798
98 74 7.70886948798
99 74 7.70886948798
100 74 7.70886948798
101 74 7.70886948798
102 74 7.70886948798
103 74 7.70886948798
104 74 7.70886948798
105 75 14.2171540011
106 75 14.2171540011
107 75 14.2171540011
108 75 14.2171540011
109 75 14.2171540011
110 75 14.2171540011
111 75 14.2171540011
112 76 6.72083897789
113 77 6.73400903378
114 78 6.99605210129
115 79 6.6081176611
116 80 6.73637214745
117 81 6.93063722685
118 82 7.18563421272
119 83 7.46638824728
120 84 7.36141337029
121 85 7.81468648417
122 86 8.33481350856
123 87 7.70182734547
124 88 8.11198812081
125 89 8.70126099882
126 90 8.16006348821
127 91 8.2369290241
128 92 9.07525747857
129 93 9.06027922587
130 94 8.66953198205
131 95 9.70090649816
132 96 10.137152261
133 97 9.64490876287
134 98 10.2816353429
135 99 11.4465888209
136 100 11.7952674911
137 101 11.5631441866
138 102 11.9756139539
139 103 11.3810885985
140 104 11.9807745726
141 105 11.4815936247
142 106 11.3145416297
143 107 10.832095034
144 108 9.92290487905
145 109 9.24286266839
146 110 9.57846713866
147 111 9.22954457105
148 112 8.27919996367
149 113 8.15214265914
150 114 8.59346810008
151 115 7.80334946777
152 116 7.25627831761
153 117 7.60568521725
154 118 7.90402335281
155 119 6.89004662721
156 120 6.79378300156
157 121 7.04508223003
158 122 6.90594228362
159 123 6.35554560521
160 124 6.71780128306
161 125 6.52595903059
162 126 6.20505742832
163 127 6.59725927049
164 128 6.94066322866
165 129 6.36150067873
166 130 6.57245728513
167 131 7.48616682173
168 132 6.7670921516
169 133 6.22619109697
170 134 6.90654659595
171 135 7.38886537754
172 136 6.66215544876
173 137 6.4093945357
174 138 7.35682039605
175 139 7.3663687684
176 140 6.50641299729
177 141 6.82311944056
178 142 7.65496252019
179 143 7.34958104834
180 144 6.64229740649
181 145 7.15204775085
182 146 7.847531333
183 147 7.25838549017
184 148 6.93914605482
185 149 7.47435632565
186 150 7.79975022079
187 151 7.39477131845
188 152 7.25152215788
189 153 7.79785105115
190 154 7.92014440431
191 155 7.74092617189
192 156 7.65103801178
193 157 8.14485038278
194 158 8.53330349447
195 159 8.3324038592
196 160 8.32006759605
197 161 9.04499239442
198 162 9.49346181918
199 163 9.02640251899
200 164 9.33613402928
201 165 10.3301143918
202 166 10.5807630377
203 167 9.96504559089
204 168 10.562175615
205 169 11.7878984517
206 170 12.8103450155
207 171 13.3635440251
208 171 13.3635440251
209 171 13.3635440251
210 171 13.3635440251
211 171 13.3635440251
212 171 13.3635440251
213 171 13.3635440251
214 171 13.3635440251
215 171 13.3635440251
216 171 13.3635440251
217 171 13.3635440251
218 171 13.3635440251
219 171 13.3635440251
220 171 13.3635440251
221 171 13.3635440251
222 171 13.3635440251
