1 0 15.6152063267
2 0 15.6152063267
3 0 15.6152063267
4 0 15.6152063267
5 0 15.6152063267
6 0 15.6152063267
7 0 15.6152063267
8 0 15.6152063267
9 0 15.6152063267
10 0 15.6152063267
11 0 15.6152063267
12 0 15.6152063267
13 0 15.6152063267
14 0 15.6152063267
15 0 15.6152063267
16 0 15.6152063267
17 0 15.6152063267
18 0 15.6152063267
19 0 15.6152063267
20 0 15.6152063267
21 0 15.6152063267
22 0 15.6152063267
23 0 15.6152063267
24 0 15.6152063267
25 0 15.6152063267
26 0 15.6152063267
27 0 15.6152063267
28 0 15.6152063267
29 0 15.6152063267
30 0 15.6152063267
31 0 15.6152063267
32 0 15.6152063267
33 0 15.6152063267
34 0 15.6152063267
35 0 15.6152063267
36 0 15.6152063267
37 0 15.6152063267
38 0 15.6152063267
39 0 15.6152063267
40 0 15.6152063267
41 1 27.3750030866
42 1 27.3750030866
43 1 27.3750030866
44 1 27.3750030866
45 1 27.3750030866
46 1 27.3750030866
47 1 27.3750030866
48 1 27.3750030866
49 1 27.3750030866
50 1 27.3750030866
51 1 27.3750030866
52 1 27.3750030866
53 1 27.3750030866
54 1 27.3750030866
55 1 27.3750030866
56 1 27.3750030866
57 1 27.3750030866
58 1 27.3750030866
59 1 27.3750030866
60 1 27.3750030866
61 1 27.3750030866
62 1 27.3750030866
63 1 27.3750030866
64 1 27.3750030866
65 1 27.3750030866
66 1 27.3750030866
67 1 27.3750030866
68 1 27.3750030866
69 1 27.3750030866
70 1 27.3750030866
71 1 27.3750030866
72 1 27.3750030866
73 1 27.3750030866
74 1 27.3750030866
75 1 27.3750030866
76 1 27.3750030866
77 1 27.3750030866
78 1 27.3750030866
79 1 27.3750030866
80 1 27.3750030866
81 2 22.963276272
82 2 22.963276272
83 2 22.963276272
84 2 22.963276272
85 2 22.963276272
86 2 22.963276272
87 2 22.963276272
88 2 22.963276272
89 2 22.963276272
90 2 22.963276272
91 2 22.963276272
92 2 22.963276272
93 2 22.963276272
94 2 22.963276272
95 2 22.963276272
96 2 22.963276272
97 2 22.963276272
98 2 22.963276272
99 2 22.963276272
100 2 22.963276272
101 2 22.963276272
102 2 22.963276272
103 2 22.963276272
104 2 22.963276272
105 2 22.963276272
106 2 22.963276272
107 2 22.963276272
108 2 22.963276272
109 2 22.963276272
110 2 22.963276272
111 2 22.963276272
112 2 22.963276272
113 2 22.963276272
114 2 22.963276272
115 2 22.963276272
116 2 22.963276272
117 2 22.963276272
118 2 22.963276272
119 2 22.963276272
120 2 22.963276272
121 3 23.4372489171
122 3 23.4372489171
123 3 23.4372489171
124 3 23.4372489171
125 3 23.4372489171
126 3 23.4372489171
127 3 23.4372489171
128 3 23.4372489171
129 3 23.4372489171
130 3 23.4372489171
131 3 23.4372489171
132 3 23.4372489171
133 3 23.4372489171
134 3 23.4372489171
135 3 23.4372489171
136 3 23.4372489171
137 3 23.4372489171
138 3 23.4372489171
139 3 23.4372489171
140 3 23.4372489171
141 3 23.4372489171
142 3 23.4372489171
143 3 23.4372489171
144 3 23.4372489171
145 3 23.4372489171
146 3 23.4372489171
147 3 23.4372489171
148 3 23.4372489171
149 3 23.4372489171
150 3 23.4372489171
151 3 23.4372489171
152 3 23.4372489171
153 3 23.4372489171
154 3 23.4372489171
155 3 23.4372489171
156 3 23.4372489171
157 3 23.4372489171
158 3 23.4372489171
159 3 23.4372489171
160 3 23.4372489171
161 4 30.5974061728
162 4 30.5974061728
163 4 30.5974061728
164 4 30.5974061728
165 4 30.5974061728
166 4 30.5974061728
167 4 30.5974061728
168 4 30.5974061728
169 4 30.5974061728
170 4 30.5974061728
171 4 30.5974061728
172 4 30.5974061728
173 4 30.5974061728
174 4 30.5974061728
175 4 30.5974061728
176 4 30.5974061728
177 4 30.5974061728
178 4 30.5974061728
179 4 30.5974061728
180 4 30.5974061728
181 4 30.5974061728
182 4 30.5974061728
183 4 30.5974061728
184 4 30.5974061728
185 4 30.5974061728
186 4 30.5974061728
187 4 30.5974061728
188 4 30.5974061728
189 4 30.5974061728
190 4 30.5974061728
191 4 30.5974061728
192 4 30.5974061728
193 4 30.5974061728
194 4 30.5974061728
195 4 30.5974061728
196 4 30.5974061728
197 4 30.5974061728
198 4 30.5974061728
199 4 30.5974061728
200 4 30.5974061728
201 5 28.5384300666
202 5 28.5384300666
203 5 28.5384300666
204 5 28.5384300666
205 5 28.5384300666
206 5 28.5384300666
207 5 28.5384300666
208 5 28.5384300666
209 5 28.5384300666
210 5 28.5384300666
211 5 28.5384300666
212 5 28.5384300666
213 5 28.5384300666
214 5 28.5384300666
215 5 28.5384300666
216 5 28.5384300666
217 5 28.5384300666
218 5 28.5384300666
219 5 28.5384300666
220 5 28.5384300666
221 5 28.5384300666
222 5 28.5384300666
223 5 28.5384300666
224 5 28.5384300666
225 5 28.5384300666
226 5 28.5384300666
227 5 28.5384300666
228 5 28.5384300666
229 5 28.5384300666
230 5 28.5384300666
231 5 28.5384300666
232 5 28.5384300666
233 5 28.5384300666
234 5 28.5384300666
235 5 28.5384300666
236 5 28.5384300666
237 5 28.5384300666
238 5 28.5384300666
239 5 28.5384300666
240 5 28.5384300666
241 6 30.5797791986
242 6 30.5797791986
243 6 30.5797791986
244 6 30.5797791986
245 6 30.5797791986
246 6 30.5797791986
247 6 30.5797791986
248 6 30.5797791986
249 6 30.5797791986
250 6 30.5797791986
251 6 30.5797791986
252 6 30.5797791986
253 6 30.5797791986
254 6 30.5797791986
255 6 30.5797791986
256 6 30.5797791986
257 6 30.5797791986
258 6 30.5797791986
259 6 30.5797791986
260 6 30.5797791986
261 6 30.5797791986
262 6 30.5797791986
263 6 30.5797791986
264 6 30.5797791986
265 6 30.5797791986
266 6 30.5797791986
267 6 30.5797791986
268 6 30.5797791986
269 6 30.5797791986
270 6 30.5797791986
271 6 30.5797791986
272 6 30.5797791986
273 6 30.5797791986
274 6 30.5797791986
275 6 30.5797791986
276 6 30.5797791986
277 6 30.5797791986
278 6 30.5797791986
279 6 30.5797791986
280 6 30.5797791986
281 7 31.5384411393
282 7 31.5384411393
283 7 31.5384411393
284 7 31.5384411393
285 7 31.5384411393
286 7 31.5384411393
287 7 31.5384411393
288 7 31.5384411393
289 7 31.5384411393
290 7 31.5384411393
291 7 31.5384411393
292 7 31.5384411393
293 7 31.5384411393
294 7 31.5384411393
295 7 31.5384411393
296 7 31.5384411393
297 7 31.5384411393
298 7 31.5384411393
299 7 31.5384411393
300 7 31.5384411393
301 7 31.5384411393
302 7 31.5384411393
303 7 31.5384411393
304 7 31.5384411393
305 7 31.5384411393
306 7 31.5384411393
307 7 31.5384411393
308 7 31.5384411393
309 7 31.5384411393
310 7 31.5384411393
311 7 31.5384411393
312 7 31.5384411393
313 7 31.5384411393
314 7 31.5384411393
315 7 31.5384411393
316 7 31.5384411393
317 7 31.5384411393
318 7 31.5384411393
319 7 31.5384411393
320 7 31.5384411393
321 8 31.3157144632
322 8 31.3157144632
323 8 31.3157144632
324 8 31.3157144632
325 8 31.3157144632
326 8 31.3157144632
327 8 31.3157144632
328 8 31.3157144632
329 8 31.3157144632
330 8 31.3157144632
331 8 31.3157144632
332 8 31.3157144632
333 8 31.3157144632
334 8 31.3157144632
335 8 31.3157144632
336 8 31.3157144632
337 8 31.3157144632
338 8 31.3157144632
339 8 31.3157144632
340 8 31.3157144632
341 8 31.3157144632
342 8 31.3157144632
343 8 31.3157144632
344 8 31.3157144632
345 8 31.3157144632
346 8 31.3157144632
347 8 31.3157144632
348 8 31.3157144632
349 8 31.3157144632
350 8 31.3157144632
351 8 31.3157144632
352 8 31.3157144632
353 8 31.3157144632
354 8 31.3157144632
355 8 31.3157144632
356 8 31.3157144632
357 8 31.3157144632
358 8 31.3157144632
359 8 31.3157144632
360 8 31.3157144632
361 9 31.4772583495
362 9 31.4772583495
363 9 31.4772583495
364 9 31.4772583495
365 9 31.4772583495
366 9 31.4772583495
367 9 31.4772583495
368 9 31.4772583495
369 9 31.4772583495
370 9 31.4772583495
371 9 31.4772583495
372 9 31.4772583495
373 9 31.4772583495
374 9 31.4772583495
375 9 31.4772583495
376 9 31.4772583495
377 9 31.4772583495
378 9 31.4772583495
379 9 31.4772583495
380 9 31.4772583495
381 9 31.4772583495
382 9 31.4772583495
383 9 31.4772583495
384 9 31.4772583495
385 9 31.4772583495
386 9 31.4772583495
387 9 31.4772583495
388 9 31.4772583495
389 9 31.4772583495
390 9 31.4772583495
391 9 31.4772583495
392 9 31.4772583495
393 9 31.4772583495
394 9 31.4772583495
395 9 31.4772583495
396 9 31.4772583495
397 9 31.4772583495
398 9 31.4772583495
399 9 31.4772583495
400 9 31.4772583495
401 10 35.8164835052
402 10 35.8164835052
403 10 35.8164835052
404 10 35.8164835052
405 10 35.8164835052
406 10 35.8164835052
407 10 35.8164835052
408 10 35.8164835052
409 10 35.8164835052
410 10 35.8164835052
411 10 35.8164835052
412 10 35.8164835052
413 10 35.8164835052
414 10 35.8164835052
415 10 35.8164835052
416 10 35.8164835052
417 10 35.8164835052
418 10 35.8164835052
419 10 35.8164835052
420 10 35.8164835052
421 10 35.8164835052
422 10 35.8164835052
423 10 35.8164835052
424 10 35.8164835052
425 10 35.8164835052
426 10 35.8164835052
427 10 35.8164835052
428 10 35.8164835052
429 10 35.8164835052
430 10 35.8164835052
431 10 35.8164835052
432 10 35.8164835052
433 10 35.8164835052
434 10 35.8164835052
435 10 35.8164835052
436 10 35.8164835052
