1 0 12.1122928461
2 0 12.1122928461
3 0 12.1122928461
4 0 12.1122928461
5 0 12.1122928461
6 0 12.1122928461
7 0 12.1122928461
8 0 12.1122928461
9 0 12.1122928461
10 0 12.1122928461
11 0 12.1122928461
12 0 12.1122928461
13 0 12.1122928461
14 0 12.1122928461
15 0 12.1122928461
16 0 12.1122928461
17 0 12.1122928461
18 0 12.1122928461
19 0 12.1122928461
20 0 12.1122928461
21 1 13.0720071496
22 1 13.0720071496
23 1 13.0720071496
24 1 13.0720071496
25 1 13.0720071496
26 1 13.0720071496
27 1 13.0720071496
28 1 13.0720071496
29 1 13.0720071496
30 1 13.0720071496
31 1 13.0720071496
32 1 13.0720071496
33 1 13.0720071496
34 1 13.0720071496
35 1 13.0720071496
36 1 13.0720071496
37 1 13.0720071496
38 1 13.0720071496
39 1 13.0720071496
40 1 13.0720071496
41 2 12.0134349067
42 2 12.0134349067
43 2 12.0134349067
44 2 12.0134349067
45 2 12.0134349067
46 2 12.0134349067
47 2 12.0134349067
48 2 12.0134349067
49 2 12.0134349067
50 2 12.0134349067
51 2 12.0134349067
52 2 12.0134349067
53 2 12.0134349067
54 2 12.0134349067
55 2 12.0134349067
56 2 12.0134349067
57 2 12.0134349067
58 2 12.0134349067
59 2 12.0134349067
60 2 12.0134349067
61 3 12.445972197
62 3 12.445972197
63 3 12.445972197
64 3 12.445972197
65 3 12.445972197
66 3 12.445972197
67 3 12.445972197
68 3 12.445972197
69 3 12.445972197
70 3 12.445972197
71 3 12.445972197
72 3 12.445972197
73 3 12.445972197
74 3 12.445972197
75 3 12.445972197
76 3 12.445972197
77 3 12.445972197
78 3 12.445972197
79 3 12.445972197
80 3 12.445972197
81 4 17.8265148548
82 4 17.8265148548
83 4 17.8265148548
84 4 17.8265148548
85 4 17.8265148548
86 4 17.8265148548
87 4 17.8265148548
88 4 17.8265148548
89 4 17.8265148548
90 4 17.8265148548
91 4 17.8265148548
92 4 17.8265148548
93 4 17.8265148548
94 4 17.8265148548
95 4 17.8265148548
96 4 17.8265148548
97 4 17.8265148548
98 4 17.8265148548
99 4 17.8265148548
100 4 17.8265148548
101 5 8.73222442579
102 5 8.73222442579
103 5 8.73222442579
104 5 8.73222442579
105 5 8.73222442579
106 5 8.73222442579
107 5 8.73222442579
108 5 8.73222442579
109 5 8.73222442579
110 5 8.73222442579
111 5 8.73222442579
112 5 8.73222442579
113 5 8.73222442579
114 5 8.73222442579
115 5 8.73222442579
116 5 8.73222442579
117 5 8.73222442579
118 5 8.73222442579
119 5 8.73222442579
120 5 8.73222442579
121 6 15.4691753432
122 6 15.4691753432
123 6 15.4691753432
124 6 15.4691753432
125 6 15.4691753432
126 6 15.4691753432
127 6 15.4691753432
128 6 15.4691753432
129 6 15.4691753432
130 6 15.4691753432
131 6 15.4691753432
132 6 15.4691753432
133 6 15.4691753432
134 6 15.4691753432
135 6 15.4691753432
136 6 15.4691753432
137 6 15.4691753432
138 6 15.4691753432
139 6 15.4691753432
140 6 15.4691753432
141 7 12.6420977874
142 7 12.6420977874
143 7 12.6420977874
144 7 12.6420977874
145 7 12.6420977874
146 7 12.6420977874
147 7 12.6420977874
148 7 12.6420977874
149 7 12.6420977874
150 7 12.6420977874
151 7 12.6420977874
152 7 12.6420977874
153 7 12.6420977874
154 7 12.6420977874
155 7 12.6420977874
156 7 12.6420977874
157 7 12.6420977874
158 7 12.6420977874
159 7 12.6420977874
160 7 12.6420977874
161 8 13.5900921773
162 8 13.5900921773
163 8 13.5900921773
164 8 13.5900921773
165 8 13.5900921773
166 8 13.5900921773
167 8 13.5900921773
168 8 13.5900921773
169 8 13.5900921773
170 8 13.5900921773
171 8 13.5900921773
172 8 13.5900921773
173 8 13.5900921773
174 8 13.5900921773
175 8 13.5900921773
176 8 13.5900921773
177 8 13.5900921773
178 8 13.5900921773
179 8 13.5900921773
180 8 13.5900921773
181 9 12.8797396223
182 9 12.8797396223
183 9 12.8797396223
184 9 12.8797396223
185 9 12.8797396223
186 9 12.8797396223
187 9 12.8797396223
188 9 12.8797396223
189 9 12.8797396223
190 9 12.8797396223
191 9 12.8797396223
192 9 12.8797396223
193 9 12.8797396223
194 9 12.8797396223
195 9 12.8797396223
196 9 12.8797396223
197 9 12.8797396223
198 9 12.8797396223
199 9 12.8797396223
200 9 12.8797396223
201 10 17.2893798689
202 10 17.2893798689
203 10 17.2893798689
204 10 17.2893798689
205 10 17.2893798689
206 10 17.2893798689
207 10 17.2893798689
208 10 17.2893798689
209 10 17.2893798689
210 10 17.2893798689
211 10 17.2893798689
212 10 17.2893798689
213 10 17.2893798689
214 10 17.2893798689
215 10 17.2893798689
216 10 17.2893798689
217 10 17.2893798689
218 10 17.2893798689
219 10 17.2893798689
220 10 17.2893798689
221 11 22.3195082589
222 11 22.3195082589
223 11 22.3195082589
224 11 22.3195082589
225 11 22.3195082589
226 11 22.3195082589
227 11 22.3195082589
228 11 22.3195082589
229 11 22.3195082589
230 11 22.3195082589
231 11 22.3195082589
232 11 22.3195082589
233 11 22.3195082589
234 11 22.3195082589
235 11 22.3195082589
236 11 22.3195082589
237 11 22.3195082589
238 11 22.3195082589
239 11 22.3195082589
240 11 22.3195082589
241 12 24.1661517044
242 12 24.1661517044
243 12 24.1661517044
244 12 24.1661517044
245 12 24.1661517044
246 12 24.1661517044
247 12 24.1661517044
248 12 24.1661517044
249 12 24.1661517044
250 12 24.1661517044
251 12 24.1661517044
252 12 24.1661517044
253 12 24.1661517044
254 12 24.1661517044
255 12 24.1661517044
256 12 24.1661517044
257 12 24.1661517044
258 12 24.1661517044
259 12 24.1661517044
260 12 24.1661517044
261 13 18.2664488779
262 13 18.2664488779
263 13 18.2664488779
264 13 18.2664488779
265 13 18.2664488779
266 13 18.2664488779
267 13 18.2664488779
268 13 18.2664488779
269 13 18.2664488779
270 13 18.2664488779
271 13 18.2664488779
272 13 18.2664488779
273 13 18.2664488779
274 13 18.2664488779
275 13 18.2664488779
276 13 18.2664488779
277 13 18.2664488779
278 13 18.2664488779
279 13 18.2664488779
280 13 18.2664488779
281 14 22.3117014691
282 14 22.3117014691
283 14 22.3117014691
284 14 22.3117014691
285 14 22.3117014691
286 14 22.3117014691
287 14 22.3117014691
288 14 22.3117014691
289 14 22.3117014691
290 14 22.3117014691
291 14 22.3117014691
292 14 22.3117014691
293 14 22.3117014691
294 14 22.3117014691
295 14 22.3117014691
296 14 22.3117014691
297 14 22.3117014691
298 14 22.3117014691
299 14 22.3117014691
300 14 22.3117014691
301 15 26.0037961728
302 15 26.0037961728
303 15 26.0037961728
304 15 26.0037961728
305 15 26.0037961728
306 15 26.0037961728
307 15 26.0037961728
308 15 26.0037961728
309 15 26.0037961728
310 15 26.0037961728
311 15 26.0037961728
312 15 26.0037961728
313 15 26.0037961728
314 15 26.0037961728
315 15 26.0037961728
316 15 26.0037961728
317 15 26.0037961728
318 15 26.0037961728
319 15 26.0037961728
320 15 26.0037961728
321 16 31.8780764962
322 16 31.8780764962
323 16 31.8780764962
324 16 31.8780764962
325 16 31.8780764962
326 16 31.8780764962
327 16 31.8780764962
328 16 31.8780764962
329 16 31.8780764962
330 16 31.8780764962
331 16 31.8780764962
332 16 31.8780764962
333 16 31.8780764962
334 16 31.8780764962
335 16 31.8780764962
336 16 31.8780764962
337 16 31.8780764962
338 16 31.8780764962
339 16 31.8780764962
340 16 31.8780764962
341 17 24.8972069888
342 17 24.8972069888
343 17 24.8972069888
344 17 24.8972069888
345 17 24.8972069888
346 17 24.8972069888
347 17 24.8972069888
348 17 24.8972069888
349 17 24.8972069888
350 17 24.8972069888
351 17 24.8972069888
352 17 24.8972069888
353 17 24.8972069888
354 17 24.8972069888
355 17 24.8972069888
356 17 24.8972069888
357 17 24.8972069888
358 17 24.8972069888
359 17 24.8972069888
360 17 24.8972069888
361 18 32.3438753104
362 18 32.3438753104
363 18 32.3438753104
364 18 32.3438753104
365 18 32.3438753104
366 18 32.3438753104
367 18 32.3438753104
368 18 32.3438753104
369 18 32.3438753104
370 18 32.3438753104
371 18 32.3438753104
372 18 32.3438753104
373 18 32.3438753104
374 18 32.3438753104
375 18 32.3438753104
376 18 32.3438753104
377 18 32.3438753104
378 18 32.3438753104
379 18 32.3438753104
380 18 32.3438753104
381 19 21.6183789437
382 19 21.6183789437
383 19 21.6183789437
384 19 21.6183789437
385 19 21.6183789437
386 19 21.6183789437
387 19 21.6183789437
388 19 21.6183789437
389 19 21.6183789437
390 19 21.6183789437
391 19 21.6183789437
392 19 21.6183789437
393 19 21.6183789437
394 19 21.6183789437
395 19 21.6183789437
396 19 21.6183789437
397 19 21.6183789437
398 19 21.6183789437
399 19 21.6183789437
400 19 21.6183789437
401 20 20.1189977451
402 20 20.1189977451
403 20 20.1189977451
404 20 20.1189977451
405 20 20.1189977451
406 20 20.1189977451
407 20 20.1189977451
408 20 20.1189977451
409 20 20.1189977451
410 20 20.1189977451
411 20 20.1189977451
412 20 20.1189977451
413 20 20.1189977451
414 20 20.1189977451
415 20 20.1189977451
416 20 20.1189977451
417 20 20.1189977451
418 20 20.1189977451
419 20 20.1189977451
420 20 20.1189977451
421 21 23.9605520925
422 21 23.9605520925
423 21 23.9605520925
424 21 23.9605520925
425 21 23.9605520925
426 21 23.9605520925
427 21 23.9605520925
428 21 23.9605520925
429 21 23.9605520925
430 21 23.9605520925
431 21 23.9605520925
432 21 23.9605520925
433 21 23.9605520925
434 21 23.9605520925
435 21 23.9605520925
436 21 23.9605520925
437 21 23.9605520925
438 21 23.9605520925
439 21 23.9605520925
440 21 23.9605520925
441 22 28.692477217
442 22 28.692477217
443 22 28.692477217
444 22 28.692477217
445 22 28.692477217
446 22 28.692477217
447 22 28.692477217
448 22 28.692477217
449 22 28.692477217
450 22 28.692477217
451 22 28.692477217
452 22 28.692477217
453 22 28.692477217
454 22 28.692477217
455 22 28.692477217
456 22 28.692477217
457 22 28.692477217
458 22 28.692477217
459 22 28.692477217
460 22 28.692477217
461 23 30.2399842625
462 23 30.2399842625
463 23 30.2399842625
464 23 30.2399842625
465 23 30.2399842625
466 23 30.2399842625
467 23 30.2399842625
468 23 30.2399842625
469 23 30.2399842625
470 23 30.2399842625
471 23 30.2399842625
472 23 30.2399842625
473 23 30.2399842625
474 23 30.2399842625
475 23 30.2399842625
476 23 30.2399842625
477 23 30.2399842625
478 23 30.2399842625
479 23 30.2399842625
480 23 30.2399842625
481 24 29.9098278641
482 24 29.9098278641
483 24 29.9098278641
484 24 29.9098278641
485 24 29.9098278641
486 24 29.9098278641
487 24 29.9098278641
488 24 29.9098278641
489 24 29.9098278641
490 24 29.9098278641
491 24 29.9098278641
492 24 29.9098278641
493 24 29.9098278641
494 24 29.9098278641
495 24 29.9098278641
496 24 29.9098278641
497 24 29.9098278641
498 24 29.9098278641
499 24 29.9098278641
500 24 29.9098278641
501 25 39.9193468401
502 25 39.9193468401
503 25 39.9193468401
504 25 39.9193468401
505 25 39.9193468401
506 25 39.9193468401
507 25 39.9193468401
508 25 39.9193468401
509 25 39.9193468401
510 25 39.9193468401
511 25 39.9193468401
512 25 39.9193468401
513 25 39.9193468401
514 25 39.9193468401
515 25 39.9193468401
516 25 39.9193468401
517 25 39.9193468401
518 25 39.9193468401
519 25 39.9193468401
520 25 39.9193468401
521 26 41.2047274561
522 26 41.2047274561
523 26 41.2047274561
524 26 41.2047274561
525 26 41.2047274561
526 26 41.2047274561
527 26 41.2047274561
528 26 41.2047274561
529 26 41.2047274561
530 26 41.2047274561
531 26 41.2047274561
532 26 41.2047274561
533 26 41.2047274561
534 26 41.2047274561
535 26 41.2047274561
536 26 41.2047274561
537 26 41.2047274561
538 26 41.2047274561
539 26 41.2047274561
540 26 41.2047274561
541 27 44.6308924039
542 27 44.6308924039
543 27 44.6308924039
544 27 44.6308924039
545 27 44.6308924039
546 27 44.6308924039
547 27 44.6308924039
548 27 44.6308924039
549 27 44.6308924039
550 27 44.6308924039
551 27 44.6308924039
552 27 44.6308924039
553 27 44.6308924039
554 27 44.6308924039
555 27 44.6308924039
556 27 44.6308924039
557 27 44.6308924039
558 27 44.6308924039
559 27 44.6308924039
560 27 44.6308924039
561 28 40.1114721572
562 28 40.1114721572
563 28 40.1114721572
564 28 40.1114721572
565 28 40.1114721572
566 28 40.1114721572
