1 0 7.33512094152
2 0 7.33512094152
3 0 7.33512094152
4 0 7.33512094152
5 0 7.33512094152
6 0 7.33512094152
7 0 7.33512094152
8 0 7.33512094152
9 0 7.33512094152
10 0 7.33512094152
11 0 7.33512094152
12 0 7.33512094152
13 0 7.33512094152
14 0 7.33512094152
15 0 7.33512094152
16 0 7.33512094152
17 0 7.33512094152
18 0 7.33512094152
19 0 7.33512094152
20 0 7.33512094152
21 1 12.2230078164
22 1 12.2230078164
23 1 12.2230078164
24 1 12.2230078164
25 1 12.2230078164
26 1 12.2230078164
27 1 12.2230078164
28 1 12.2230078164
29 1 12.2230078164
30 1 12.2230078164
31 1 12.2230078164
32 1 12.2230078164
33 1 12.2230078164
34 1 12.2230078164
35 1 12.2230078164
36 1 12.2230078164
37 2 11.3536464973
38 3 10.0448774904
39 4 9.47753193713
40 5 10.3694767567
41 6 10.1790137703
42 7 8.8697666419
43 8 9.10516466824
44 9 9.94417254073
45 10 8.98017355958
46 11 8.25119402058
47 12 9.36221249015
48 13 9.59528368815
49 14 8.28499242705
50 15 8.5436672634
51 16 9.77832957395
52 17 9.1675907451
53 18 8.33250604073
54 19 9.51485750626
55 20 10.2064599852
56 21 9.05749266163
57 22 9.0417572468
58 23 10.5915989641
59 24 11.1457259051
60 25 11.93973098
61 26 12.5740505316
62 27 11.7568107656
63 28 11.943845536
64 29 11.1436317199
65 30 10.1741076547
66 31 9.72958293285
67 32 8.82376175902
68 33 9.47506252276
69 34 8.89438709222
70 35 7.72804091202
71 36 8.12396996356
72 37 8.53775228785
73 38 7.5707098537
74 39 7.34936603515
75 40 8.29418042256
76 41 8.16102321747
77 42 7.27264381848
78 43 7.80531933159
79 44 8.56477880313
80 45 7.89152835881
81 46 7.64543019045
82 47 8.67854662953
83 48 8.92214890764
84 49 8.10418170826
85 50 8.56223323727
86 51 9.62386888501
87 52 9.04199660181
88 53 8.63340468123
89 54 9.50835618592
90 55 9.17923932384
91 56 8.03700153568
92 57 8.31456603332
93 58 8.8119005825
94 59 7.83040849783
95 60 7.46834150344
96 61 8.12139324168
97 62 7.91845063127
98 63 7.12325259678
99 64 7.4812613937
100 65 8.00932956616
101 66 7.46457527021
102 67 7.2392164283
103 68 7.80257324335
104 69 8.02152502543
105 70 7.66761226207
106 71 7.86093542184
107 72 8.40806558408
108 73 8.49313001227
109 74 8.4442322775
110 75 8.72314562988
111 76 9.2492359401
112 77 9.30502207598
113 78 9.01934083285
114 79 9.6040379559
115 80 10.1612455072
116 81 9.66912817571
117 82 9.68976904605
118 83 10.5473400204
119 84 10.5166221955
120 85 9.79134677477
121 86 10.4855397245
122 87 11.0972035855
123 88 10.4132759857
124 89 10.4891946591
125 90 11.3376668342
126 91 11.4801045021
127 92 10.7275432087
128 93 11.5630973035
129 93 11.5630973035
130 93 11.5630973035
131 93 11.5630973035
132 94 7.41499405908
133 94 7.41499405908
134 94 7.41499405908
135 94 7.41499405908
136 94 7.41499405908
137 94 7.41499405908
138 94 7.41499405908
139 94 7.41499405908
140 94 7.41499405908
141 94 7.41499405908
142 94 7.41499405908
143 94 7.41499405908
144 94 7.41499405908
145 94 7.41499405908
146 94 7.41499405908
147 94 7.41499405908
148 94 7.41499405908
149 94 7.41499405908
150 94 7.41499405908
151 94 7.41499405908
152 95 13.3392061152
153 95 13.3392061152
154 95 13.3392061152
155 95 13.3392061152
156 95 13.3392061152
157 95 13.3392061152
158 95 13.3392061152
159 95 13.3392061152
160 95 13.3392061152
161 95 13.3392061152
162 95 13.3392061152
163 95 13.3392061152
164 95 13.3392061152
165 95 13.3392061152
166 95 13.3392061152
167 95 13.3392061152
168 95 13.3392061152
169 95 13.3392061152
170 95 13.3392061152
171 95 13.3392061152
172 96 15.1783760959
173 96 15.1783760959
174 96 15.1783760959
175 96 15.1783760959
176 96 15.1783760959
177 96 15.1783760959
178 96 15.1783760959
179 96 15.1783760959
180 96 15.1783760959
181 96 15.1783760959
182 96 15.1783760959
183 96 15.1783760959
184 96 15.1783760959
185 96 15.1783760959
186 96 15.1783760959
187 96 15.1783760959
188 96 15.1783760959
189 96 15.1783760959
190 96 15.1783760959
191 96 15.1783760959
192 97 23.5691905491
193 97 23.5691905491
194 97 23.5691905491
195 97 23.5691905491
196 97 23.5691905491
197 97 23.5691905491
198 97 23.5691905491
199 97 23.5691905491
200 97 23.5691905491
201 97 23.5691905491
202 97 23.5691905491
203 97 23.5691905491
204 97 23.5691905491
205 97 23.5691905491
206 97 23.5691905491
207 97 23.5691905491
208 97 23.5691905491
209 97 23.5691905491
210 97 23.5691905491
211 97 23.5691905491
212 98 27.082113666
213 98 27.082113666
214 98 27.082113666
215 98 27.082113666
216 98 27.082113666
217 98 27.082113666
218 98 27.082113666
219 98 27.082113666
220 98 27.082113666
221 98 27.082113666
222 98 27.082113666
223 98 27.082113666
224 98 27.082113666
225 98 27.082113666
226 98 27.082113666
227 98 27.082113666
228 98 27.082113666
229 98 27.082113666
230 98 27.082113666
231 98 27.082113666
232 99 35.6898773534
233 99 35.6898773534
234 99 35.6898773534
235 99 35.6898773534
236 99 35.6898773534
237 99 35.6898773534
238 99 35.6898773534
239 99 35.6898773534
240 99 35.6898773534
241 99 35.6898773534
242 99 35.6898773534
243 99 35.6898773534
244 99 35.6898773534
245 99 35.6898773534
246 99 35.6898773534
247 99 35.6898773534
248 99 35.6898773534
249 99 35.6898773534
250 99 35.6898773534
251 99 35.6898773534
252 100 39.3200890082
253 100 39.3200890082
254 100 39.3200890082
255 100 39.3200890082
256 100 39.3200890082
257 100 39.3200890082
258 100 39.3200890082
259 100 39.3200890082
260 100 39.3200890082
261 100 39.3200890082
262 100 39.3200890082
263 100 39.3200890082
264 100 39.3200890082
265 100 39.3200890082
266 100 39.3200890082
267 100 39.3200890082
268 100 39.3200890082
269 100 39.3200890082
270 100 39.3200890082
271 100 39.3200890082
272 101 38.1012691872
273 101 38.1012691872
274 101 38.1012691872
275 101 38.1012691872
276 101 38.1012691872
277 101 38.1012691872
278 101 38.1012691872
279 101 38.1012691872
280 101 38.1012691872
281 101 38.1012691872
282 101 38.1012691872
283 101 38.1012691872
284 101 38.1012691872
