1 0 0.0
2 1 0.0
3 2 0.0
4 3 0.0
5 4 0.0
6 5 0.0
7 6 0.0
8 7 0.0
9 8 0.0
10 9 0.0
11 10 0.0
12 11 0.0
13 12 0.0
14 13 0.0
15 14 0.0
16 15 0.0
17 16 0.0
18 17 0.0
19 18 0.0
20 19 0.0
21 20 0.0
22 21 0.0
23 22 0.0
24 23 0.0
25 24 0.0
26 25 0.0
27 26 0.0
28 27 0.0
29 28 0.0
30 29 0.0
31 30 0.0
32 31 0.0
33 32 0.0
34 33 0.0
35 34 0.0
36 35 0.0
37 36 0.0
38 37 0.0
39 38 0.0
40 39 0.0
41 40 0.0
42 41 0.0
43 42 0.0
44 43 0.0
45 44 0.0
46 45 0.0
47 46 0.0
48 47 0.0
49 48 0.0
50 49 0.0
51 50 0.0
52 51 0.0
53 52 0.0
54 53 0.0
55 54 0.0
56 55 0.0
57 56 0.0
58 57 0.0
59 58 0.0
60 59 0.0
61 60 12.5192592816
62 60 12.5192592816
63 60 12.5192592816
64 60 12.5192592816
65 60 12.5192592816
66 60 12.5192592816
67 60 12.5192592816
68 60 12.5192592816
69 60 12.5192592816
70 60 12.5192592816
71 60 12.5192592816
72 60 12.5192592816
73 60 12.5192592816
74 60 12.5192592816
75 60 12.5192592816
76 60 12.5192592816
77 60 12.5192592816
78 60 12.5192592816
79 60 12.5192592816
80 60 12.5192592816
81 61 11.5880491909
82 61 11.5880491909
83 62 0.0
84 63 0.0
85 64 0.0
86 65 0.0
87 66 0.0
88 67 0.0
89 68 0.0
90 69 0.0
91 70 0.0
92 71 0.0
93 72 0.0
94 73 0.0
95 74 0.0
96 75 0.0
97 76 0.0
98 77 0.0
99 78 0.0
100 79 0.0
101 80 0.0
102 81 0.0
103 82 0.0
104 83 0.0
105 84 0.0
106 85 0.0
107 86 0.0
108 87 0.0
109 88 0.0
110 89 0.0
111 90 0.0
112 91 0.0
113 92 0.0
114 93 0.0
115 94 0.0
116 95 0.0
117 96 0.0
118 97 0.0
119 98 0.0
120 99 0.0
121 100 0.0
122 101 0.0
123 102 0.0
124 103 0.0
125 104 0.0
126 105 0.0
127 106 0.0
128 107 0.0
129 108 0.0
130 109 0.0
131 110 0.0
132 111 0.0
133 112 0.0
134 113 0.0
135 114 0.0
136 115 0.0
137 116 0.0
138 117 0.0
139 118 0.0
140 119 0.0
141 120 0.0
142 121 0.0
143 122 0.0
144 123 0.0
145 124 0.0
146 125 0.0
147 126 0.0
148 127 0.0
149 128 0.0
150 129 0.0
151 130 0.0
152 131 0.0
153 132 0.0
154 133 0.0
155 134 0.0
156 135 0.0
157 136 0.0
158 137 0.0
159 138 0.0
160 139 0.0
161 140 0.0
162 141 0.0
163 142 0.0
164 143 0.0
165 144 0.0
166 145 0.0
167 146 0.0
168 147 0.0
169 148 0.0
170 149 0.0
171 150 0.0
172 151 0.0
173 152 0.0
174 153 0.0
175 154 0.0
176 155 0.0
177 156 0.0
178 157 0.0
179 158 0.0
180 159 0.0
181 160 0.0
182 161 0.0
183 162 0.0
184 163 0.0
185 164 0.0
186 165 0.0
187 166 0.0
188 167 0.0
189 168 0.0
190 169 0.0
191 170 0.0
192 171 0.0
193 172 14.8156135284
194 172 14.8156135284
195 172 14.8156135284
196 172 14.8156135284
197 172 14.8156135284
198 172 14.8156135284
199 172 14.8156135284
200 172 14.8156135284
201 172 14.8156135284
202 172 14.8156135284
203 172 14.8156135284
204 172 14.8156135284
205 172 14.8156135284
206 172 14.8156135284
207 172 14.8156135284
208 172 14.8156135284
209 172 14.8156135284
210 172 14.8156135284
211 172 14.8156135284
212 172 14.8156135284
213 173 20.3289545139
214 173 20.3289545139
215 173 20.3289545139
216 173 20.3289545139
217 173 20.3289545139
218 173 20.3289545139
219 173 20.3289545139
220 173 20.3289545139
221 173 20.3289545139
222 173 20.3289545139
223 173 20.3289545139
224 173 20.3289545139
225 173 20.3289545139
226 173 20.3289545139
227 173 20.3289545139
228 173 20.3289545139
229 173 20.3289545139
230 173 20.3289545139
231 173 20.3289545139
232 173 20.3289545139
233 174 26.8014536261
234 174 26.8014536261
235 174 26.8014536261
236 174 26.8014536261
237 174 26.8014536261
238 174 26.8014536261
239 174 26.8014536261
240 174 26.8014536261
241 174 26.8014536261
242 174 26.8014536261
243 174 26.8014536261
244 174 26.8014536261
245 174 26.8014536261
246 174 26.8014536261
247 174 26.8014536261
248 174 26.8014536261
249 174 26.8014536261
250 174 26.8014536261
251 174 26.8014536261
252 174 26.8014536261
253 175 32.2967175838
254 175 32.2967175838
255 175 32.2967175838
256 175 32.2967175838
257 175 32.2967175838
258 175 32.2967175838
259 175 32.2967175838
260 175 32.2967175838
261 175 32.2967175838
262 175 32.2967175838
263 175 32.2967175838
264 175 32.2967175838
265 175 32.2967175838
266 175 32.2967175838
267 175 32.2967175838
268 175 32.2967175838
269 175 32.2967175838
270 175 32.2967175838
271 175 32.2967175838
272 175 32.2967175838
273 176 36.4637523988
274 176 36.4637523988
275 176 36.4637523988
276 176 36.4637523988
277 176 36.4637523988
278 176 36.4637523988
279 176 36.4637523988
280 176 36.4637523988
281 176 36.4637523988
282 176 36.4637523988
283 176 36.4637523988
284 176 36.4637523988
285 176 36.4637523988
286 176 36.4637523988
287 176 36.4637523988
288 176 36.4637523988
289 176 36.4637523988
290 176 36.4637523988
291 176 36.4637523988
292 176 36.4637523988
293 177 33.5669853162
294 177 33.5669853162
295 177 33.5669853162
