1 0 16.8581109829
2 0 16.8581109829
3 0 16.8581109829
4 0 16.8581109829
5 0 16.8581109829
6 0 16.8581109829
7 0 16.8581109829
8 0 16.8581109829
9 0 16.8581109829
10 0 16.8581109829
11 0 16.8581109829
12 0 16.8581109829
13 0 16.8581109829
14 0 16.8581109829
15 0 16.8581109829
16 0 16.8581109829
17 0 16.8581109829
18 0 16.8581109829
19 0 16.8581109829
20 0 16.8581109829
21 0 16.8581109829
22 0 16.8581109829
23 0 16.8581109829
24 0 16.8581109829
25 0 16.8581109829
26 0 16.8581109829
27 0 16.8581109829
28 0 16.8581109829
29 0 16.8581109829
30 0 16.8581109829
31 0 16.8581109829
32 0 16.8581109829
33 0 16.8581109829
34 0 16.8581109829
35 0 16.8581109829
36 0 16.8581109829
37 0 16.8581109829
38 0 16.8581109829
39 0 16.8581109829
40 0 16.8581109829
41 1 18.5463227554
42 1 18.5463227554
43 1 18.5463227554
44 1 18.5463227554
45 1 18.5463227554
46 1 18.5463227554
47 1 18.5463227554
48 1 18.5463227554
49 1 18.5463227554
50 1 18.5463227554
51 1 18.5463227554
52 1 18.5463227554
53 1 18.5463227554
54 1 18.5463227554
55 1 18.5463227554
56 1 18.5463227554
57 1 18.5463227554
58 1 18.5463227554
59 1 18.5463227554
60 1 18.5463227554
61 1 18.5463227554
62 1 18.5463227554
63 1 18.5463227554
64 1 18.5463227554
65 1 18.5463227554
66 1 18.5463227554
67 1 18.5463227554
68 1 18.5463227554
69 1 18.5463227554
70 1 18.5463227554
71 1 18.5463227554
72 1 18.5463227554
73 1 18.5463227554
74 1 18.5463227554
75 1 18.5463227554
76 1 18.5463227554
77 1 18.5463227554
78 1 18.5463227554
79 1 18.5463227554
80 1 18.5463227554
81 2 18.8900421842
82 2 18.8900421842
83 2 18.8900421842
84 2 18.8900421842
85 2 18.8900421842
86 2 18.8900421842
87 2 18.8900421842
88 2 18.8900421842
89 2 18.8900421842
90 2 18.8900421842
91 2 18.8900421842
92 2 18.8900421842
93 2 18.8900421842
94 2 18.8900421842
95 2 18.8900421842
96 2 18.8900421842
97 2 18.8900421842
98 2 18.8900421842
99 2 18.8900421842
100 2 18.8900421842
101 2 18.8900421842
102 2 18.8900421842
103 2 18.8900421842
104 2 18.8900421842
105 2 18.8900421842
106 2 18.8900421842
107 2 18.8900421842
108 2 18.8900421842
109 2 18.8900421842
110 2 18.8900421842
111 2 18.8900421842
112 2 18.8900421842
113 2 18.8900421842
114 2 18.8900421842
115 2 18.8900421842
116 2 18.8900421842
117 2 18.8900421842
118 2 18.8900421842
119 2 18.8900421842
120 2 18.8900421842
121 3 26.6646557515
122 3 26.6646557515
123 3 26.6646557515
124 3 26.6646557515
125 3 26.6646557515
126 3 26.6646557515
127 3 26.6646557515
128 3 26.6646557515
129 3 26.6646557515
130 3 26.6646557515
131 3 26.6646557515
132 3 26.6646557515
133 3 26.6646557515
134 3 26.6646557515
135 3 26.6646557515
136 3 26.6646557515
137 3 26.6646557515
138 3 26.6646557515
139 3 26.6646557515
140 3 26.6646557515
141 3 26.6646557515
142 3 26.6646557515
143 3 26.6646557515
144 3 26.6646557515
145 3 26.6646557515
146 3 26.6646557515
147 3 26.6646557515
148 3 26.6646557515
149 3 26.6646557515
150 3 26.6646557515
151 3 26.6646557515
152 3 26.6646557515
153 3 26.6646557515
154 3 26.6646557515
155 3 26.6646557515
156 3 26.6646557515
157 3 26.6646557515
158 3 26.6646557515
159 3 26.6646557515
160 3 26.6646557515
161 4 30.5832278441
162 4 30.5832278441
163 4 30.5832278441
164 4 30.5832278441
165 4 30.5832278441
166 4 30.5832278441
167 4 30.5832278441
168 4 30.5832278441
169 4 30.5832278441
170 4 30.5832278441
171 4 30.5832278441
172 4 30.5832278441
173 4 30.5832278441
174 4 30.5832278441
175 4 30.5832278441
176 4 30.5832278441
177 4 30.5832278441
178 4 30.5832278441
179 4 30.5832278441
180 4 30.5832278441
181 4 30.5832278441
182 4 30.5832278441
183 4 30.5832278441
184 4 30.5832278441
185 4 30.5832278441
186 4 30.5832278441
187 4 30.5832278441
188 4 30.5832278441
189 4 30.5832278441
190 4 30.5832278441
191 4 30.5832278441
192 4 30.5832278441
193 4 30.5832278441
194 4 30.5832278441
195 4 30.5832278441
196 4 30.5832278441
197 4 30.5832278441
198 4 30.5832278441
199 4 30.5832278441
200 4 30.5832278441
201 5 36.6504627125
202 5 36.6504627125
203 5 36.6504627125
204 5 36.6504627125
205 5 36.6504627125
206 5 36.6504627125
207 5 36.6504627125
208 5 36.6504627125
209 5 36.6504627125
210 5 36.6504627125
211 5 36.6504627125
212 5 36.6504627125
213 5 36.6504627125
214 5 36.6504627125
215 5 36.6504627125
216 5 36.6504627125
217 5 36.6504627125
218 5 36.6504627125
219 5 36.6504627125
220 5 36.6504627125
221 5 36.6504627125
222 5 36.6504627125
223 5 36.6504627125
224 5 36.6504627125
225 5 36.6504627125
226 5 36.6504627125
227 5 36.6504627125
228 5 36.6504627125
229 5 36.6504627125
230 5 36.6504627125
231 5 36.6504627125
232 5 36.6504627125
233 5 36.6504627125
234 5 36.6504627125
235 5 36.6504627125
236 5 36.6504627125
237 5 36.6504627125
238 5 36.6504627125
239 5 36.6504627125
240 5 36.6504627125
241 6 41.7859894035
242 6 41.7859894035
243 6 41.7859894035
244 6 41.7859894035
245 6 41.7859894035
246 6 41.7859894035
247 6 41.7859894035
248 6 41.7859894035
249 6 41.7859894035
250 6 41.7859894035
251 6 41.7859894035
252 6 41.7859894035
253 6 41.7859894035
254 6 41.7859894035
255 6 41.7859894035
256 6 41.7859894035
257 6 41.7859894035
258 6 41.7859894035
259 6 41.7859894035
260 6 41.7859894035
261 6 41.7859894035
262 6 41.7859894035
263 6 41.7859894035
264 6 41.7859894035
265 6 41.7859894035
266 6 41.7859894035
267 6 41.7859894035
268 6 41.7859894035
269 6 41.7859894035
270 6 41.7859894035
271 6 41.7859894035
272 6 41.7859894035
273 6 41.7859894035
274 6 41.7859894035
275 6 41.7859894035
276 6 41.7859894035
277 6 41.7859894035
278 6 41.7859894035
279 6 41.7859894035
280 6 41.7859894035
281 7 38.6715546495
282 7 38.6715546495
283 7 38.6715546495
284 7 38.6715546495
285 7 38.6715546495
286 7 38.6715546495
287 7 38.6715546495
288 7 38.6715546495
289 7 38.6715546495
290 7 38.6715546495
291 7 38.6715546495
292 7 38.6715546495
293 7 38.6715546495
294 7 38.6715546495
295 7 38.6715546495
296 7 38.6715546495
297 7 38.6715546495
298 7 38.6715546495
299 7 38.6715546495
300 7 38.6715546495
301 7 38.6715546495
302 7 38.6715546495
303 7 38.6715546495
304 7 38.6715546495
305 7 38.6715546495
306 7 38.6715546495
307 7 38.6715546495
308 7 38.6715546495
309 7 38.6715546495
310 7 38.6715546495
311 7 38.6715546495
312 7 38.6715546495
313 7 38.6715546495
314 7 38.6715546495
315 7 38.6715546495
316 7 38.6715546495
317 7 38.6715546495
318 7 38.6715546495
319 7 38.6715546495
320 7 38.6715546495
321 8 36.3166668979
322 8 36.3166668979
323 8 36.3166668979
324 8 36.3166668979
325 8 36.3166668979
326 8 36.3166668979
327 8 36.3166668979
328 8 36.3166668979
329 8 36.3166668979
330 8 36.3166668979
331 8 36.3166668979
332 8 36.3166668979
333 8 36.3166668979
334 8 36.3166668979
335 8 36.3166668979
336 8 36.3166668979
337 8 36.3166668979
338 8 36.3166668979
339 8 36.3166668979
340 8 36.3166668979
341 8 36.3166668979
342 8 36.3166668979
343 8 36.3166668979
344 8 36.3166668979
345 8 36.3166668979
346 8 36.3166668979
347 8 36.3166668979
348 8 36.3166668979
349 8 36.3166668979
350 8 36.3166668979
351 8 36.3166668979
352 8 36.3166668979
353 8 36.3166668979
354 8 36.3166668979
355 8 36.3166668979
356 8 36.3166668979
357 8 36.3166668979
358 8 36.3166668979
359 8 36.3166668979
360 8 36.3166668979
361 9 32.6550257687
362 9 32.6550257687
363 9 32.6550257687
364 9 32.6550257687
365 9 32.6550257687
366 9 32.6550257687
367 9 32.6550257687
368 9 32.6550257687
369 9 32.6550257687
370 9 32.6550257687
371 9 32.6550257687
372 9 32.6550257687
373 9 32.6550257687
374 9 32.6550257687
375 9 32.6550257687
376 9 32.6550257687
377 9 32.6550257687
378 9 32.6550257687
379 9 32.6550257687
380 9 32.6550257687
381 9 32.6550257687
382 9 32.6550257687
383 9 32.6550257687
384 9 32.6550257687
385 9 32.6550257687
386 9 32.6550257687
387 9 32.6550257687
388 9 32.6550257687
389 9 32.6550257687
390 9 32.6550257687
391 9 32.6550257687
392 9 32.6550257687
393 9 32.6550257687
394 9 32.6550257687
395 9 32.6550257687
396 9 32.6550257687
397 9 32.6550257687
398 9 32.6550257687
399 9 32.6550257687
400 9 32.6550257687
401 10 79.377867175
