1 0 30.671235734
2 0 30.671235734
3 0 30.671235734
4 0 30.671235734
5 0 30.671235734
6 0 30.671235734
7 0 30.671235734
8 0 30.671235734
9 0 30.671235734
10 0 30.671235734
11 0 30.671235734
12 0 30.671235734
13 0 30.671235734
14 0 30.671235734
15 0 30.671235734
16 0 30.671235734
17 0 30.671235734
18 0 30.671235734
19 0 30.671235734
20 0 30.671235734
21 1 29.2537244182
22 1 29.2537244182
23 1 29.2537244182
24 1 29.2537244182
25 1 29.2537244182
26 1 29.2537244182
27 1 29.2537244182
28 1 29.2537244182
29 1 29.2537244182
30 1 29.2537244182
31 1 29.2537244182
32 1 29.2537244182
33 1 29.2537244182
34 1 29.2537244182
35 1 29.2537244182
36 1 29.2537244182
37 1 29.2537244182
38 1 29.2537244182
39 1 29.2537244182
40 1 29.2537244182
41 2 19.981632508
42 2 19.981632508
43 2 19.981632508
44 2 19.981632508
45 2 19.981632508
46 2 19.981632508
47 2 19.981632508
48 2 19.981632508
49 2 19.981632508
50 2 19.981632508
51 2 19.981632508
52 2 19.981632508
53 2 19.981632508
54 2 19.981632508
55 2 19.981632508
56 2 19.981632508
57 2 19.981632508
58 2 19.981632508
59 2 19.981632508
60 2 19.981632508
61 3 17.6116625904
62 3 17.6116625904
63 3 17.6116625904
64 3 17.6116625904
65 3 17.6116625904
66 3 17.6116625904
67 3 17.6116625904
68 3 17.6116625904
69 3 17.6116625904
70 3 17.6116625904
71 3 17.6116625904
72 3 17.6116625904
73 3 17.6116625904
74 3 17.6116625904
75 3 17.6116625904
76 3 17.6116625904
77 3 17.6116625904
78 3 17.6116625904
79 3 17.6116625904
80 3 17.6116625904
81 4 17.0293661139
82 4 17.0293661139
83 4 17.0293661139
84 4 17.0293661139
85 4 17.0293661139
86 4 17.0293661139
87 4 17.0293661139
88 4 17.0293661139
89 4 17.0293661139
90 4 17.0293661139
91 4 17.0293661139
92 4 17.0293661139
93 4 17.0293661139
94 4 17.0293661139
95 4 17.0293661139
96 4 17.0293661139
97 4 17.0293661139
98 4 17.0293661139
99 4 17.0293661139
100 4 17.0293661139
101 5 14.0035717184
102 5 14.0035717184
103 5 14.0035717184
104 5 14.0035717184
105 5 14.0035717184
106 5 14.0035717184
107 5 14.0035717184
108 5 14.0035717184
109 5 14.0035717184
110 5 14.0035717184
111 5 14.0035717184
112 5 14.0035717184
113 5 14.0035717184
114 5 14.0035717184
115 5 14.0035717184
116 5 14.0035717184
117 5 14.0035717184
118 5 14.0035717184
119 5 14.0035717184
120 5 14.0035717184
121 6 12.1664383217
122 6 12.1664383217
123 6 12.1664383217
124 6 12.1664383217
125 6 12.1664383217
126 6 12.1664383217
127 6 12.1664383217
128 6 12.1664383217
129 6 12.1664383217
130 6 12.1664383217
131 6 12.1664383217
132 6 12.1664383217
133 6 12.1664383217
134 6 12.1664383217
135 6 12.1664383217
136 6 12.1664383217
137 6 12.1664383217
138 6 12.1664383217
139 6 12.1664383217
140 6 12.1664383217
141 7 14.4012252768
142 7 14.4012252768
143 7 14.4012252768
144 7 14.4012252768
145 7 14.4012252768
146 7 14.4012252768
147 7 14.4012252768
148 7 14.4012252768
149 7 14.4012252768
150 7 14.4012252768
151 7 14.4012252768
152 7 14.4012252768
153 7 14.4012252768
154 7 14.4012252768
155 7 14.4012252768
156 7 14.4012252768
157 7 14.4012252768
