1 0 5.8856976887
2 1 5.83798579874
3 2 6.19439058998
4 3 6.06718538175
5 4 5.75415697711
6 5 6.25053901842
7 6 6.50290138098
8 7 6.05854425604
9 8 6.1718274118
10 9 7.09932187946
11 10 6.79434543751
12 11 6.33494007086
13 12 7.09737733592
14 13 7.96606531919
15 14 7.29756464324
16 15 7.08397415645
17 16 8.42032016085
18 17 8.76467534888
19 18 7.96121157387
20 19 8.55407826702
21 20 10.045508816
22 21 9.71229558581
23 22 8.99874881493
24 23 10.1251827097
25 24 11.3835994635
26 25 10.8261655542
27 26 10.2640300063
28 27 11.6392474892
29 28 12.8086083006
30 29 12.1607048805
31 30 11.7153057627
32 31 11.0637339436
33 32 12.4089310518
34 33 13.0406710845
35 34 12.6851569242
36 35 13.5095715102
37 36 14.9977463597
38 37 16.2464714372
39 38 15.7690879345
40 39 16.6853750431
41 40 16.9873346875
42 41 17.429332713
43 42 16.1774490255
44 43 16.202805803
45 44 15.05958238
46 45 14.9568256118
47 46 14.9655240206
48 47 14.7213270293
49 48 16.1940732301
50 49 16.5892972406
51 50 17.5468914365
52 51 16.6172959346
53 52 17.5773133109
54 53 16.8708104294
55 54 14.7057932611
56 55 14.7163374614
57 56 15.4278961817
58 57 13.930450068
59 58 12.3119484663
60 59 12.7985018074
61 60 12.9275514836
62 61 11.1117490955
63 62 10.2597750463
64 63 11.090739696
65 64 10.0982116414
66 65 8.59760025619
67 66 9.01201406408
68 67 9.14615370801
69 68 7.80757527696
70 69 7.34433417709
71 70 7.81566154326
72 71 7.37236118939
73 72 6.58523595613
74 73 6.74906683355
75 74 6.80025002862
76 75 6.42611513037
77 76 6.43614681273
78 77 6.2684798221
79 78 6.15746134951
80 79 6.09799618566
81 80 6.1265870294
82 81 6.59613819472
83 82 6.42481434838
84 83 6.59876379999
85 84 6.94187140368
86 85 7.49486456565
87 86 7.97346096058
88 87 9.25248629062
89 88 8.54857244056
90 89 7.84721988659
91 90 8.93528929977
92 91 9.41982166275
93 92 8.48825623034
94 93 8.62348699778
95 94 9.73575591335
96 95 9.54446979343
97 96 8.88785695056
98 97 9.37619969273
99 98 10.1957443369
100 99 9.66750171172
101 100 9.20912044614
102 101 10.1122040026
103 102 10.3625562046
104 103 9.56486090574
105 104 9.39182880101
106 105 10.4684991508
107 106 10.1771332602
108 107 8.99263360023
109 108 9.7225826233
110 109 10.3909856714
111 110 9.09817177935
112 111 8.73912754575
113 112 9.94669557559
114 113 9.72368924563
115 114 8.45701549037
116 115 9.00188044168
117 116 9.93629674317
118 117 9.04806325556
119 118 8.7301399551
120 119 9.68277877166
121 120 9.68124454792
122 121 9.09304467734
123 122 9.76668235269
124 123 10.2877829588
125 124 9.94057985538
126 125 10.3623142035
127 126 11.2484297982
128 127 11.1298664614
129 128 10.776897906
130 128 10.776897906
131 128 10.776897906
132 128 10.776897906
133 128 10.776897906
134 128 10.776897906
135 128 10.776897906
136 128 10.776897906
137 128 10.776897906
138 128 10.776897906
139 128 10.776897906
140 128 10.776897906
