1 0 18.9490105847
2 0 18.9490105847
3 0 18.9490105847
4 0 18.9490105847
5 0 18.9490105847
6 0 18.9490105847
7 0 18.9490105847
8 0 18.9490105847
9 0 18.9490105847
10 0 18.9490105847
11 0 18.9490105847
12 0 18.9490105847
13 0 18.9490105847
14 0 18.9490105847
15 0 18.9490105847
16 0 18.9490105847
17 0 18.9490105847
18 0 18.9490105847
19 0 18.9490105847
20 0 18.9490105847
21 1 7.93163805957
22 1 7.93163805957
23 1 7.93163805957
24 1 7.93163805957
25 1 7.93163805957
26 1 7.93163805957
27 1 7.93163805957
28 1 7.93163805957
29 1 7.93163805957
30 1 7.93163805957
31 1 7.93163805957
32 1 7.93163805957
33 1 7.93163805957
34 1 7.93163805957
35 1 7.93163805957
36 1 7.93163805957
37 1 7.93163805957
38 1 7.93163805957
39 1 7.93163805957
40 1 7.93163805957
41 2 8.11445768356
42 2 8.11445768356
43 2 8.11445768356
44 2 8.11445768356
45 2 8.11445768356
46 2 8.11445768356
47 2 8.11445768356
48 2 8.11445768356
49 2 8.11445768356
50 2 8.11445768356
51 2 8.11445768356
52 2 8.11445768356
53 2 8.11445768356
54 2 8.11445768356
55 2 8.11445768356
56 2 8.11445768356
57 2 8.11445768356
58 2 8.11445768356
59 2 8.11445768356
60 2 8.11445768356
61 3 13.1628473053
62 3 13.1628473053
63 3 13.1628473053
64 3 13.1628473053
65 4 7.03577526143
66 5 7.21348406659
67 6 7.23501652186
68 7 7.19348034048
69 8 7.03929950135
70 9 7.07031586238
71 10 6.98836327805
72 11 6.75063485684
73 12 6.63016405766
74 13 6.56456333966
75 14 6.45739997162
76 15 6.2842613326
77 16 6.25613871201
78 17 6.20469662458
79 18 6.21840681068
80 19 6.35207689058
81 20 6.72293116876
82 21 7.54398397582
83 25 8.64577128037
84 26 9.88794788178
85 27 10.0244702271
86 28 8.60990830444
87 29 8.46886995543
88 30 9.15284707983
89 31 8.42943202951
90 32 7.39469842921
91 33 7.87405640257
92 34 8.33133465641
93 35 7.30756392742
94 36 7.07503007677
95 37 7.99789824792
96 38 7.72262947111
97 39 6.95219688635
98 40 7.40239888213
99 41 7.89843068072
100 42 7.31348306775
101 43 7.1482525073
102 44 7.80934423584
103 45 7.71939783665
104 46 7.36056765154
105 47 7.72682510081
106 48 8.0352243813
107 49 7.45694202568
108 50 7.51511199135
109 51 7.39558277154
110 52 8.30981290807
111 53 8.71486794795
112 54 9.96371665925
113 55 10.5133124262
114 56 10.0049679642
115 57 8.7862186895
116 58 9.28346298683
117 59 10.0224770811
118 60 11.0848420652
119 61 11.2600829163
120 62 12.3983355059
121 63 11.2612174117
122 64 10.0841338982
123 65 11.15819911
124 66 11.4352327857
125 67 9.92874663121
126 68 9.88509713178
127 69 11.1536039669
128 70 10.5971777189
129 71 9.39555688145
130 72 10.2283358368
131 73 10.9977649834
132 74 9.90449666313
133 75 9.59903634321
134 76 10.8243745361
135 77 10.6597447061
136 78 9.60526872358
137 79 10.0767256935
138 80 11.0590702931
139 81 10.4095810562
140 82 9.96641210512
141 83 10.9446453816
142 84 11.2602444243
143 85 10.5260745984
144 86 10.6655190599
145 87 11.7006884976
146 88 11.5888413358
147 89 10.9680228055
148 90 11.6260585772
149 91 12.3936472121
