#|num|weight|mean|covariance matrix|
|0|1548.46376325|13.5291355183 -10.3901944069 -49.6542319222|22.6011175219 -3.55307417801 -3.29935331715 -3.55307417801 32.9710991293 -32.2332374942 -3.29935331715 -32.2332374942 44.7293930764|
|1|446.57068147|-6.90592018063 -55.2776068405 -32.6636192975|22.5687028347 -2.20731284847 -14.8746535813 -2.20731284847 4.95910923825 0.109902143565 -14.8746535813 0.109902143565 15.3375827735|
|2|913.139434789|1.73847572559 4.27842775173 -35.805627521|8.89738900276 5.25319758135 0.850532311618 5.25319758135 111.338510174 24.5524622959 0.850532311618 24.5524622959 9.64203104267|
|3|1747.14023077|20.6763487164 -85.0437711904 -14.5655811285|20.2882706153 -4.21317554444 -9.7377234775 -4.21317554444 24.985972456 3.08059907146 -9.7377234775 3.08059907146 19.8463445787|
|4|994.777180613|-0.195034122338 -49.9726130097 -40.908793588|13.0529809137 8.07617325984 13.2165270173 8.07617325984 16.5050130197 11.5569969405 13.2165270173 11.5569969405 32.7724427488|
|5|1866.08367355|-15.230831508 -11.2899044261 -37.5454582951|6.70421651151 13.6850875998 4.53139077498 13.6850875998 183.599653787 37.3456622393 4.53139077498 37.3456622393 16.0462699805|
|6|1230.7071802|-1.50079549839 -91.2936418655 -43.0782684745|12.8482604522 -24.0714054881 4.58902217071 -24.0714054881 75.4359404908 -13.8821446874 4.58902217071 -13.8821446874 6.99570888253|
|7|345.872575452|-27.2150620977 -15.4767303164 -39.9515398619|16.6318252758 -8.74437111675 9.52911498805 -8.74437111675 9.21755376659 -7.14227990573 9.52911498805 -7.14227990573 10.9073496066|
|8|943.072515077|12.9335501714 36.4825457533 -49.4298175787|34.8099500781 4.53972393377 9.1227860481 4.53972393377 11.396308512 -3.89392711539 9.1227860481 -3.89392711539 9.52181282162|
|9|1036.47835823|0.194610936437 -36.7856210339 -45.4425889582|5.283002736 -0.55085732027 1.03962088058 -0.55085732027 27.9022469278 -37.4658533116 1.03962088058 -37.4658533116 65.3529742383|
|10|821.648314236|-7.86307880727 -42.1565919891 -55.9598387174|6.34169248306 8.56092074081 -2.33769554264 8.56092074081 42.4134197565 -11.2612329712 -2.33769554264 -11.2612329712 7.38097527429|
|11|1175.17590272|-23.1296757469 6.88441310087 -35.2127089836|13.1677915031 -13.2193492075 -8.20133624657 -13.2193492075 40.5870569504 16.9470858697 -8.20133624657 16.9470858697 16.8537045335|
|12|1630.27318521|-11.1194579384 -4.35383175326 -45.796911849|97.117715816 -34.7192908768 7.26960912296 -34.7192908768 22.2048449227 -2.88782685405 7.26960912296 -2.88782685405 4.64584778709|
|13|992.343888636|13.1166614047 -103.235577454 -33.1664687835|22.2064466864 -0.714799792933 24.0407833441 -0.714799792933 6.05079714707 1.71820254458 24.0407833441 1.71820254458 39.3701590083|
|14|1123.29933568|3.80789925046 4.40800640608 -47.0018599582|11.0730949799 -1.24820409822 -8.05211220333 -1.24820409822 40.5963884629 18.5754146831 -8.05211220333 18.5754146831 24.3710806867|
|15|716.963539566|-12.0395901104 -9.23291906153 -26.177403412|3.78864528137 0.633995718849 1.49580051392 0.633995718849 17.3955341133 5.70764362704 1.49580051392 5.70764362704 16.5968255846|
|16|1846.04721805|1.10629002052 -72.7439557179 -23.9478399994|96.6229225268 -83.7871442092 20.0482544249 -83.7871442092 80.941722373 -18.1869407825 20.0482544249 -18.1869407825 9.18630687119|
|17|1209.63818732|-9.07419554672 -65.3757814595 -49.1890090569|6.22146909855 -14.9052320407 2.32164129035 -14.9052320407 98.3946495815 -15.9493395308 2.32164129035 -15.9493395308 7.68363201452|
|18|1140.6714932|-5.21235879599 -29.2572667033 -39.1152732962|26.9119248472 23.6855488801 4.94398540085 23.6855488801 35.9557508218 14.1069849321 4.94398540085 14.1069849321 18.5421092418|
|19|1222.69378314|2.92928230059 -6.59132361426 -31.9273537246|58.0383577302 -35.4267075378 -21.6786635319 -35.4267075378 37.8759133315 17.5566210112 -21.6786635319 17.5566210112 14.8211629309|
|20|1501.78257012|6.41557448755 13.9686412599 -51.2561316862|40.2738483099 -83.7487740147 -16.1007871352 -83.7487740147 221.400607065 45.6099836531 -16.1007871352 45.6099836531 14.880372085|
|21|673.280094678|-14.9486299892 -38.0028490222 -47.6397468369|11.101337898 4.70291479406 5.32514016388 4.70291479406 24.0227087812 5.38725217569 5.32514016388 5.38725217569 8.53289250192|
|22|1302.39522197|9.47355014125 24.1562974914 -40.877763886|22.8520455625 23.5097541193 -0.360339531233 23.5097541193 37.9830398439 -10.3801414032 -0.360339531233 -10.3801414032 16.9665315532|
|23|1501.76327668|-8.07968027805 -19.1218417679 -43.2163144228|12.4183987803 22.0157807348 23.8865924342 22.0157807348 61.005474382 60.5512440628 23.8865924342 60.5512440628 67.982040297|
|24|1661.89778968|-4.97018978383 16.8438494079 -39.7673197684|4.91083812182 3.51364634956 -0.514411925072 3.51364634956 132.521570538 -9.67421447997 -0.514411925072 -9.67421447997 5.32662953429|
|25|432.811108507|2.87417245422 -20.4662767974 -44.9844072994|17.0651540774 20.3510336222 1.69837997614 20.3510336222 41.5400767521 3.69704911699 1.69837997614 3.69704911699 2.90617820532|
|26|1187.89287972|-20.4522755191 -24.4664846075 -50.9223426013|31.4703679114 -44.151549681 -12.4689702436 -44.151549681 116.741121735 26.4868583518 -12.4689702436 26.4868583518 10.8248153215|
|27|1109.76121747|3.71967238101 33.1975075476 -35.7767246956|7.43993878883 7.49624945852 -5.26640728521 7.49624945852 39.7294660215 -23.56523015 -5.26640728521 -23.56523015 21.2772819244|
