1 0 14.108913666
2 0 14.108913666
3 0 14.108913666
4 0 14.108913666
5 0 14.108913666
6 0 14.108913666
7 0 14.108913666
8 0 14.108913666
9 0 14.108913666
10 0 14.108913666
11 0 14.108913666
12 0 14.108913666
13 0 14.108913666
14 0 14.108913666
15 0 14.108913666
16 0 14.108913666
17 0 14.108913666
18 0 14.108913666
19 0 14.108913666
20 0 14.108913666
21 0 14.108913666
22 0 14.108913666
23 0 14.108913666
24 0 14.108913666
25 0 14.108913666
26 0 14.108913666
27 0 14.108913666
28 0 14.108913666
29 0 14.108913666
30 0 14.108913666
31 0 14.108913666
32 0 14.108913666
33 0 14.108913666
34 0 14.108913666
35 0 14.108913666
36 0 14.108913666
37 0 14.108913666
38 0 14.108913666
39 0 14.108913666
40 0 14.108913666
41 1 12.9881174558
42 1 12.9881174558
43 1 12.9881174558
44 1 12.9881174558
45 1 12.9881174558
46 1 12.9881174558
47 1 12.9881174558
48 1 12.9881174558
49 1 12.9881174558
50 1 12.9881174558
51 1 12.9881174558
52 1 12.9881174558
53 1 12.9881174558
54 1 12.9881174558
55 1 12.9881174558
56 1 12.9881174558
57 1 12.9881174558
58 1 12.9881174558
59 1 12.9881174558
60 1 12.9881174558
61 1 12.9881174558
62 1 12.9881174558
63 1 12.9881174558
64 1 12.9881174558
65 1 12.9881174558
66 1 12.9881174558
67 1 12.9881174558
68 1 12.9881174558
69 1 12.9881174558
70 1 12.9881174558
71 1 12.9881174558
72 1 12.9881174558
73 1 12.9881174558
74 1 12.9881174558
75 1 12.9881174558
76 1 12.9881174558
77 1 12.9881174558
78 1 12.9881174558
79 1 12.9881174558
80 1 12.9881174558
81 2 16.8579249323
82 2 16.8579249323
83 2 16.8579249323
84 2 16.8579249323
85 2 16.8579249323
86 2 16.8579249323
87 2 16.8579249323
88 2 16.8579249323
89 2 16.8579249323
90 2 16.8579249323
91 2 16.8579249323
92 2 16.8579249323
93 2 16.8579249323
94 2 16.8579249323
95 2 16.8579249323
96 2 16.8579249323
97 2 16.8579249323
98 2 16.8579249323
99 2 16.8579249323
100 2 16.8579249323
101 2 16.8579249323
102 2 16.8579249323
103 2 16.8579249323
104 2 16.8579249323
105 2 16.8579249323
106 2 16.8579249323
107 2 16.8579249323
108 2 16.8579249323
109 2 16.8579249323
110 2 16.8579249323
111 2 16.8579249323
112 2 16.8579249323
113 2 16.8579249323
114 2 16.8579249323
115 2 16.8579249323
116 2 16.8579249323
117 2 16.8579249323
118 2 16.8579249323
119 2 16.8579249323
120 2 16.8579249323
121 3 23.8677117273
122 3 23.8677117273
123 3 23.8677117273
124 3 23.8677117273
125 3 23.8677117273
126 3 23.8677117273
127 3 23.8677117273
128 3 23.8677117273
129 3 23.8677117273
130 3 23.8677117273
131 3 23.8677117273
132 3 23.8677117273
133 3 23.8677117273
134 3 23.8677117273
135 3 23.8677117273
136 3 23.8677117273
137 3 23.8677117273
138 3 23.8677117273
139 3 23.8677117273
140 3 23.8677117273
141 3 23.8677117273
142 3 23.8677117273
143 3 23.8677117273
144 3 23.8677117273
145 3 23.8677117273
146 3 23.8677117273
147 3 23.8677117273
148 3 23.8677117273
149 3 23.8677117273
150 3 23.8677117273
151 3 23.8677117273
152 3 23.8677117273
153 3 23.8677117273
154 3 23.8677117273
155 3 23.8677117273
156 3 23.8677117273
157 3 23.8677117273
158 3 23.8677117273
159 3 23.8677117273
160 3 23.8677117273
161 4 28.4028938773
162 4 28.4028938773
163 4 28.4028938773
164 4 28.4028938773
165 4 28.4028938773
166 4 28.4028938773
167 4 28.4028938773
168 4 28.4028938773
169 4 28.4028938773
170 4 28.4028938773
171 4 28.4028938773
172 4 28.4028938773
173 4 28.4028938773
174 4 28.4028938773
175 4 28.4028938773
176 4 28.4028938773
177 4 28.4028938773
178 4 28.4028938773
179 4 28.4028938773
180 4 28.4028938773
181 4 28.4028938773
182 4 28.4028938773
183 4 28.4028938773
184 4 28.4028938773
185 4 28.4028938773
186 4 28.4028938773
187 4 28.4028938773
188 4 28.4028938773
189 4 28.4028938773
190 4 28.4028938773
191 4 28.4028938773
192 4 28.4028938773
193 4 28.4028938773
194 4 28.4028938773
195 4 28.4028938773
196 4 28.4028938773
197 4 28.4028938773
198 4 28.4028938773
199 4 28.4028938773
200 4 28.4028938773
201 5 19.9847021374
202 5 19.9847021374
203 5 19.9847021374
204 5 19.9847021374
205 5 19.9847021374
206 5 19.9847021374
207 5 19.9847021374
208 5 19.9847021374
209 5 19.9847021374
210 5 19.9847021374
211 5 19.9847021374
212 5 19.9847021374
213 5 19.9847021374
214 5 19.9847021374
215 5 19.9847021374
216 5 19.9847021374
217 5 19.9847021374
218 5 19.9847021374
219 5 19.9847021374
220 5 19.9847021374
221 5 19.9847021374
222 5 19.9847021374
223 5 19.9847021374
224 5 19.9847021374
225 5 19.9847021374
226 5 19.9847021374
227 5 19.9847021374
228 5 19.9847021374
229 5 19.9847021374
230 5 19.9847021374
231 5 19.9847021374
232 5 19.9847021374
233 5 19.9847021374
234 5 19.9847021374
235 5 19.9847021374
236 5 19.9847021374
237 5 19.9847021374
238 5 19.9847021374
239 5 19.9847021374
240 5 19.9847021374
241 6 25.4211219582
242 6 25.4211219582
243 6 25.4211219582
244 6 25.4211219582
245 6 25.4211219582
246 6 25.4211219582
247 6 25.4211219582
248 6 25.4211219582
249 6 25.4211219582
250 6 25.4211219582
251 6 25.4211219582
252 6 25.4211219582
253 6 25.4211219582
254 6 25.4211219582
255 6 25.4211219582
256 6 25.4211219582
257 6 25.4211219582
258 6 25.4211219582
259 6 25.4211219582
260 6 25.4211219582
261 6 25.4211219582
262 6 25.4211219582
263 6 25.4211219582
264 6 25.4211219582
265 6 25.4211219582
266 6 25.4211219582
267 6 25.4211219582
268 6 25.4211219582
269 6 25.4211219582
270 6 25.4211219582
271 6 25.4211219582
272 6 25.4211219582
273 6 25.4211219582
274 6 25.4211219582
275 6 25.4211219582
276 6 25.4211219582
277 6 25.4211219582
278 6 25.4211219582
279 6 25.4211219582
280 6 25.4211219582
281 7 24.694236952
282 7 24.694236952
283 7 24.694236952
284 7 24.694236952
285 7 24.694236952
286 7 24.694236952
287 7 24.694236952
288 7 24.694236952
289 7 24.694236952
290 7 24.694236952
291 7 24.694236952
292 7 24.694236952
293 7 24.694236952
294 7 24.694236952
295 7 24.694236952
296 7 24.694236952
297 7 24.694236952
298 7 24.694236952
299 7 24.694236952
300 7 24.694236952
301 7 24.694236952
302 7 24.694236952
303 7 24.694236952
304 7 24.694236952
305 7 24.694236952
306 7 24.694236952
307 7 24.694236952
308 7 24.694236952
309 7 24.694236952
310 7 24.694236952
311 7 24.694236952
312 7 24.694236952
313 7 24.694236952
314 7 24.694236952
315 7 24.694236952
316 7 24.694236952
317 7 24.694236952
318 7 24.694236952
319 7 24.694236952
320 7 24.694236952
321 8 30.1552595205
322 8 30.1552595205
323 8 30.1552595205
324 8 30.1552595205
325 8 30.1552595205
326 8 30.1552595205
327 8 30.1552595205
328 8 30.1552595205
329 8 30.1552595205
330 8 30.1552595205
331 8 30.1552595205
332 8 30.1552595205
333 8 30.1552595205
334 8 30.1552595205
335 8 30.1552595205
336 8 30.1552595205
337 8 30.1552595205
338 8 30.1552595205
339 8 30.1552595205
340 8 30.1552595205
341 8 30.1552595205
342 8 30.1552595205
343 8 30.1552595205
344 8 30.1552595205
345 8 30.1552595205
346 8 30.1552595205
347 8 30.1552595205
348 8 30.1552595205
349 8 30.1552595205
350 8 30.1552595205
351 8 30.1552595205
352 8 30.1552595205
353 8 30.1552595205
354 8 30.1552595205
355 8 30.1552595205
356 8 30.1552595205
357 8 30.1552595205
358 8 30.1552595205
359 8 30.1552595205
360 8 30.1552595205
361 9 25.5844219881
362 9 25.5844219881
363 9 25.5844219881
364 9 25.5844219881
365 9 25.5844219881
366 9 25.5844219881
367 9 25.5844219881
368 9 25.5844219881
369 9 25.5844219881
370 9 25.5844219881
371 9 25.5844219881
372 9 25.5844219881
373 9 25.5844219881
374 9 25.5844219881
375 9 25.5844219881
376 9 25.5844219881
377 9 25.5844219881
378 9 25.5844219881
379 9 25.5844219881
380 9 25.5844219881
381 9 25.5844219881
382 9 25.5844219881
383 9 25.5844219881
384 9 25.5844219881
385 9 25.5844219881
386 9 25.5844219881
387 9 25.5844219881
388 9 25.5844219881
389 9 25.5844219881
390 9 25.5844219881
391 9 25.5844219881
392 9 25.5844219881
393 9 25.5844219881
394 9 25.5844219881
395 9 25.5844219881
396 9 25.5844219881
397 9 25.5844219881
398 9 25.5844219881
399 9 25.5844219881
400 9 25.5844219881
401 10 66.7420851566
