1 0 26.1365074533
2 0 26.1365074533
3 0 26.1365074533
4 0 26.1365074533
5 0 26.1365074533
6 0 26.1365074533
7 0 26.1365074533
8 0 26.1365074533
9 0 26.1365074533
10 0 26.1365074533
11 0 26.1365074533
12 1 26.7503751635
13 2 25.5810160779
14 3 25.0591658727
15 4 24.5859427876
16 5 23.0411867109
17 6 22.7749079988
18 7 23.6195875963
19 8 22.2203653151
20 9 21.7952174357
21 10 23.13770932
22 11 22.4177078597
23 12 20.8140419328
24 13 21.7186858369
25 14 20.9353679031
26 15 22.6143754255
27 16 22.0863899927
28 17 20.2097037738
29 18 21.2926904926
30 19 22.5392238302
31 20 20.7980203814
32 21 20.550958477
33 22 22.6906719305
34 23 22.5315918742
35 24 20.8061763186
36 25 22.0296607112
37 26 23.7495968954
38 27 22.4609805594
39 28 21.783529378
40 29 23.8248734282
41 30 24.2557283641
42 31 26.3136563602
43 32 27.3764419087
44 33 28.6421395634
45 34 29.144708855
46 35 27.4815630327
47 36 25.485637699
48 37 24.3290407743
49 38 23.0003841196
50 39 21.4625815209
51 40 20.1384864832
52 41 19.0065266456
53 42 19.3020874228
54 43 19.6600639818
55 44 20.710421876
56 45 21.3484193868
57 46 22.5261071159
58 47 23.0465157081
59 48 24.5438268296
60 49 24.5269218636
61 50 23.5954780904
62 51 22.1384624541
63 52 21.3806243582
64 53 20.8349239959
65 54 19.55069883
66 55 18.749875593
67 56 18.093999
68 57 18.8879098011
69 58 18.4608793555
70 59 18.3007003802
71 60 19.0459373082
72 61 18.9850219961
73 62 19.3195257322
74 63 18.8846559766
75 64 19.5591706719
76 65 19.4263309717
77 66 18.5503984996
78 67 18.7508052454
79 68 19.0594181271
80 69 18.7577206357
81 70 19.4959250575
82 71 19.9094065153
83 72 19.0150552665
84 73 19.2076326664
85 74 11.4194054168
86 74 11.4194054168
87 74 11.4194054168
88 74 11.4194054168
89 74 11.4194054168
90 74 11.4194054168
91 74 11.4194054168
92 74 11.4194054168
93 74 11.4194054168
94 74 11.4194054168
95 74 11.4194054168
96 74 11.4194054168
97 74 11.4194054168
98 74 11.4194054168
99 74 11.4194054168
100 74 11.4194054168
101 74 11.4194054168
102 74 11.4194054168
103 74 11.4194054168
104 74 11.4194054168
105 75 11.7587812568
106 75 11.7587812568
107 75 11.7587812568
108 75 11.7587812568
109 75 11.7587812568
110 75 11.7587812568
111 75 11.7587812568
112 76 9.81002991784
113 77 10.1345482099
114 78 10.7609051444
115 79 9.27874150097
116 80 8.31942073806
117 81 9.27383500402
118 82 8.7456604472
119 83 7.35527853517
120 84 7.42417415751
121 85 7.91822379725
122 86 6.99451676959
123 87 6.43987253494
124 88 7.16535443508
125 89 7.07040031872
126 90 6.43520752194
127 91 6.86279682184
128 92 7.40406580563
129 93 6.95256368936
130 94 7.18476271829
131 95 8.13263605046
132 96 8.19264295093
133 97 7.93692544323
134 98 8.90279337485
135 99 9.74015298308
136 100 10.0511982069
137 101 9.72050852066
138 102 9.82802963166
139 103 8.77884829116
140 104 8.99964151288
141 105 8.7502906537
142 106 8.05941237869
143 107 7.57997555073
144 108 7.69668339322
145 109 7.34995925878
146 110 7.0744573211
147 111 6.91528244317
148 112 7.0429104287
149 113 6.98423552739
150 114 6.74829388394
151 115 6.56414414116
152 116 6.85790739743
153 117 7.09189157435
154 118 6.71446906574
155 119 6.57561022215
156 120 7.22940387798
157 121 7.46401549569
158 122 6.7842007894
159 123 7.08976295074
160 124 8.05993291017
161 125 7.91468237485
162 126 7.13654381464
163 127 8.03709483906
164 128 8.94928025876
165 129 8.12809342821
166 130 8.1492207625
167 131 9.26638930977
168 132 8.65601883757
169 133 7.50382954695
170 134 8.38129898883
171 135 8.93261591819
172 136 7.6977586967
173 137 7.70024893355
174 138 8.69753345076
175 139 8.26213793647
176 140 7.32022562641
177 141 8.23123085751
178 142 8.7644838829
179 143 7.81090669575
180 144 7.58844298935
181 145 8.64017508821
182 146 8.57024362335
183 147 7.65203951303
184 148 8.29035619312
185 149 9.05318481685
186 150 8.49132657725
187 151 8.14893339869
188 152 9.26135953044
189 153 9.31855010077
190 154 8.43262767372
191 155 8.9241667811
192 156 9.81123262349
193 157 9.27350366478
194 158 8.71878996513
195 159 9.81783331907
196 160 10.0918361648
197 161 9.19072285783
198 162 9.25368495635
199 163 10.383366858
200 164 9.99574572107
201 165 9.26798465037
202 166 9.99519649976
203 167 10.6111658512
204 168 9.96280579142
205 169 9.20860336694
206 170 9.27730139613
207 171 19.73938362
208 171 19.73938362
209 171 19.73938362
210 171 19.73938362
211 171 19.73938362
212 171 19.73938362
213 171 19.73938362
214 171 19.73938362
215 171 19.73938362
216 171 19.73938362
217 171 19.73938362
218 171 19.73938362
219 171 19.73938362
220 171 19.73938362
221 171 19.73938362
222 171 19.73938362
