1 0 36.2843238007
2 0 36.2843238007
3 0 36.2843238007
4 0 36.2843238007
5 0 36.2843238007
6 0 36.2843238007
7 0 36.2843238007
8 0 36.2843238007
9 0 36.2843238007
10 0 36.2843238007
11 0 36.2843238007
12 0 36.2843238007
13 0 36.2843238007
14 0 36.2843238007
15 0 36.2843238007
16 0 36.2843238007
17 0 36.2843238007
18 0 36.2843238007
19 0 36.2843238007
20 0 36.2843238007
21 0 36.2843238007
22 0 36.2843238007
23 0 36.2843238007
24 0 36.2843238007
25 0 36.2843238007
26 0 36.2843238007
27 0 36.2843238007
28 0 36.2843238007
29 0 36.2843238007
30 0 36.2843238007
31 0 36.2843238007
32 0 36.2843238007
33 0 36.2843238007
34 0 36.2843238007
35 0 36.2843238007
36 0 36.2843238007
37 0 36.2843238007
38 0 36.2843238007
39 0 36.2843238007
40 0 36.2843238007
41 1 31.0408390996
42 1 31.0408390996
43 1 31.0408390996
44 1 31.0408390996
45 1 31.0408390996
46 1 31.0408390996
47 1 31.0408390996
48 1 31.0408390996
49 1 31.0408390996
50 1 31.0408390996
51 1 31.0408390996
52 1 31.0408390996
53 1 31.0408390996
54 1 31.0408390996
55 1 31.0408390996
56 1 31.0408390996
57 1 31.0408390996
58 1 31.0408390996
59 1 31.0408390996
60 1 31.0408390996
61 1 31.0408390996
62 1 31.0408390996
63 1 31.0408390996
64 1 31.0408390996
65 1 31.0408390996
66 1 31.0408390996
67 1 31.0408390996
68 1 31.0408390996
69 1 31.0408390996
70 1 31.0408390996
71 1 31.0408390996
72 1 31.0408390996
73 1 31.0408390996
74 1 31.0408390996
75 1 31.0408390996
76 1 31.0408390996
77 1 31.0408390996
78 1 31.0408390996
79 1 31.0408390996
80 1 31.0408390996
81 2 29.3219615677
82 2 29.3219615677
83 2 29.3219615677
84 2 29.3219615677
85 2 29.3219615677
86 2 29.3219615677
87 2 29.3219615677
88 2 29.3219615677
89 2 29.3219615677
90 2 29.3219615677
91 2 29.3219615677
92 2 29.3219615677
93 2 29.3219615677
94 2 29.3219615677
95 2 29.3219615677
96 2 29.3219615677
97 2 29.3219615677
98 2 29.3219615677
99 2 29.3219615677
100 2 29.3219615677
101 2 29.3219615677
102 2 29.3219615677
103 2 29.3219615677
104 2 29.3219615677
105 2 29.3219615677
106 2 29.3219615677
107 2 29.3219615677
108 2 29.3219615677
109 2 29.3219615677
110 2 29.3219615677
111 2 29.3219615677
112 2 29.3219615677
113 2 29.3219615677
114 2 29.3219615677
115 2 29.3219615677
116 2 29.3219615677
117 2 29.3219615677
118 2 29.3219615677
119 2 29.3219615677
120 2 29.3219615677
121 3 22.2527943244
122 3 22.2527943244
123 3 22.2527943244
124 3 22.2527943244
125 3 22.2527943244
126 3 22.2527943244
127 3 22.2527943244
128 3 22.2527943244
129 3 22.2527943244
130 3 22.2527943244
131 3 22.2527943244
132 3 22.2527943244
133 3 22.2527943244
134 3 22.2527943244
135 3 22.2527943244
136 3 22.2527943244
137 3 22.2527943244
138 3 22.2527943244
139 3 22.2527943244
140 3 22.2527943244
141 3 22.2527943244
142 3 22.2527943244
143 3 22.2527943244
144 3 22.2527943244
145 3 22.2527943244
146 3 22.2527943244
147 3 22.2527943244
148 3 22.2527943244
149 3 22.2527943244
150 3 22.2527943244
151 3 22.2527943244
152 3 22.2527943244
153 3 22.2527943244
154 3 22.2527943244
155 3 22.2527943244
156 3 22.2527943244
157 3 22.2527943244
158 3 22.2527943244
159 3 22.2527943244
160 3 22.2527943244
161 4 18.5777009256
162 4 18.5777009256
163 4 18.5777009256
164 4 18.5777009256
165 4 18.5777009256
166 4 18.5777009256
167 4 18.5777009256
168 4 18.5777009256
169 4 18.5777009256
170 4 18.5777009256
171 4 18.5777009256
172 4 18.5777009256
173 4 18.5777009256
174 4 18.5777009256
175 4 18.5777009256
176 4 18.5777009256
177 4 18.5777009256
178 4 18.5777009256
179 4 18.5777009256
180 4 18.5777009256
181 4 18.5777009256
182 4 18.5777009256
183 4 18.5777009256
184 4 18.5777009256
185 4 18.5777009256
186 4 18.5777009256
187 4 18.5777009256
188 4 18.5777009256
189 4 18.5777009256
190 4 18.5777009256
191 4 18.5777009256
192 4 18.5777009256
193 4 18.5777009256
194 4 18.5777009256
195 4 18.5777009256
196 4 18.5777009256
197 4 18.5777009256
198 4 18.5777009256
199 4 18.5777009256
200 4 18.5777009256
201 5 10.435734608
202 5 10.435734608
203 5 10.435734608
204 5 10.435734608
205 5 10.435734608
206 5 10.435734608
207 5 10.435734608
208 5 10.435734608
209 5 10.435734608
210 5 10.435734608
211 5 10.435734608
212 5 10.435734608
213 5 10.435734608
214 5 10.435734608
215 5 10.435734608
216 5 10.435734608
217 5 10.435734608
218 5 10.435734608
219 5 10.435734608
220 5 10.435734608
221 5 10.435734608
222 5 10.435734608
223 5 10.435734608
224 5 10.435734608
225 5 10.435734608
226 5 10.435734608
227 5 10.435734608
228 5 10.435734608
229 5 10.435734608
230 5 10.435734608
231 5 10.435734608
232 5 10.435734608
233 5 10.435734608
234 5 10.435734608
235 5 10.435734608
236 5 10.435734608
237 5 10.435734608
238 5 10.435734608
239 5 10.435734608
240 5 10.435734608
241 6 17.7469692958
242 6 17.7469692958
243 6 17.7469692958
244 6 17.7469692958
245 6 17.7469692958
246 6 17.7469692958
247 6 17.7469692958
248 6 17.7469692958
249 6 17.7469692958
250 6 17.7469692958
251 6 17.7469692958
252 6 17.7469692958
253 6 17.7469692958
254 6 17.7469692958
255 6 17.7469692958
256 6 17.7469692958
257 6 17.7469692958
258 6 17.7469692958
259 6 17.7469692958
260 6 17.7469692958
261 6 17.7469692958
262 6 17.7469692958
263 6 17.7469692958
264 6 17.7469692958
265 6 17.7469692958
266 6 17.7469692958
267 6 17.7469692958
268 6 17.7469692958
269 6 17.7469692958
270 6 17.7469692958
271 6 17.7469692958
272 6 17.7469692958
273 6 17.7469692958
274 6 17.7469692958
275 6 17.7469692958
276 6 17.7469692958
277 6 17.7469692958
278 6 17.7469692958
279 6 17.7469692958
280 6 17.7469692958
281 7 22.1002946485
282 7 22.1002946485
283 7 22.1002946485
284 7 22.1002946485
285 7 22.1002946485
286 7 22.1002946485
287 7 22.1002946485
288 7 22.1002946485
289 7 22.1002946485
290 7 22.1002946485
291 7 22.1002946485
292 7 22.1002946485
293 7 22.1002946485
294 7 22.1002946485
295 7 22.1002946485
296 7 22.1002946485
297 7 22.1002946485
298 7 22.1002946485
299 7 22.1002946485
300 7 22.1002946485
301 7 22.1002946485
302 7 22.1002946485
303 7 22.1002946485
304 7 22.1002946485
305 7 22.1002946485
306 7 22.1002946485
307 7 22.1002946485
308 7 22.1002946485
309 7 22.1002946485
310 7 22.1002946485
311 7 22.1002946485
312 7 22.1002946485
313 7 22.1002946485
314 7 22.1002946485
315 7 22.1002946485
316 7 22.1002946485
317 7 22.1002946485
318 7 22.1002946485
319 7 22.1002946485
320 7 22.1002946485
321 8 20.8152431141
322 8 20.8152431141
323 8 20.8152431141
324 8 20.8152431141
325 8 20.8152431141
326 8 20.8152431141
327 8 20.8152431141
328 8 20.8152431141
329 8 20.8152431141
330 8 20.8152431141
331 8 20.8152431141
332 8 20.8152431141
333 8 20.8152431141
334 8 20.8152431141
335 8 20.8152431141
336 8 20.8152431141
337 8 20.8152431141
338 8 20.8152431141
339 8 20.8152431141
340 8 20.8152431141
341 8 20.8152431141
342 8 20.8152431141
343 8 20.8152431141
344 8 20.8152431141
345 8 20.8152431141
346 8 20.8152431141
347 8 20.8152431141
348 8 20.8152431141
349 8 20.8152431141
350 8 20.8152431141
351 8 20.8152431141
352 8 20.8152431141
353 8 20.8152431141
354 8 20.8152431141
355 8 20.8152431141
356 8 20.8152431141
357 8 20.8152431141
358 8 20.8152431141
359 8 20.8152431141
360 8 20.8152431141
361 9 17.6374456179
362 9 17.6374456179
363 9 17.6374456179
364 9 17.6374456179
365 9 17.6374456179
366 9 17.6374456179
367 9 17.6374456179
368 9 17.6374456179
369 9 17.6374456179
370 9 17.6374456179
371 9 17.6374456179
372 9 17.6374456179
373 9 17.6374456179
374 9 17.6374456179
375 9 17.6374456179
376 9 17.6374456179
377 9 17.6374456179
378 9 17.6374456179
379 9 17.6374456179
380 9 17.6374456179
381 9 17.6374456179
382 9 17.6374456179
383 9 17.6374456179
384 9 17.6374456179
385 9 17.6374456179
386 9 17.6374456179
387 9 17.6374456179
388 9 17.6374456179
389 9 17.6374456179
390 9 17.6374456179
391 9 17.6374456179
392 9 17.6374456179
393 9 17.6374456179
394 9 17.6374456179
395 9 17.6374456179
396 9 17.6374456179
397 9 17.6374456179
398 9 17.6374456179
399 9 17.6374456179
400 9 17.6374456179
401 10 24.339502457
402 10 24.339502457
403 10 24.339502457
404 10 24.339502457
405 10 24.339502457
406 10 24.339502457
407 10 24.339502457
408 10 24.339502457
409 10 24.339502457
410 10 24.339502457
411 10 24.339502457
412 10 24.339502457
413 10 24.339502457
414 10 24.339502457
415 10 24.339502457
416 10 24.339502457
417 10 24.339502457
418 10 24.339502457
419 10 24.339502457
420 10 24.339502457
421 10 24.339502457
422 10 24.339502457
423 10 24.339502457
424 10 24.339502457
425 10 24.339502457
426 10 24.339502457
427 10 24.339502457
428 10 24.339502457
429 10 24.339502457
430 10 24.339502457
431 10 24.339502457
432 10 24.339502457
433 10 24.339502457
434 10 24.339502457
435 10 24.339502457
436 10 24.339502457
437 10 24.339502457
438 10 24.339502457
439 10 24.339502457
440 10 24.339502457
441 11 21.5484434356
442 11 21.5484434356
443 11 21.5484434356
444 11 21.5484434356
445 11 21.5484434356
446 11 21.5484434356
447 11 21.5484434356
448 11 21.5484434356
449 11 21.5484434356
450 11 21.5484434356
451 11 21.5484434356
452 11 21.5484434356
453 11 21.5484434356
454 11 21.5484434356
455 11 21.5484434356
456 11 21.5484434356
457 11 21.5484434356
458 11 21.5484434356
459 11 21.5484434356
460 11 21.5484434356
461 11 21.5484434356
462 11 21.5484434356
463 11 21.5484434356
464 11 21.5484434356
465 11 21.5484434356
466 11 21.5484434356
467 11 21.5484434356
468 11 21.5484434356
469 11 21.5484434356
470 11 21.5484434356
471 11 21.5484434356
472 11 21.5484434356
473 11 21.5484434356
474 11 21.5484434356
475 11 21.5484434356
476 11 21.5484434356
477 11 21.5484434356
478 11 21.5484434356
479 11 21.5484434356
480 11 21.5484434356
481 12 17.346294718
482 12 17.346294718
483 12 17.346294718
484 12 17.346294718
485 12 17.346294718
486 12 17.346294718
487 12 17.346294718
488 12 17.346294718
489 12 17.346294718
490 12 17.346294718
491 12 17.346294718
492 12 17.346294718
493 12 17.346294718
494 12 17.346294718
495 12 17.346294718
496 12 17.346294718
497 12 17.346294718
498 12 17.346294718
499 12 17.346294718
500 12 17.346294718
501 12 17.346294718
502 12 17.346294718
503 12 17.346294718
504 12 17.346294718
505 12 17.346294718
506 12 17.346294718
507 12 17.346294718
508 12 17.346294718
509 12 17.346294718
510 12 17.346294718
511 12 17.346294718
512 12 17.346294718
513 12 17.346294718
514 12 17.346294718
515 12 17.346294718
516 12 17.346294718
517 12 17.346294718
518 12 17.346294718
519 12 17.346294718
520 12 17.346294718
521 13 18.747154436
522 13 18.747154436
523 13 18.747154436
524 13 18.747154436
525 13 18.747154436
526 13 18.747154436
527 13 18.747154436
528 13 18.747154436
529 13 18.747154436
530 13 18.747154436
531 13 18.747154436
532 13 18.747154436
533 13 18.747154436
534 13 18.747154436
535 13 18.747154436
536 13 18.747154436
537 13 18.747154436
538 13 18.747154436
539 13 18.747154436
540 13 18.747154436
541 13 18.747154436
542 13 18.747154436
543 13 18.747154436
544 13 18.747154436
545 13 18.747154436
546 13 18.747154436
547 13 18.747154436
548 13 18.747154436
549 13 18.747154436
550 13 18.747154436
551 13 18.747154436
552 13 18.747154436
553 13 18.747154436
554 13 18.747154436
555 13 18.747154436
556 13 18.747154436
557 13 18.747154436
558 13 18.747154436
559 13 18.747154436
560 13 18.747154436
561 14 20.6586909731
562 14 20.6586909731
563 14 20.6586909731
564 14 20.6586909731
565 14 20.6586909731
566 14 20.6586909731
567 14 20.6586909731
568 14 20.6586909731
569 14 20.6586909731
570 14 20.6586909731
571 14 20.6586909731
572 14 20.6586909731
573 14 20.6586909731
574 14 20.6586909731
575 14 20.6586909731
576 14 20.6586909731
577 14 20.6586909731
578 14 20.6586909731
579 14 20.6586909731
580 14 20.6586909731
581 14 20.6586909731
582 14 20.6586909731
583 14 20.6586909731
584 14 20.6586909731
585 14 20.6586909731
586 14 20.6586909731
587 14 20.6586909731
588 14 20.6586909731
589 14 20.6586909731
590 14 20.6586909731
591 14 20.6586909731
592 14 20.6586909731
593 14 20.6586909731
594 14 20.6586909731
595 14 20.6586909731
596 14 20.6586909731
597 14 20.6586909731
598 14 20.6586909731
599 14 20.6586909731
600 14 20.6586909731
601 15 16.9054717303
602 15 16.9054717303
603 15 16.9054717303
604 15 16.9054717303
605 15 16.9054717303
606 15 16.9054717303
607 15 16.9054717303
608 15 16.9054717303
609 15 16.9054717303
610 15 16.9054717303
611 15 16.9054717303
612 15 16.9054717303
613 15 16.9054717303
614 15 16.9054717303
615 15 16.9054717303
616 15 16.9054717303
617 15 16.9054717303
618 15 16.9054717303
619 15 16.9054717303
620 15 16.9054717303
621 15 16.9054717303
622 15 16.9054717303
623 15 16.9054717303
624 15 16.9054717303
625 15 16.9054717303
626 15 16.9054717303
627 15 16.9054717303
628 15 16.9054717303
629 15 16.9054717303
630 15 16.9054717303
631 15 16.9054717303
632 15 16.9054717303
633 15 16.9054717303
634 15 16.9054717303
635 15 16.9054717303
636 15 16.9054717303
637 15 16.9054717303
638 15 16.9054717303
639 15 16.9054717303
640 15 16.9054717303
641 16 17.2735714825
642 16 17.2735714825
643 16 17.2735714825
644 16 17.2735714825
645 16 17.2735714825
646 16 17.2735714825
647 16 17.2735714825
648 16 17.2735714825
649 16 17.2735714825
650 16 17.2735714825
651 16 17.2735714825
652 16 17.2735714825
653 16 17.2735714825
654 16 17.2735714825
655 16 17.2735714825
656 16 17.2735714825
657 16 17.2735714825
658 16 17.2735714825
659 16 17.2735714825
660 16 17.2735714825
661 16 17.2735714825
662 16 17.2735714825
663 16 17.2735714825
664 16 17.2735714825
665 16 17.2735714825
666 16 17.2735714825
667 16 17.2735714825
668 16 17.2735714825
669 16 17.2735714825
670 16 17.2735714825
671 16 17.2735714825
672 16 17.2735714825
673 16 17.2735714825
674 16 17.2735714825
675 16 17.2735714825
676 16 17.2735714825
677 16 17.2735714825
678 16 17.2735714825
679 16 17.2735714825
680 16 17.2735714825
681 17 14.0298205289
682 17 14.0298205289
683 17 14.0298205289
684 17 14.0298205289
685 17 14.0298205289
686 17 14.0298205289
687 17 14.0298205289
688 17 14.0298205289
689 17 14.0298205289
690 17 14.0298205289
691 17 14.0298205289
692 17 14.0298205289
693 17 14.0298205289
694 17 14.0298205289
695 17 14.0298205289
696 17 14.0298205289
697 17 14.0298205289
698 17 14.0298205289
699 17 14.0298205289
700 17 14.0298205289
701 17 14.0298205289
702 17 14.0298205289
703 17 14.0298205289
704 17 14.0298205289
705 17 14.0298205289
706 17 14.0298205289
707 17 14.0298205289
708 17 14.0298205289
709 17 14.0298205289
710 17 14.0298205289
711 17 14.0298205289
712 17 14.0298205289
713 17 14.0298205289
714 17 14.0298205289
715 17 14.0298205289
716 17 14.0298205289
717 17 14.0298205289
718 17 14.0298205289
719 17 14.0298205289
720 17 14.0298205289
721 18 14.3579518329
722 18 14.3579518329
723 18 14.3579518329
724 18 14.3579518329
725 18 14.3579518329
726 18 14.3579518329
727 18 14.3579518329
728 18 14.3579518329
729 18 14.3579518329
730 18 14.3579518329
731 18 14.3579518329
732 18 14.3579518329
733 18 14.3579518329
734 18 14.3579518329
735 18 14.3579518329
736 18 14.3579518329
737 18 14.3579518329
738 18 14.3579518329
739 18 14.3579518329
740 18 14.3579518329
741 18 14.3579518329
742 18 14.3579518329
743 18 14.3579518329
744 18 14.3579518329
745 18 14.3579518329
746 18 14.3579518329
747 18 14.3579518329
748 18 14.3579518329
749 18 14.3579518329
750 18 14.3579518329
751 18 14.3579518329
752 18 14.3579518329
753 18 14.3579518329
754 18 14.3579518329
755 18 14.3579518329
756 18 14.3579518329
757 18 14.3579518329
758 18 14.3579518329
759 18 14.3579518329
760 18 14.3579518329
761 19 10.6316685713
762 19 10.6316685713
763 19 10.6316685713
764 19 10.6316685713
765 19 10.6316685713
766 19 10.6316685713
767 19 10.6316685713
768 19 10.6316685713
769 19 10.6316685713
770 19 10.6316685713
771 19 10.6316685713
772 19 10.6316685713
773 19 10.6316685713
774 19 10.6316685713
775 19 10.6316685713
776 19 10.6316685713
777 19 10.6316685713
778 19 10.6316685713
779 19 10.6316685713
780 19 10.6316685713
781 19 10.6316685713
782 19 10.6316685713
783 19 10.6316685713
784 19 10.6316685713
785 19 10.6316685713
786 19 10.6316685713
787 19 10.6316685713
788 19 10.6316685713
789 19 10.6316685713
790 19 10.6316685713
791 19 10.6316685713
792 19 10.6316685713
793 19 10.6316685713
794 19 10.6316685713
795 19 10.6316685713
796 19 10.6316685713
797 19 10.6316685713
798 19 10.6316685713
799 19 10.6316685713
800 19 10.6316685713
801 20 14.8083033664
802 20 14.8083033664
803 20 14.8083033664
804 20 14.8083033664
805 20 14.8083033664
806 20 14.8083033664
807 20 14.8083033664
808 20 14.8083033664
809 20 14.8083033664
810 20 14.8083033664
811 20 14.8083033664
812 20 14.8083033664
813 20 14.8083033664
814 20 14.8083033664
815 20 14.8083033664
816 20 14.8083033664
817 20 14.8083033664
818 20 14.8083033664
819 20 14.8083033664
820 20 14.8083033664
821 20 14.8083033664
822 20 14.8083033664
823 20 14.8083033664
824 20 14.8083033664
825 20 14.8083033664
826 20 14.8083033664
827 20 14.8083033664
828 20 14.8083033664
829 20 14.8083033664
830 20 14.8083033664
831 20 14.8083033664
832 20 14.8083033664
833 20 14.8083033664
834 20 14.8083033664
835 20 14.8083033664
836 20 14.8083033664
837 20 14.8083033664
838 20 14.8083033664
839 20 14.8083033664
840 20 14.8083033664
841 21 7.88928921736
842 21 7.88928921736
843 21 7.88928921736
844 21 7.88928921736
845 21 7.88928921736
846 21 7.88928921736
847 21 7.88928921736
848 21 7.88928921736
849 21 7.88928921736
850 21 7.88928921736
851 21 7.88928921736
852 21 7.88928921736
853 21 7.88928921736
854 21 7.88928921736
855 21 7.88928921736
856 21 7.88928921736
857 21 7.88928921736
858 21 7.88928921736
859 21 7.88928921736
860 21 7.88928921736
861 21 7.88928921736
862 21 7.88928921736
863 21 7.88928921736
864 21 7.88928921736
865 21 7.88928921736
866 21 7.88928921736
867 21 7.88928921736
868 21 7.88928921736
869 21 7.88928921736
870 21 7.88928921736
871 21 7.88928921736
872 21 7.88928921736
873 21 7.88928921736
874 21 7.88928921736
875 21 7.88928921736
876 21 7.88928921736
877 21 7.88928921736
878 21 7.88928921736
879 21 7.88928921736
880 21 7.88928921736
881 22 9.76542448101
882 22 9.76542448101
883 22 9.76542448101
884 22 9.76542448101
885 22 9.76542448101
886 22 9.76542448101
887 22 9.76542448101
888 22 9.76542448101
889 22 9.76542448101
890 22 9.76542448101
891 22 9.76542448101
892 22 9.76542448101
893 22 9.76542448101
894 22 9.76542448101
895 22 9.76542448101
896 22 9.76542448101
897 22 9.76542448101
898 22 9.76542448101
899 22 9.76542448101
900 22 9.76542448101
901 22 9.76542448101
902 22 9.76542448101
903 22 9.76542448101
904 22 9.76542448101
905 22 9.76542448101
906 22 9.76542448101
907 22 9.76542448101
908 22 9.76542448101
909 22 9.76542448101
910 22 9.76542448101
911 22 9.76542448101
912 22 9.76542448101
913 22 9.76542448101
914 22 9.76542448101
915 22 9.76542448101
916 22 9.76542448101
917 22 9.76542448101
918 22 9.76542448101
919 22 9.76542448101
920 22 9.76542448101
921 23 12.7497274689
922 23 12.7497274689
923 23 12.7497274689
924 23 12.7497274689
925 23 12.7497274689
926 23 12.7497274689
927 23 12.7497274689
928 23 12.7497274689
929 23 12.7497274689
930 23 12.7497274689
931 23 12.7497274689
932 23 12.7497274689
933 23 12.7497274689
934 23 12.7497274689
935 23 12.7497274689
936 23 12.7497274689
937 23 12.7497274689
938 23 12.7497274689
939 23 12.7497274689
940 23 12.7497274689
941 23 12.7497274689
942 23 12.7497274689
943 23 12.7497274689
944 23 12.7497274689
945 23 12.7497274689
946 23 12.7497274689
947 23 12.7497274689
948 23 12.7497274689
949 23 12.7497274689
950 23 12.7497274689
951 23 12.7497274689
952 23 12.7497274689
953 23 12.7497274689
954 23 12.7497274689
955 23 12.7497274689
956 23 12.7497274689
957 23 12.7497274689
958 23 12.7497274689
959 23 12.7497274689
960 23 12.7497274689
961 24 22.8538301842
962 24 22.8538301842
963 24 22.8538301842
964 24 22.8538301842
965 24 22.8538301842
966 24 22.8538301842
967 24 22.8538301842
968 24 22.8538301842
969 24 22.8538301842
970 24 22.8538301842
971 24 22.8538301842
972 24 22.8538301842
973 24 22.8538301842
974 24 22.8538301842
975 24 22.8538301842
976 24 22.8538301842
977 24 22.8538301842
978 24 22.8538301842
979 24 22.8538301842
980 24 22.8538301842
981 24 22.8538301842
982 24 22.8538301842
983 24 22.8538301842
984 24 22.8538301842
985 24 22.8538301842
986 24 22.8538301842
987 24 22.8538301842
988 24 22.8538301842
989 24 22.8538301842
990 24 22.8538301842
991 24 22.8538301842
992 24 22.8538301842
993 24 22.8538301842
994 24 22.8538301842
995 24 22.8538301842
996 24 22.8538301842
997 24 22.8538301842
998 24 22.8538301842
999 24 22.8538301842
1000 24 22.8538301842
1001 25 30.3735418385
1002 25 30.3735418385
1003 25 30.3735418385
1004 25 30.3735418385
1005 25 30.3735418385
1006 25 30.3735418385
1007 25 30.3735418385
1008 25 30.3735418385
1009 25 30.3735418385
1010 25 30.3735418385
1011 25 30.3735418385
1012 25 30.3735418385
1013 25 30.3735418385
1014 25 30.3735418385
1015 25 30.3735418385
1016 25 30.3735418385
1017 25 30.3735418385
1018 25 30.3735418385
1019 25 30.3735418385
1020 25 30.3735418385
1021 25 30.3735418385
1022 25 30.3735418385
1023 25 30.3735418385
1024 25 30.3735418385
1025 25 30.3735418385
1026 25 30.3735418385
1027 25 30.3735418385
1028 25 30.3735418385
1029 25 30.3735418385
1030 25 30.3735418385
1031 25 30.3735418385
1032 25 30.3735418385
1033 25 30.3735418385
1034 25 30.3735418385
1035 25 30.3735418385
1036 25 30.3735418385
1037 25 30.3735418385
1038 25 30.3735418385
1039 25 30.3735418385
1040 25 30.3735418385
1041 26 34.3129387371
1042 26 34.3129387371
1043 26 34.3129387371
1044 26 34.3129387371
1045 26 34.3129387371
1046 26 34.3129387371
1047 26 34.3129387371
1048 26 34.3129387371
1049 26 34.3129387371
1050 26 34.3129387371
1051 26 34.3129387371
1052 26 34.3129387371
1053 26 34.3129387371
1054 26 34.3129387371
1055 26 34.3129387371
1056 26 34.3129387371
1057 26 34.3129387371
1058 26 34.3129387371
1059 26 34.3129387371
1060 26 34.3129387371
1061 26 34.3129387371
1062 26 34.3129387371
1063 26 34.3129387371
1064 26 34.3129387371
1065 26 34.3129387371
1066 26 34.3129387371
1067 26 34.3129387371
1068 26 34.3129387371
1069 26 34.3129387371
1070 26 34.3129387371
1071 26 34.3129387371
1072 26 34.3129387371
1073 26 34.3129387371
1074 26 34.3129387371
1075 26 34.3129387371
1076 26 34.3129387371
1077 26 34.3129387371
1078 26 34.3129387371
1079 26 34.3129387371
1080 26 34.3129387371
1081 27 32.5426716522
1082 27 32.5426716522
1083 27 32.5426716522
1084 27 32.5426716522
1085 27 32.5426716522
1086 27 32.5426716522
1087 27 32.5426716522
1088 27 32.5426716522
1089 27 32.5426716522
1090 27 32.5426716522
1091 27 32.5426716522
1092 27 32.5426716522
1093 27 32.5426716522
1094 27 32.5426716522
