8 0 18.7830150969
9 1 18.2154729053
10 2 19.5492198767
11 3 19.0603331538
12 4 19.8368424346
13 5 21.0984416186
14 6 21.8744075857
15 7 20.7498588653
16 8 20.1689457575
17 9 18.4166734424
18 10 18.550908473
19 11 16.792817924
20 12 16.972341304
21 13 16.5405488847
22 14 15.2723121111
23 15 16.2384175839
24 16 17.8498253828
25 17 17.2659914672
26 18 19.2124875393
27 19 19.8838287464
28 20 18.4053860687
29 21 19.0004916338
30 22 20.9595334204
31 23 20.9136612737
32 24 19.4751561275
33 25 19.2367413766
34 26 17.2679758933
35 27 16.7810504521
36 28 16.5166250402
37 29 17.3702012347
38 30 17.0518253296
39 31 18.8462028646
40 32 19.6601132367
41 33 21.4327367341
42 34 22.8434352305
43 35 24.6202771616
44 36 25.5979049681
45 37 25.2880909362
46 38 26.6891289777
47 39 26.8801963019
48 40 24.8651910065
49 41 24.7166127207
50 42 37.1802724487
51 42 37.1802724487
52 42 37.1802724487
53 42 37.1802724487
54 42 37.1802724487
55 42 37.1802724487
56 42 37.1802724487
57 42 37.1802724487
58 42 37.1802724487
59 42 37.1802724487
60 42 37.1802724487
61 42 37.1802724487
62 42 37.1802724487
63 42 37.1802724487
64 42 37.1802724487
65 42 37.1802724487
66 42 37.1802724487
67 42 37.1802724487
68 42 37.1802724487
69 42 37.1802724487
70 42 37.1802724487
71 42 37.1802724487
72 42 37.1802724487
73 42 37.1802724487
74 42 37.1802724487
75 42 37.1802724487
76 42 37.1802724487
77 42 37.1802724487
78 42 37.1802724487
79 42 37.1802724487
80 42 37.1802724487
81 42 37.1802724487
82 42 37.1802724487
83 42 37.1802724487
84 42 37.1802724487
85 42 37.1802724487
86 42 37.1802724487
87 42 37.1802724487
88 42 37.1802724487
89 42 37.1802724487
90 43 26.3215826545
91 43 26.3215826545
92 43 26.3215826545
93 43 26.3215826545
94 44 23.4922283271
95 45 21.7185319415
96 46 21.672005814
97 47 20.3035028583
98 48 18.9610717112
99 49 17.4579106994
100 50 16.7717034609
101 51 14.9755473394
102 52 13.8481406963
103 53 13.4409622816
104 54 14.3305370412
105 55 14.4563368789
106 56 14.31544329
107 57 14.9891449717
108 58 15.4628792084
109 59 15.7141621292
110 60 16.4024009151
111 61 15.9696867809
112 62 17.08681634
113 63 17.3316667603
114 64 18.8127682302
115 65 19.3137128669
116 66 19.053113656
117 67 20.6345776006
118 68 19.3360794247
119 69 17.8108495689
120 70 16.4462693828
121 71 15.6088662284
122 72 14.1518671137
123 73 13.6175853802
124 74 12.6238682426
125 75 12.3071803549
126 76 12.0811029221
127 77 10.6508931763
128 78 9.84657588285
129 79 10.4816399973
130 80 11.6641655801
131 81 12.9098591765
132 82 14.4288857729
133 83 15.7742123071
134 84 17.5478233778
135 85 18.7690030286
136 86 20.569727672
137 87 21.0286753209
138 88 20.6476823172
139 89 21.6780793706
140 90 21.7130482489
141 91 20.3305288084
142 92 18.4793202556
143 93 17.813136983
144 94 16.1214634169
145 95 15.9870219164
146 96 14.6086544688
147 97 12.7498348854
148 98 11.6365665547
149 99 10.2188638239
150 100 10.4259936605
151 101 18.589476023
152 101 18.589476023
153 101 18.589476023
154 101 18.589476023
155 101 18.589476023
156 101 18.589476023
157 101 18.589476023
158 101 18.589476023
159 101 18.589476023
160 101 18.589476023
161 101 18.589476023
162 101 18.589476023
163 101 18.589476023
164 101 18.589476023
165 102 9.26053203739
166 103 8.43778498104
167 104 8.83909763438
168 105 9.63894251058
169 106 10.7407891463
170 107 12.2377170731
171 108 13.2644824712
172 109 13.4051421067
173 110 14.2526209015
174 111 14.7211216124
175 112 13.5200758851
176 112 13.5200758851
177 112 13.5200758851
178 112 13.5200758851
179 112 13.5200758851
180 112 13.5200758851
181 112 13.5200758851
182 112 13.5200758851
183 112 13.5200758851
184 112 13.5200758851
185 112 13.5200758851
186 112 13.5200758851
187 112 13.5200758851
188 112 13.5200758851
189 112 13.5200758851
190 112 13.5200758851
191 112 13.5200758851
192 112 13.5200758851
193 112 13.5200758851
194 112 13.5200758851
195 112 13.5200758851
196 112 13.5200758851
197 112 13.5200758851
198 112 13.5200758851
199 112 13.5200758851
200 112 13.5200758851
201 112 13.5200758851
202 112 13.5200758851
203 112 13.5200758851
204 112 13.5200758851
205 112 13.5200758851
206 112 13.5200758851
207 112 13.5200758851
208 112 13.5200758851
209 112 13.5200758851
210 112 13.5200758851
211 112 13.5200758851
212 112 13.5200758851
213 112 13.5200758851
214 112 13.5200758851
215 113 18.3324254665
216 113 18.3324254665
217 113 18.3324254665
218 113 18.3324254665
219 113 18.3324254665
220 113 18.3324254665
221 113 18.3324254665
222 113 18.3324254665
223 113 18.3324254665
224 113 18.3324254665
225 113 18.3324254665
226 113 18.3324254665
227 113 18.3324254665
228 113 18.3324254665
229 113 18.3324254665
230 113 18.3324254665
231 114 15.1285798008
232 115 16.7312535227
233 116 17.5738629285
234 117 17.5736474302
235 118 16.2943968528
236 119 16.0641087045
237 120 15.7152593671
238 121 14.517991008
239 122 13.7029713079
240 123 12.7870002135
241 124 11.8790408948
242 125 11.1992500283
243 126 9.89979739775
244 127 9.09024056276
245 128 9.21478613272
246 129 10.4896199755
247 130 10.5067532148
248 131 11.5569668362
249 132 12.0353948674
250 133 12.9940888771
251 134 13.711331049
252 135 15.0036177927
253 136 16.044572671
254 137 17.4832934738
255 138 17.5330504098
256 139 18.479653439
257 140 16.4756683244
258 141 15.8939142577
259 142 17.4724134314
260 143 17.1458043717
261 144 14.8701312643
262 145 15.8090449893
263 146 14.068103782
264 147 14.7401826884
265 148 13.9245547851
266 149 13.2604282491
267 150 13.5610437197
268 151 13.1925159619
269 152 14.0030032937
270 153 14.2913638274
271 154 15.0605614382
272 155 14.8111999118
273 156 15.5634520343
274 157 14.2093388557
275 158 14.0740780663
276 159 12.3261199857
277 160 10.833794385
278 161 9.54940094436
279 162 10.1876714061
280 163 10.299104163
281 164 11.457329329
282 165 13.1849012181
283 166 14.4825187473
284 167 14.0966342935
285 168 15.4940959288
286 169 15.4805952089
287 170 16.8478978946
288 171 18.3832301355
289 172 19.559146213
290 173 20.5142693917
291 174 18.9422271979
292 175 17.7884546193
293 176 16.2838566387
294 177 16.4048607906
295 178 15.6953958096
296 179 14.7259623934
297 180 14.3298304409
298 181 13.0875164725
299 182 13.3596537965
300 183 12.4810733926
301 184 12.4309000029
302 185 12.8721870728
303 186 11.9854595937
304 187 13.4252607736
305 188 14.1329113623
306 189 14.2305644364
307 190 14.3848692099
308 191 14.0685292871
309 192 15.0775301478
310 193 14.716342848
311 194 16.036399661
312 195 15.6735978886
313 196 17.4751508529
314 197 19.2976468695
315 198 21.0131671463
316 199 23.2703228523
317 200 24.908205491
318 201 27.0904872394
319 202 29.0502607154
320 203 27.4049967207
321 204 26.1950224908
322 205 26.8904744961
323 206 25.0687195258
324 207 22.8168810336
325 208 20.8191940745
326 209 18.3126050479
327 210 16.5041237108
328 211 15.8941589194
329 212 15.3606347496
330 213 17.0129691554
331 214 16.7527717447
332 215 16.0653091461
333 216 16.3882630043
334 217 16.4922097583
335 218 17.7025980951
336 219 18.224343174
337 220 20.0109243585
338 221 20.148844269
339 222 21.7081699044
340 223 20.8941437331
341 224 19.880136997
342 225 18.1335146269
343 226 16.5776371459
344 227 16.3307498044
345 228 14.491024129
346 229 14.7358123566
347 230 15.8104248821
348 231 15.7230968042
349 232 16.0616110681
350 233 15.4575889073
351 234 15.3220437093
352 235 14.8600570261
353 236 15.791436905
354 237 14.9853245963
355 238 16.6683856544
356 239 16.7869248004
357 240 18.4894270191
358 241 18.8619864424
359 242 21.108331317
360 243 21.6931277695
361 244 21.0607985042
362 245 22.0281703068
363 246 23.1173045741
364 247 23.9732632033
365 248 25.6836096514
366 249 26.020050706
367 250 27.0304709325
368 251 26.3135613586
369 252 24.7540940253
370 253 22.7995165165
371 254 22.3754873094
372 255 20.6992216656
373 256 20.6062126624
374 257 18.7449897333
375 258 19.5266166676
376 259 17.9355644367
377 260 18.6037138641
378 261 17.6023781915
379 262 16.5423558109
380 263 17.0508691866
381 264 18.4973168984
382 265 19.7907215286
383 266 20.8489301556
384 267 20.2465528383
385 268 20.8803618612
386 269 21.1007021673
387 270 20.7047180184
388 271 21.2912109653
389 272 19.9667960863
390 273 20.8090453666
391 274 19.5537524585
392 275 21.4987977983
393 276 21.2025730267
394 277 19.3526142652
395 278 20.1203035905
396 279 20.7435724709
397 280 20.9084590037
398 281 22.7606469379
399 282 23.4842112098
400 283 22.9547631229
401 284 24.2033698983
402 285 24.1068645057
403 286 24.8751376928
404 287 25.4260334617
405 288 23.6907415589
406 289 22.8303469448
407 290 27.8250153288
408 290 27.8250153288
409 290 27.8250153288
410 290 27.8250153288
411 290 27.8250153288
412 290 27.8250153288
413 290 27.8250153288
414 290 27.8250153288
415 290 27.8250153288
416 290 27.8250153288
417 290 27.8250153288
418 290 27.8250153288
419 290 27.8250153288
420 290 27.8250153288
421 290 27.8250153288
422 290 27.8250153288
423 290 27.8250153288
424 290 27.8250153288
425 290 27.8250153288
426 290 27.8250153288
427 290 27.8250153288
428 290 27.8250153288
429 290 27.8250153288
430 290 27.8250153288
431 290 27.8250153288
432 290 27.8250153288
433 290 27.8250153288
434 290 27.8250153288
435 290 27.8250153288
436 290 27.8250153288
437 291 20.6731759506
438 292 19.0935527153
439 293 19.810198213
440 294 19.1293041113
441 295 20.2652017722
442 296 21.2621775814
443 297 22.180750043
444 298 23.2184233176
445 299 23.7658669552
446 300 23.8094228447
447 301 26.5321941417
448 302 25.7123504335
449 303 28.0785157989
450 304 27.7349741649
451 305 25.6836151237
452 306 25.2900235612
453 307 23.9178477247
454 308 22.8355633242
455 309 21.244972192
456 310 20.4413998793
457 311 22.7620017089
458 312 24.5916391215
459 313 25.6023391236
460 314 25.8099388041
461 315 26.7820116286
462 316 27.8948834884
463 317 27.7822746847
464 318 28.6021765383
465 319 26.0272080044
466 320 27.3335429307
467 321 28.3888372702
468 322 27.4993192945
469 323 29.8237102526
470 324 29.3626061674
471 325 31.1427422349
472 326 30.7364783232
473 327 29.2578312632
474 328 28.6673958276
475 329 28.0247144105
476 330 25.8567869704
477 331 26.7368875759
478 331 26.7368875759
479 331 26.7368875759
480 331 26.7368875759
481 331 26.7368875759
482 331 26.7368875759
483 331 26.7368875759
484 331 26.7368875759
485 331 26.7368875759
486 331 26.7368875759
487 331 26.7368875759
488 331 26.7368875759
489 331 26.7368875759
490 331 26.7368875759
491 331 26.7368875759
492 331 26.7368875759
493 331 26.7368875759
494 331 26.7368875759
495 331 26.7368875759
496 331 26.7368875759
497 331 26.7368875759
498 331 26.7368875759
499 331 26.7368875759
500 331 26.7368875759
501 331 26.7368875759
502 331 26.7368875759
503 332 24.8626330794
504 333 24.7923512485
505 334 23.0317097303
506 335 21.1946961051
507 336 21.4408849781
508 337 19.5736266314
509 338 20.3060019056
510 339 22.4372106304
511 340 22.4453669209
512 341 23.8919032287
513 342 22.7999625824
514 343 21.4804573595
515 344 22.8023234147
516 345 24.9492333596
517 346 26.1392213535
518 347 28.1691031772
519 348 26.218984508
520 349 25.0051053521
521 350 23.6314174742
522 351 23.2681756051
523 352 21.3077779065
524 353 21.3422029125
525 354 20.0671531065
526 355 22.0154113903
527 356 22.6253773618
528 357 22.561406465
529 358 22.2522889205
530 359 24.2984665796
531 360 24.9556080196
532 361 27.0352213235
533 362 28.6158891846
534 363 29.4752718747
535 364 31.4992239432
536 365 32.1994273005
537 366 34.4501046725
538 367 35.5875729216
539 368 25.652432391
540 368 25.652432391
541 368 25.652432391
542 368 25.652432391
543 368 25.652432391
544 368 25.652432391
545 368 25.652432391
546 368 25.652432391
547 368 25.652432391
548 368 25.652432391
549 368 25.652432391
550 368 25.652432391
551 368 25.652432391
552 368 25.652432391
553 368 25.652432391
554 368 25.652432391
555 368 25.652432391
556 368 25.652432391
557 368 25.652432391
558 368 25.652432391
559 368 25.652432391
560 368 25.652432391
561 368 25.652432391
562 368 25.652432391
563 368 25.652432391
564 368 25.652432391
565 368 25.652432391
566 368 25.652432391
567 368 25.652432391
568 368 25.652432391
569 368 25.652432391
570 368 25.652432391
571 368 25.652432391
572 368 25.652432391
573 368 25.652432391
574 368 25.652432391
575 368 25.652432391
576 368 25.652432391
577 368 25.652432391
578 368 25.652432391
579 369 18.5426960582
580 369 18.5426960582
581 369 18.5426960582
582 369 18.5426960582
583 369 18.5426960582
584 369 18.5426960582
585 369 18.5426960582
586 369 18.5426960582
587 369 18.5426960582
588 369 18.5426960582
589 369 18.5426960582
590 369 18.5426960582
591 369 18.5426960582
592 369 18.5426960582
593 369 18.5426960582
594 369 18.5426960582
595 369 18.5426960582
596 369 18.5426960582
597 369 18.5426960582
598 369 18.5426960582
599 369 18.5426960582
600 369 18.5426960582
601 369 18.5426960582
602 369 18.5426960582
603 369 18.5426960582
604 369 18.5426960582
605 369 18.5426960582
606 369 18.5426960582
607 369 18.5426960582
608 369 18.5426960582
609 369 18.5426960582
610 369 18.5426960582
611 369 18.5426960582
612 369 18.5426960582
613 369 18.5426960582
614 369 18.5426960582
615 369 18.5426960582
616 369 18.5426960582
617 369 18.5426960582
618 369 18.5426960582
619 370 19.2525734963
620 370 19.2525734963
621 370 19.2525734963
622 370 19.2525734963
623 370 19.2525734963
624 370 19.2525734963
625 370 19.2525734963
626 370 19.2525734963
627 370 19.2525734963
628 370 19.2525734963
629 370 19.2525734963
630 370 19.2525734963
631 370 19.2525734963
632 370 19.2525734963
633 370 19.2525734963
634 370 19.2525734963
635 370 19.2525734963
636 370 19.2525734963
637 370 19.2525734963
638 370 19.2525734963
639 370 19.2525734963
640 370 19.2525734963
641 370 19.2525734963
642 370 19.2525734963
643 370 19.2525734963
644 370 19.2525734963
645 370 19.2525734963
646 370 19.2525734963
647 370 19.2525734963
648 370 19.2525734963
649 370 19.2525734963
650 370 19.2525734963
651 370 19.2525734963
652 370 19.2525734963
653 370 19.2525734963
654 370 19.2525734963
655 370 19.2525734963
656 370 19.2525734963
657 370 19.2525734963
658 370 19.2525734963
659 371 15.7367340965
660 371 15.7367340965
661 371 15.7367340965
662 371 15.7367340965
663 371 15.7367340965
664 371 15.7367340965
665 371 15.7367340965
666 371 15.7367340965
667 371 15.7367340965
668 371 15.7367340965
669 371 15.7367340965
670 371 15.7367340965
671 371 15.7367340965
672 371 15.7367340965
673 371 15.7367340965
674 371 15.7367340965
675 371 15.7367340965
676 371 15.7367340965
677 371 15.7367340965
678 371 15.7367340965
679 371 15.7367340965
680 371 15.7367340965
681 371 15.7367340965
682 371 15.7367340965
683 371 15.7367340965
684 371 15.7367340965
685 371 15.7367340965
686 371 15.7367340965
687 371 15.7367340965
688 371 15.7367340965
689 371 15.7367340965
690 371 15.7367340965
691 371 15.7367340965
692 371 15.7367340965
693 371 15.7367340965
694 371 15.7367340965
695 371 15.7367340965
696 371 15.7367340965
697 371 15.7367340965
698 371 15.7367340965
699 372 29.1530050478
700 372 29.1530050478
701 372 29.1530050478
702 372 29.1530050478
703 372 29.1530050478
704 372 29.1530050478
705 372 29.1530050478
706 372 29.1530050478
707 372 29.1530050478
708 372 29.1530050478
709 372 29.1530050478
710 372 29.1530050478
711 372 29.1530050478
712 372 29.1530050478
713 372 29.1530050478
714 372 29.1530050478
715 372 29.1530050478
716 372 29.1530050478
717 372 29.1530050478
718 372 29.1530050478
719 372 29.1530050478
720 372 29.1530050478
721 372 29.1530050478
722 372 29.1530050478
723 372 29.1530050478
724 372 29.1530050478
725 372 29.1530050478
726 372 29.1530050478
727 372 29.1530050478
728 372 29.1530050478
729 372 29.1530050478
730 372 29.1530050478
731 372 29.1530050478
732 372 29.1530050478
733 372 29.1530050478
734 372 29.1530050478
735 372 29.1530050478
736 372 29.1530050478
737 372 29.1530050478
738 372 29.1530050478
739 373 27.2883850147
740 373 27.2883850147
741 373 27.2883850147
742 373 27.2883850147
743 373 27.2883850147
744 373 27.2883850147
745 373 27.2883850147
746 373 27.2883850147
747 373 27.2883850147
748 373 27.2883850147
749 373 27.2883850147
750 373 27.2883850147
751 373 27.2883850147
752 373 27.2883850147
753 373 27.2883850147
754 373 27.2883850147
755 373 27.2883850147
756 373 27.2883850147
757 373 27.2883850147
758 373 27.2883850147
759 373 27.2883850147
760 373 27.2883850147
761 373 27.2883850147
762 373 27.2883850147
763 373 27.2883850147
764 373 27.2883850147
765 373 27.2883850147
766 373 27.2883850147
767 373 27.2883850147
768 373 27.2883850147
769 373 27.2883850147
770 373 27.2883850147
771 373 27.2883850147
772 373 27.2883850147
773 373 27.2883850147
774 373 27.2883850147
775 373 27.2883850147
776 373 27.2883850147
777 373 27.2883850147
778 373 27.2883850147
779 374 24.5363313826
780 374 24.5363313826
781 374 24.5363313826
782 374 24.5363313826
783 374 24.5363313826
784 374 24.5363313826
785 374 24.5363313826
786 374 24.5363313826
787 374 24.5363313826
788 374 24.5363313826
789 374 24.5363313826
790 374 24.5363313826
791 374 24.5363313826
792 374 24.5363313826
793 374 24.5363313826
794 374 24.5363313826
795 374 24.5363313826
796 374 24.5363313826
797 374 24.5363313826
798 374 24.5363313826
799 374 24.5363313826
800 374 24.5363313826
801 374 24.5363313826
802 374 24.5363313826
803 374 24.5363313826
804 374 24.5363313826
805 374 24.5363313826
806 374 24.5363313826
807 374 24.5363313826
808 374 24.5363313826
809 374 24.5363313826
810 374 24.5363313826
811 374 24.5363313826
812 374 24.5363313826
813 374 24.5363313826
814 374 24.5363313826
815 374 24.5363313826
816 374 24.5363313826
817 374 24.5363313826
818 374 24.5363313826
819 375 25.3081432008
820 375 25.3081432008
821 375 25.3081432008
822 375 25.3081432008
823 375 25.3081432008
824 375 25.3081432008
825 375 25.3081432008
826 375 25.3081432008
827 375 25.3081432008
828 375 25.3081432008
829 375 25.3081432008
830 375 25.3081432008
831 375 25.3081432008
832 375 25.3081432008
833 375 25.3081432008
834 375 25.3081432008
835 375 25.3081432008
836 375 25.3081432008
837 375 25.3081432008
838 375 25.3081432008
839 375 25.3081432008
840 375 25.3081432008
841 375 25.3081432008
842 375 25.3081432008
843 375 25.3081432008
844 375 25.3081432008
845 375 25.3081432008
846 375 25.3081432008
847 375 25.3081432008
848 375 25.3081432008
849 375 25.3081432008
850 375 25.3081432008
851 375 25.3081432008
852 375 25.3081432008
853 375 25.3081432008
854 375 25.3081432008
855 375 25.3081432008
856 375 25.3081432008
857 375 25.3081432008
858 375 25.3081432008
859 376 18.9803827192
860 376 18.9803827192
861 376 18.9803827192
862 376 18.9803827192
863 376 18.9803827192
864 376 18.9803827192
865 376 18.9803827192
866 376 18.9803827192
867 376 18.9803827192
868 376 18.9803827192
869 376 18.9803827192
870 376 18.9803827192
871 376 18.9803827192
872 376 18.9803827192
873 376 18.9803827192
874 376 18.9803827192
875 376 18.9803827192
876 376 18.9803827192
877 376 18.9803827192
878 376 18.9803827192
879 376 18.9803827192
880 376 18.9803827192
881 376 18.9803827192
882 376 18.9803827192
883 376 18.9803827192
884 376 18.9803827192
885 376 18.9803827192
886 376 18.9803827192
887 376 18.9803827192
888 376 18.9803827192
889 376 18.9803827192
890 376 18.9803827192
891 376 18.9803827192
892 376 18.9803827192
893 376 18.9803827192
894 376 18.9803827192
895 376 18.9803827192
896 376 18.9803827192
897 376 18.9803827192
898 376 18.9803827192
899 377 10.3597344177
900 377 10.3597344177
901 377 10.3597344177
902 377 10.3597344177
903 377 10.3597344177
904 377 10.3597344177
905 377 10.3597344177
906 377 10.3597344177
907 377 10.3597344177
908 377 10.3597344177
909 377 10.3597344177
910 377 10.3597344177
911 377 10.3597344177
912 377 10.3597344177
913 377 10.3597344177
914 377 10.3597344177
915 377 10.3597344177
916 377 10.3597344177
917 377 10.3597344177
918 377 10.3597344177
919 377 10.3597344177
920 377 10.3597344177
921 377 10.3597344177
922 377 10.3597344177
923 377 10.3597344177
924 377 10.3597344177
925 377 10.3597344177
926 377 10.3597344177
927 377 10.3597344177
928 377 10.3597344177
929 377 10.3597344177
930 377 10.3597344177
931 377 10.3597344177
932 377 10.3597344177
933 377 10.3597344177
934 377 10.3597344177
935 377 10.3597344177
936 377 10.3597344177
937 377 10.3597344177
938 377 10.3597344177
939 378 15.1716111586
940 378 15.1716111586
941 378 15.1716111586
942 378 15.1716111586
943 378 15.1716111586
944 378 15.1716111586
945 378 15.1716111586
946 378 15.1716111586
947 378 15.1716111586
948 378 15.1716111586
949 378 15.1716111586
950 378 15.1716111586
951 378 15.1716111586
952 378 15.1716111586
953 378 15.1716111586
954 378 15.1716111586
955 378 15.1716111586
956 378 15.1716111586
957 378 15.1716111586
958 378 15.1716111586
959 378 15.1716111586
960 378 15.1716111586
961 378 15.1716111586
962 378 15.1716111586
963 378 15.1716111586
964 378 15.1716111586
965 378 15.1716111586
966 378 15.1716111586
967 378 15.1716111586
968 378 15.1716111586
969 378 15.1716111586
970 378 15.1716111586
971 378 15.1716111586
972 378 15.1716111586
973 378 15.1716111586
974 378 15.1716111586
975 378 15.1716111586
976 378 15.1716111586
977 378 15.1716111586
978 378 15.1716111586
979 379 18.7379211489
980 379 18.7379211489
981 379 18.7379211489
982 379 18.7379211489
983 379 18.7379211489
984 379 18.7379211489
985 379 18.7379211489
986 379 18.7379211489
