1 0 22.5218689729
2 0 22.5218689729
3 0 22.5218689729
4 0 22.5218689729
5 0 22.5218689729
6 0 22.5218689729
7 0 22.5218689729
8 0 22.5218689729
9 0 22.5218689729
10 0 22.5218689729
11 0 22.5218689729
12 0 22.5218689729
13 0 22.5218689729
14 0 22.5218689729
15 0 22.5218689729
16 0 22.5218689729
17 0 22.5218689729
18 0 22.5218689729
19 1 24.1439923293
20 2 22.7329165447
21 3 21.6956627645
22 4 21.1251860975
23 5 19.985820318
24 6 20.9499764703
25 7 21.6845764083
26 8 20.4828943349
27 9 20.2622381251
28 10 21.6281232165
29 11 21.6676488369
30 12 20.2106124071
31 13 20.7067151358
32 14 22.1259278491
33 15 21.1209760362
34 16 20.5376669648
35 17 22.1313352288
36 18 21.9201179787
37 19 23.7978653608
38 20 23.8656488512
39 21 22.2885213002
40 22 23.155671718
41 23 24.7150569031
42 24 23.3505968223
43 25 22.0054546978
44 26 23.7471979556
45 27 24.3560080653
46 28 24.4531485543
47 29 24.4929088292
48 30 22.9199709628
49 31 21.5898652038
50 32 22.5443407923
51 33 21.9229889395
52 34 20.1369831584
53 35 20.8027154551
54 36 20.5299514086
55 37 18.8247127111
56 38 18.3915958916
57 39 19.0291892543
58 40 18.1905746879
59 41 16.6273761128
60 42 17.1634032982
61 43 17.4868781944
62 44 15.909618418
63 45 16.0274693057
64 46 16.6433022143
65 47 15.2892569087
66 48 14.8174515864
67 49 15.3573651208
68 50 16.2666063561
69 51 16.897698642
70 52 16.4195394839
71 53 16.9455746139
72 54 18.3751841371
73 55 18.4076134748
74 56 19.2087082363
75 57 19.3772889374
76 58 17.8013544464
77 59 18.2145804389
78 60 18.720805729
79 61 16.8609617533
80 62 16.4355865082
81 63 17.6977294875
82 64 17.2795862326
83 65 15.6471013059
84 66 16.2678635631
85 67 17.3949551947
86 68 16.2848137905
87 69 15.4972085377
88 70 16.4624048539
89 71 17.031550476
90 72 16.2259062175
91 73 16.4791576405
92 74 17.4417848142
93 75 18.3593096702
94 76 19.8247139369
95 77 21.2919687567
96 78 22.708208065
97 79 24.1124256784
98 80 22.8509180383
99 81 22.6074736601
100 82 20.7019985614
101 83 20.1025915078
102 84 19.2251415845
103 85 20.8609586236
104 86 22.2850515726
105 87 22.7449470182
106 88 23.3259493341
107 89 25.3239456274
108 90 25.5826727195
109 91 26.7874452594
110 92 26.6729964221
111 93 32.5443103163
112 93 32.5443103163
113 93 32.5443103163
114 93 32.5443103163
115 93 32.5443103163
116 93 32.5443103163
117 93 32.5443103163
118 93 32.5443103163
119 93 32.5443103163
120 93 32.5443103163
121 93 32.5443103163
122 93 32.5443103163
123 93 32.5443103163
124 93 32.5443103163
125 93 32.5443103163
126 93 32.5443103163
127 93 32.5443103163
