1 0 9.64481233143
2 0 9.64481233143
3 0 9.64481233143
4 0 9.64481233143
5 0 9.64481233143
6 0 9.64481233143
7 0 9.64481233143
8 0 9.64481233143
9 0 9.64481233143
10 0 9.64481233143
11 0 9.64481233143
12 0 9.64481233143
13 0 9.64481233143
14 0 9.64481233143
15 0 9.64481233143
16 0 9.64481233143
17 0 9.64481233143
18 0 9.64481233143
19 0 9.64481233143
20 0 9.64481233143
21 1 11.3618815661
22 1 11.3618815661
23 1 11.3618815661
24 1 11.3618815661
25 1 11.3618815661
26 1 11.3618815661
27 1 11.3618815661
28 1 11.3618815661
29 1 11.3618815661
30 1 11.3618815661
31 1 11.3618815661
32 1 11.3618815661
33 1 11.3618815661
34 1 11.3618815661
35 1 11.3618815661
36 1 11.3618815661
37 1 11.3618815661
38 1 11.3618815661
39 1 11.3618815661
40 1 11.3618815661
41 2 7.87934089042
42 2 7.87934089042
43 2 7.87934089042
44 2 7.87934089042
45 2 7.87934089042
46 2 7.87934089042
47 2 7.87934089042
48 2 7.87934089042
49 2 7.87934089042
50 2 7.87934089042
51 2 7.87934089042
52 2 7.87934089042
53 2 7.87934089042
54 2 7.87934089042
55 2 7.87934089042
56 2 7.87934089042
57 2 7.87934089042
58 2 7.87934089042
59 2 7.87934089042
60 2 7.87934089042
61 3 10.0497259476
62 3 10.0497259476
63 3 10.0497259476
64 3 10.0497259476
65 3 10.0497259476
66 3 10.0497259476
67 3 10.0497259476
68 3 10.0497259476
69 3 10.0497259476
70 3 10.0497259476
71 3 10.0497259476
72 3 10.0497259476
73 3 10.0497259476
74 3 10.0497259476
75 3 10.0497259476
76 3 10.0497259476
77 3 10.0497259476
78 3 10.0497259476
79 3 10.0497259476
80 3 10.0497259476
81 4 9.92561191408
82 4 9.92561191408
83 4 9.92561191408
84 4 9.92561191408
85 4 9.92561191408
86 4 9.92561191408
87 4 9.92561191408
88 4 9.92561191408
89 4 9.92561191408
90 4 9.92561191408
91 4 9.92561191408
92 4 9.92561191408
93 4 9.92561191408
94 4 9.92561191408
95 4 9.92561191408
96 4 9.92561191408
97 4 9.92561191408
98 4 9.92561191408
99 4 9.92561191408
100 4 9.92561191408
101 5 6.33489315288
102 5 6.33489315288
103 5 6.33489315288
104 5 6.33489315288
105 5 6.33489315288
106 5 6.33489315288
107 5 6.33489315288
108 5 6.33489315288
109 5 6.33489315288
110 5 6.33489315288
111 5 6.33489315288
112 5 6.33489315288
113 5 6.33489315288
114 5 6.33489315288
115 5 6.33489315288
116 5 6.33489315288
117 5 6.33489315288
118 5 6.33489315288
119 5 6.33489315288
120 5 6.33489315288
121 6 11.5726504228
122 6 11.5726504228
123 6 11.5726504228
124 6 11.5726504228
125 6 11.5726504228
126 6 11.5726504228
127 6 11.5726504228
128 6 11.5726504228
129 6 11.5726504228
130 6 11.5726504228
131 6 11.5726504228
132 6 11.5726504228
133 6 11.5726504228
134 6 11.5726504228
135 6 11.5726504228
136 6 11.5726504228
137 6 11.5726504228
138 6 11.5726504228
139 6 11.5726504228
140 6 11.5726504228
141 7 7.33405000187
142 7 7.33405000187
143 7 7.33405000187
144 7 7.33405000187
145 7 7.33405000187
146 7 7.33405000187
147 7 7.33405000187
148 7 7.33405000187
149 7 7.33405000187
150 7 7.33405000187
151 7 7.33405000187
152 7 7.33405000187
153 7 7.33405000187
154 7 7.33405000187
155 7 7.33405000187
156 7 7.33405000187
157 7 7.33405000187
158 7 7.33405000187
159 7 7.33405000187
160 7 7.33405000187
161 8 13.3859012227
162 8 13.3859012227
163 8 13.3859012227
164 8 13.3859012227
165 8 13.3859012227
166 8 13.3859012227
167 8 13.3859012227
168 8 13.3859012227
169 8 13.3859012227
170 8 13.3859012227
171 8 13.3859012227
172 8 13.3859012227
173 8 13.3859012227
174 8 13.3859012227
175 8 13.3859012227
176 8 13.3859012227
177 8 13.3859012227
178 8 13.3859012227
179 8 13.3859012227
180 8 13.3859012227
181 9 14.8578158418
182 9 14.8578158418
183 9 14.8578158418
184 9 14.8578158418
185 9 14.8578158418
186 9 14.8578158418
187 9 14.8578158418
188 9 14.8578158418
189 9 14.8578158418
190 9 14.8578158418
191 9 14.8578158418
192 9 14.8578158418
193 9 14.8578158418
194 9 14.8578158418
195 9 14.8578158418
196 9 14.8578158418
197 9 14.8578158418
198 9 14.8578158418
199 9 14.8578158418
200 9 14.8578158418
201 10 14.7456262411
202 10 14.7456262411
203 10 14.7456262411
204 10 14.7456262411
205 10 14.7456262411
206 10 14.7456262411
207 10 14.7456262411
208 10 14.7456262411
209 10 14.7456262411
210 10 14.7456262411
211 10 14.7456262411
212 10 14.7456262411
213 10 14.7456262411
214 10 14.7456262411
215 10 14.7456262411
216 10 14.7456262411
217 10 14.7456262411
218 10 14.7456262411
219 10 14.7456262411
220 10 14.7456262411
221 11 14.2090815737
222 11 14.2090815737
223 11 14.2090815737
224 11 14.2090815737
225 11 14.2090815737
226 11 14.2090815737
227 11 14.2090815737
228 11 14.2090815737
229 11 14.2090815737
230 11 14.2090815737
231 11 14.2090815737
232 11 14.2090815737
233 11 14.2090815737
234 11 14.2090815737
235 11 14.2090815737
236 11 14.2090815737
237 11 14.2090815737
238 11 14.2090815737
239 11 14.2090815737
240 11 14.2090815737
241 12 16.153844997
242 12 16.153844997
243 12 16.153844997
244 12 16.153844997
245 12 16.153844997
246 12 16.153844997
247 12 16.153844997
248 12 16.153844997
249 12 16.153844997
250 12 16.153844997
251 12 16.153844997
252 12 16.153844997
253 12 16.153844997
254 12 16.153844997
255 12 16.153844997
256 12 16.153844997
257 12 16.153844997
258 12 16.153844997
259 12 16.153844997
260 12 16.153844997
261 13 10.2733929323
262 13 10.2733929323
263 13 10.2733929323
264 13 10.2733929323
265 13 10.2733929323
266 13 10.2733929323
267 13 10.2733929323
268 13 10.2733929323
269 13 10.2733929323
270 13 10.2733929323
271 13 10.2733929323
272 13 10.2733929323
273 13 10.2733929323
274 13 10.2733929323
275 13 10.2733929323
276 13 10.2733929323
277 13 10.2733929323
278 13 10.2733929323
279 13 10.2733929323
280 13 10.2733929323
281 14 12.5328507135
282 14 12.5328507135
283 14 12.5328507135
284 14 12.5328507135
285 14 12.5328507135
286 14 12.5328507135
287 14 12.5328507135
288 14 12.5328507135
289 14 12.5328507135
290 14 12.5328507135
291 14 12.5328507135
292 14 12.5328507135
293 14 12.5328507135
294 14 12.5328507135
295 14 12.5328507135
296 14 12.5328507135
297 14 12.5328507135
298 14 12.5328507135
299 14 12.5328507135
300 14 12.5328507135
301 15 13.0327694707
302 15 13.0327694707
303 15 13.0327694707
304 15 13.0327694707
305 15 13.0327694707
306 15 13.0327694707
307 15 13.0327694707
308 15 13.0327694707
309 15 13.0327694707
310 15 13.0327694707
311 15 13.0327694707
312 15 13.0327694707
313 15 13.0327694707
314 15 13.0327694707
315 15 13.0327694707
316 15 13.0327694707
317 15 13.0327694707
318 15 13.0327694707
319 15 13.0327694707
320 15 13.0327694707
321 16 14.0635880642
322 16 14.0635880642
323 16 14.0635880642
324 16 14.0635880642
325 16 14.0635880642
326 16 14.0635880642
327 16 14.0635880642
328 16 14.0635880642
329 16 14.0635880642
330 16 14.0635880642
331 16 14.0635880642
332 16 14.0635880642
333 16 14.0635880642
334 16 14.0635880642
335 16 14.0635880642
336 16 14.0635880642
337 16 14.0635880642
338 16 14.0635880642
339 16 14.0635880642
340 16 14.0635880642
341 17 16.98575759
342 17 16.98575759
343 17 16.98575759
344 17 16.98575759
345 17 16.98575759
346 17 16.98575759
347 17 16.98575759
348 17 16.98575759
349 17 16.98575759
350 17 16.98575759
351 17 16.98575759
352 17 16.98575759
353 17 16.98575759
354 17 16.98575759
355 17 16.98575759
356 17 16.98575759
357 17 16.98575759
358 17 16.98575759
359 17 16.98575759
360 17 16.98575759
361 18 19.5181291342
362 18 19.5181291342
363 18 19.5181291342
364 18 19.5181291342
365 18 19.5181291342
366 18 19.5181291342
367 18 19.5181291342
368 18 19.5181291342
369 18 19.5181291342
370 18 19.5181291342
371 18 19.5181291342
372 18 19.5181291342
373 18 19.5181291342
374 18 19.5181291342
375 18 19.5181291342
376 18 19.5181291342
377 18 19.5181291342
378 18 19.5181291342
379 18 19.5181291342
380 18 19.5181291342
381 19 15.2747657407
382 19 15.2747657407
383 19 15.2747657407
384 19 15.2747657407
385 19 15.2747657407
386 19 15.2747657407
387 19 15.2747657407
388 19 15.2747657407
389 19 15.2747657407
390 19 15.2747657407
391 19 15.2747657407
392 19 15.2747657407
393 19 15.2747657407
394 19 15.2747657407
395 19 15.2747657407
396 19 15.2747657407
397 19 15.2747657407
398 19 15.2747657407
399 19 15.2747657407
400 19 15.2747657407
401 20 14.3200753521
402 20 14.3200753521
403 20 14.3200753521
404 20 14.3200753521
405 20 14.3200753521
406 20 14.3200753521
407 20 14.3200753521
408 20 14.3200753521
409 20 14.3200753521
410 20 14.3200753521
411 20 14.3200753521
412 20 14.3200753521
413 20 14.3200753521
414 20 14.3200753521
415 20 14.3200753521
416 20 14.3200753521
417 20 14.3200753521
418 20 14.3200753521
419 20 14.3200753521
420 20 14.3200753521
421 21 20.9784033638
422 21 20.9784033638
423 21 20.9784033638
424 21 20.9784033638
425 21 20.9784033638
426 21 20.9784033638
427 21 20.9784033638
428 21 20.9784033638
429 21 20.9784033638
430 21 20.9784033638
431 21 20.9784033638
432 21 20.9784033638
433 21 20.9784033638
434 21 20.9784033638
435 21 20.9784033638
436 21 20.9784033638
437 21 20.9784033638
438 21 20.9784033638
439 21 20.9784033638
440 21 20.9784033638
441 22 20.9872951445
442 22 20.9872951445
443 22 20.9872951445
444 22 20.9872951445
445 22 20.9872951445
446 22 20.9872951445
447 22 20.9872951445
448 22 20.9872951445
449 22 20.9872951445
450 22 20.9872951445
451 22 20.9872951445
452 22 20.9872951445
453 22 20.9872951445
454 22 20.9872951445
455 22 20.9872951445
456 22 20.9872951445
457 22 20.9872951445
458 22 20.9872951445
459 22 20.9872951445
460 22 20.9872951445
461 23 27.5179513168
462 23 27.5179513168
463 23 27.5179513168
464 23 27.5179513168
465 23 27.5179513168
466 23 27.5179513168
467 23 27.5179513168
468 23 27.5179513168
469 23 27.5179513168
470 23 27.5179513168
471 23 27.5179513168
472 23 27.5179513168
473 23 27.5179513168
474 23 27.5179513168
475 23 27.5179513168
476 23 27.5179513168
477 23 27.5179513168
478 23 27.5179513168
479 23 27.5179513168
480 23 27.5179513168
481 24 32.2006823133
482 24 32.2006823133
483 24 32.2006823133
484 24 32.2006823133
485 24 32.2006823133
486 24 32.2006823133
487 24 32.2006823133
488 24 32.2006823133
489 24 32.2006823133
490 24 32.2006823133
491 24 32.2006823133
492 24 32.2006823133
493 24 32.2006823133
494 24 32.2006823133
495 24 32.2006823133
496 24 32.2006823133
497 24 32.2006823133
498 24 32.2006823133
499 24 32.2006823133
500 24 32.2006823133
501 25 35.2822874375
502 25 35.2822874375
503 25 35.2822874375
504 25 35.2822874375
505 25 35.2822874375
506 25 35.2822874375
507 25 35.2822874375
508 25 35.2822874375
509 25 35.2822874375
510 25 35.2822874375
511 25 35.2822874375
512 25 35.2822874375
513 25 35.2822874375
514 25 35.2822874375
515 25 35.2822874375
516 25 35.2822874375
517 25 35.2822874375
518 25 35.2822874375
519 25 35.2822874375
520 25 35.2822874375
521 26 42.0377940479
522 26 42.0377940479
523 26 42.0377940479
524 26 42.0377940479
525 26 42.0377940479
526 26 42.0377940479
527 26 42.0377940479
528 26 42.0377940479
529 26 42.0377940479
530 26 42.0377940479
531 26 42.0377940479
532 26 42.0377940479
533 26 42.0377940479
534 26 42.0377940479
535 26 42.0377940479
536 26 42.0377940479
537 26 42.0377940479
538 26 42.0377940479
539 26 42.0377940479
540 26 42.0377940479
541 27 47.6633408457
542 27 47.6633408457
543 27 47.6633408457
544 27 47.6633408457
545 27 47.6633408457
546 27 47.6633408457
547 27 47.6633408457
548 27 47.6633408457
549 27 47.6633408457
550 27 47.6633408457
551 27 47.6633408457
552 27 47.6633408457
553 27 47.6633408457
554 27 47.6633408457
555 27 47.6633408457
556 27 47.6633408457
557 27 47.6633408457
558 27 47.6633408457
559 27 47.6633408457
560 27 47.6633408457
561 28 49.3221867257
562 28 49.3221867257
563 28 49.3221867257
564 28 49.3221867257
565 28 49.3221867257
566 28 49.3221867257
