1 0 5.84757810025
2 0 5.84757810025
3 0 5.84757810025
4 0 5.84757810025
5 0 5.84757810025
6 0 5.84757810025
7 0 5.84757810025
8 0 5.84757810025
9 0 5.84757810025
10 0 5.84757810025
11 0 5.84757810025
12 0 5.84757810025
13 0 5.84757810025
14 0 5.84757810025
15 0 5.84757810025
16 0 5.84757810025
17 0 5.84757810025
18 0 5.84757810025
19 0 5.84757810025
20 0 5.84757810025
21 1 11.1157428972
22 1 11.1157428972
23 1 11.1157428972
24 1 11.1157428972
25 1 11.1157428972
26 1 11.1157428972
27 1 11.1157428972
28 1 11.1157428972
29 1 11.1157428972
30 1 11.1157428972
31 1 11.1157428972
32 1 11.1157428972
33 1 11.1157428972
34 1 11.1157428972
35 1 11.1157428972
36 1 11.1157428972
37 2 10.5654405345
38 3 9.45639276008
39 4 8.72922341987
40 5 9.41326230958
41 6 9.33039510708
42 7 8.10235610209
43 8 8.12801256435
44 9 8.98639620553
45 10 8.24783276231
46 11 7.49663116632
47 12 8.50957064544
48 13 8.92488168336
49 14 7.85414350417
50 15 8.14948061959
51 16 9.29033781449
52 17 8.97567153586
53 18 8.41607088736
54 19 9.4512448301
55 20 10.1597000566
56 21 9.38796572335
57 22 9.50336577179
58 23 10.8245527488
59 24 11.0093740565
60 25 11.5584871292
61 26 12.2677810838
62 27 11.6575420242
63 28 11.9750581528
64 29 11.493108737
65 30 10.5214517005
66 31 9.96236655679
67 32 8.9451939218
68 33 9.28480938005
69 34 8.88811433255
70 35 7.82811058851
71 36 7.80540352566
72 37 8.17307222932
73 38 7.35581627016
74 39 6.85604372305
75 40 7.65181336297
76 41 7.59509584412
77 42 6.66508879038
78 43 7.18189912028
79 44 7.98159494127
80 45 7.30124453825
81 46 7.22622514584
82 47 8.42701963185
83 48 8.57675327694
84 49 7.87458581323
85 50 8.80485120677
86 51 9.82517648987
87 52 9.29730625285
88 53 9.57606013965
89 54 10.8624722864
90 55 10.2953004509
91 56 9.35519525134
92 57 10.493041497
93 58 11.1754243825
94 59 9.99628377302
95 60 10.1822781823
96 61 11.4374421667
97 62 11.0291074806
98 63 10.1509179871
99 64 11.2667657211
100 65 12.0145656722
101 66 10.9973001261
102 67 10.7616487891
103 68 12.109487066
104 69 12.161660074
105 70 11.0847789402
106 71 11.6935880593
107 72 12.8577390722
108 73 12.2754671225
109 74 11.6742144045
110 75 12.945103835
111 76 13.3415686402
112 77 12.171457998
113 78 12.4337706162
114 79 13.7045466556
115 80 13.2749570019
116 81 12.3820688996
117 82 13.5474118604
118 83 14.1935128582
119 84 13.086973385
120 85 13.0813077031
121 86 14.4713617158
122 87 14.1839653243
123 88 13.2603317803
124 89 14.2665320724
125 90 15.0641673556
126 91 14.1994590187
127 92 13.1820878989
128 93 15.2762847853
129 93 15.2762847853
130 93 15.2762847853
131 93 15.2762847853
132 94 12.3775961907
133 94 12.3775961907
134 94 12.3775961907
135 94 12.3775961907
136 94 12.3775961907
137 94 12.3775961907
138 94 12.3775961907
139 94 12.3775961907
140 94 12.3775961907
141 94 12.3775961907
142 94 12.3775961907
143 94 12.3775961907
144 94 12.3775961907
145 94 12.3775961907
146 94 12.3775961907
147 94 12.3775961907
148 94 12.3775961907
149 94 12.3775961907
150 94 12.3775961907
151 94 12.3775961907
152 95 11.6872290512
153 95 11.6872290512
154 95 11.6872290512
155 95 11.6872290512
156 95 11.6872290512
157 95 11.6872290512
158 95 11.6872290512
159 95 11.6872290512
160 95 11.6872290512
161 95 11.6872290512
162 95 11.6872290512
163 95 11.6872290512
164 95 11.6872290512
165 95 11.6872290512
166 95 11.6872290512
167 95 11.6872290512
168 95 11.6872290512
169 95 11.6872290512
170 95 11.6872290512
171 95 11.6872290512
172 96 16.0247825754
173 96 16.0247825754
174 96 16.0247825754
175 96 16.0247825754
176 96 16.0247825754
177 96 16.0247825754
178 96 16.0247825754
179 96 16.0247825754
180 96 16.0247825754
181 96 16.0247825754
182 96 16.0247825754
183 96 16.0247825754
184 96 16.0247825754
185 96 16.0247825754
186 96 16.0247825754
187 96 16.0247825754
188 96 16.0247825754
189 96 16.0247825754
190 96 16.0247825754
191 96 16.0247825754
192 97 25.8374076011
193 97 25.8374076011
194 97 25.8374076011
195 97 25.8374076011
196 97 25.8374076011
197 97 25.8374076011
198 97 25.8374076011
199 97 25.8374076011
200 97 25.8374076011
201 97 25.8374076011
202 97 25.8374076011
203 97 25.8374076011
204 97 25.8374076011
205 97 25.8374076011
206 97 25.8374076011
207 97 25.8374076011
208 97 25.8374076011
209 97 25.8374076011
210 97 25.8374076011
211 97 25.8374076011
212 98 36.7495726204
213 98 36.7495726204
214 98 36.7495726204
215 98 36.7495726204
216 98 36.7495726204
217 98 36.7495726204
218 98 36.7495726204
219 98 36.7495726204
220 98 36.7495726204
221 98 36.7495726204
222 98 36.7495726204
223 98 36.7495726204
224 98 36.7495726204
225 98 36.7495726204
226 98 36.7495726204
227 98 36.7495726204
228 98 36.7495726204
229 98 36.7495726204
230 98 36.7495726204
231 98 36.7495726204
232 99 40.9248074961
233 99 40.9248074961
234 99 40.9248074961
235 99 40.9248074961
236 99 40.9248074961
237 99 40.9248074961
238 99 40.9248074961
239 99 40.9248074961
240 99 40.9248074961
241 99 40.9248074961
242 99 40.9248074961
243 99 40.9248074961
244 99 40.9248074961
245 99 40.9248074961
246 99 40.9248074961
247 99 40.9248074961
248 99 40.9248074961
249 99 40.9248074961
250 99 40.9248074961
251 99 40.9248074961
252 100 48.1966885161
253 100 48.1966885161
254 100 48.1966885161
255 100 48.1966885161
256 100 48.1966885161
257 100 48.1966885161
258 100 48.1966885161
259 100 48.1966885161
260 100 48.1966885161
261 100 48.1966885161
262 100 48.1966885161
263 100 48.1966885161
264 100 48.1966885161
265 100 48.1966885161
266 100 48.1966885161
267 100 48.1966885161
268 100 48.1966885161
269 100 48.1966885161
270 100 48.1966885161
271 100 48.1966885161
272 101 42.3803371778
273 101 42.3803371778
274 101 42.3803371778
275 101 42.3803371778
276 101 42.3803371778
277 101 42.3803371778
278 101 42.3803371778
279 101 42.3803371778
280 101 42.3803371778
281 101 42.3803371778
282 101 42.3803371778
283 101 42.3803371778
284 101 42.3803371778
