1 0 14.4264415289
2 0 14.4264415289
3 0 14.4264415289
4 0 14.4264415289
5 0 14.4264415289
6 0 14.4264415289
7 0 14.4264415289
8 0 14.4264415289
9 0 14.4264415289
10 0 14.4264415289
11 0 14.4264415289
12 0 14.4264415289
13 0 14.4264415289
14 0 14.4264415289
15 0 14.4264415289
16 0 14.4264415289
17 0 14.4264415289
18 0 14.4264415289
19 0 14.4264415289
20 0 14.4264415289
21 0 14.4264415289
22 0 14.4264415289
23 0 14.4264415289
24 0 14.4264415289
25 0 14.4264415289
26 0 14.4264415289
27 0 14.4264415289
28 0 14.4264415289
29 0 14.4264415289
30 0 14.4264415289
31 0 14.4264415289
32 0 14.4264415289
33 0 14.4264415289
34 0 14.4264415289
35 0 14.4264415289
36 0 14.4264415289
37 0 14.4264415289
38 0 14.4264415289
39 0 14.4264415289
40 0 14.4264415289
41 1 21.332695827
42 1 21.332695827
43 1 21.332695827
44 1 21.332695827
45 1 21.332695827
46 1 21.332695827
47 1 21.332695827
48 1 21.332695827
49 1 21.332695827
50 1 21.332695827
51 1 21.332695827
52 1 21.332695827
53 1 21.332695827
54 1 21.332695827
55 1 21.332695827
56 1 21.332695827
57 1 21.332695827
58 1 21.332695827
59 1 21.332695827
60 1 21.332695827
61 1 21.332695827
62 1 21.332695827
63 1 21.332695827
64 1 21.332695827
65 1 21.332695827
66 1 21.332695827
67 1 21.332695827
68 1 21.332695827
69 1 21.332695827
70 1 21.332695827
71 1 21.332695827
72 1 21.332695827
73 1 21.332695827
74 1 21.332695827
75 1 21.332695827
76 1 21.332695827
77 1 21.332695827
78 1 21.332695827
79 1 21.332695827
80 1 21.332695827
81 2 35.2889027053
82 2 35.2889027053
83 2 35.2889027053
84 2 35.2889027053
85 2 35.2889027053
86 2 35.2889027053
87 2 35.2889027053
88 2 35.2889027053
89 2 35.2889027053
90 2 35.2889027053
91 2 35.2889027053
92 2 35.2889027053
93 2 35.2889027053
94 2 35.2889027053
95 2 35.2889027053
96 2 35.2889027053
97 2 35.2889027053
98 2 35.2889027053
99 2 35.2889027053
100 2 35.2889027053
101 2 35.2889027053
102 2 35.2889027053
103 2 35.2889027053
104 2 35.2889027053
105 2 35.2889027053
106 2 35.2889027053
107 2 35.2889027053
108 2 35.2889027053
109 2 35.2889027053
110 2 35.2889027053
111 2 35.2889027053
112 2 35.2889027053
113 2 35.2889027053
114 2 35.2889027053
115 2 35.2889027053
116 2 35.2889027053
117 2 35.2889027053
118 2 35.2889027053
119 2 35.2889027053
120 2 35.2889027053
121 3 38.1144207718
122 3 38.1144207718
123 3 38.1144207718
124 3 38.1144207718
125 3 38.1144207718
126 3 38.1144207718
127 3 38.1144207718
128 3 38.1144207718
129 3 38.1144207718
130 3 38.1144207718
131 3 38.1144207718
132 3 38.1144207718
133 3 38.1144207718
134 3 38.1144207718
135 3 38.1144207718
136 3 38.1144207718
137 3 38.1144207718
138 3 38.1144207718
139 3 38.1144207718
140 3 38.1144207718
141 3 38.1144207718
142 3 38.1144207718
143 3 38.1144207718
144 3 38.1144207718
145 3 38.1144207718
146 3 38.1144207718
147 3 38.1144207718
148 3 38.1144207718
149 3 38.1144207718
150 3 38.1144207718
151 3 38.1144207718
152 3 38.1144207718
153 3 38.1144207718
154 3 38.1144207718
155 3 38.1144207718
156 3 38.1144207718
157 3 38.1144207718
158 3 38.1144207718
159 3 38.1144207718
160 3 38.1144207718
161 4 44.818366319
162 4 44.818366319
163 4 44.818366319
164 4 44.818366319
165 4 44.818366319
166 4 44.818366319
167 4 44.818366319
168 4 44.818366319
169 4 44.818366319
170 4 44.818366319
171 4 44.818366319
172 4 44.818366319
173 4 44.818366319
174 4 44.818366319
175 4 44.818366319
176 4 44.818366319
177 4 44.818366319
178 4 44.818366319
179 4 44.818366319
180 4 44.818366319
181 4 44.818366319
182 4 44.818366319
183 4 44.818366319
184 4 44.818366319
185 4 44.818366319
186 4 44.818366319
187 4 44.818366319
188 4 44.818366319
189 4 44.818366319
190 4 44.818366319
191 4 44.818366319
192 4 44.818366319
193 4 44.818366319
194 4 44.818366319
195 4 44.818366319
196 4 44.818366319
197 4 44.818366319
198 4 44.818366319
199 4 44.818366319
200 4 44.818366319
201 5 47.4062034201
202 5 47.4062034201
203 5 47.4062034201
204 5 47.4062034201
205 5 47.4062034201
206 5 47.4062034201
207 5 47.4062034201
208 5 47.4062034201
209 5 47.4062034201
210 5 47.4062034201
211 5 47.4062034201
212 5 47.4062034201
213 5 47.4062034201
214 5 47.4062034201
215 5 47.4062034201
216 5 47.4062034201
217 5 47.4062034201
218 5 47.4062034201
219 5 47.4062034201
220 5 47.4062034201
221 5 47.4062034201
222 5 47.4062034201
223 5 47.4062034201
224 5 47.4062034201
225 5 47.4062034201
226 5 47.4062034201
227 5 47.4062034201
228 5 47.4062034201
229 5 47.4062034201
230 5 47.4062034201
231 5 47.4062034201
232 5 47.4062034201
233 5 47.4062034201
234 5 47.4062034201
235 5 47.4062034201
236 5 47.4062034201
237 5 47.4062034201
238 5 47.4062034201
239 5 47.4062034201
240 5 47.4062034201
241 6 47.2606549082
242 6 47.2606549082
243 6 47.2606549082
244 6 47.2606549082
245 6 47.2606549082
246 6 47.2606549082
247 6 47.2606549082
248 6 47.2606549082
249 6 47.2606549082
250 6 47.2606549082
251 6 47.2606549082
252 6 47.2606549082
253 6 47.2606549082
254 6 47.2606549082
255 6 47.2606549082
256 6 47.2606549082
257 6 47.2606549082
258 6 47.2606549082
259 6 47.2606549082
260 6 47.2606549082
261 6 47.2606549082
262 6 47.2606549082
263 6 47.2606549082
264 6 47.2606549082
265 6 47.2606549082
266 6 47.2606549082
267 6 47.2606549082
268 6 47.2606549082
269 6 47.2606549082
270 6 47.2606549082
271 6 47.2606549082
272 6 47.2606549082
273 6 47.2606549082
274 6 47.2606549082
275 6 47.2606549082
276 6 47.2606549082
277 6 47.2606549082
278 6 47.2606549082
279 6 47.2606549082
280 6 47.2606549082
281 7 42.6381406707
282 7 42.6381406707
283 7 42.6381406707
284 7 42.6381406707
285 7 42.6381406707
286 7 42.6381406707
287 7 42.6381406707
288 7 42.6381406707
289 7 42.6381406707
290 7 42.6381406707
291 7 42.6381406707
292 7 42.6381406707
293 7 42.6381406707
294 7 42.6381406707
295 7 42.6381406707
296 7 42.6381406707
297 7 42.6381406707
298 7 42.6381406707
299 7 42.6381406707
300 7 42.6381406707
301 7 42.6381406707
302 7 42.6381406707
303 7 42.6381406707
304 7 42.6381406707
305 7 42.6381406707
306 7 42.6381406707
307 7 42.6381406707
308 7 42.6381406707
309 7 42.6381406707
310 7 42.6381406707
311 7 42.6381406707
312 7 42.6381406707
313 7 42.6381406707
314 7 42.6381406707
315 7 42.6381406707
316 7 42.6381406707
317 7 42.6381406707
318 7 42.6381406707
319 7 42.6381406707
320 7 42.6381406707
321 8 47.3421052486
322 8 47.3421052486
323 8 47.3421052486
324 8 47.3421052486
325 8 47.3421052486
326 8 47.3421052486
327 8 47.3421052486
328 8 47.3421052486
329 8 47.3421052486
330 8 47.3421052486
331 8 47.3421052486
332 8 47.3421052486
333 8 47.3421052486
334 8 47.3421052486
335 8 47.3421052486
336 8 47.3421052486
337 8 47.3421052486
338 8 47.3421052486
339 8 47.3421052486
340 8 47.3421052486
341 8 47.3421052486
342 8 47.3421052486
343 8 47.3421052486
344 8 47.3421052486
345 8 47.3421052486
346 8 47.3421052486
347 8 47.3421052486
348 8 47.3421052486
349 8 47.3421052486
350 8 47.3421052486
351 8 47.3421052486
352 8 47.3421052486
353 8 47.3421052486
354 8 47.3421052486
355 8 47.3421052486
356 8 47.3421052486
357 8 47.3421052486
358 8 47.3421052486
359 8 47.3421052486
360 8 47.3421052486
361 9 46.4431568866
362 9 46.4431568866
363 9 46.4431568866
364 9 46.4431568866
365 9 46.4431568866
366 9 46.4431568866
367 9 46.4431568866
368 9 46.4431568866
369 9 46.4431568866
370 9 46.4431568866
371 9 46.4431568866
372 9 46.4431568866
373 9 46.4431568866
374 9 46.4431568866
375 9 46.4431568866
376 9 46.4431568866
377 9 46.4431568866
378 9 46.4431568866
379 9 46.4431568866
380 9 46.4431568866
381 9 46.4431568866
382 9 46.4431568866
383 9 46.4431568866
384 9 46.4431568866
385 9 46.4431568866
386 9 46.4431568866
387 9 46.4431568866
388 9 46.4431568866
389 9 46.4431568866
390 9 46.4431568866
391 9 46.4431568866
392 9 46.4431568866
393 9 46.4431568866
394 9 46.4431568866
395 9 46.4431568866
396 9 46.4431568866
397 9 46.4431568866
398 9 46.4431568866
399 9 46.4431568866
400 9 46.4431568866
401 10 38.0743785208
402 10 38.0743785208
403 10 38.0743785208
404 10 38.0743785208
405 10 38.0743785208
406 10 38.0743785208
407 10 38.0743785208
408 10 38.0743785208
409 10 38.0743785208
410 10 38.0743785208
411 10 38.0743785208
412 10 38.0743785208
413 10 38.0743785208
414 10 38.0743785208
415 10 38.0743785208
416 10 38.0743785208
417 10 38.0743785208
418 10 38.0743785208
419 10 38.0743785208
420 10 38.0743785208
421 10 38.0743785208
422 10 38.0743785208
423 10 38.0743785208
424 10 38.0743785208
425 10 38.0743785208
426 10 38.0743785208
427 10 38.0743785208
428 10 38.0743785208
429 10 38.0743785208
430 10 38.0743785208
431 10 38.0743785208
432 10 38.0743785208
433 10 38.0743785208
434 10 38.0743785208
435 10 38.0743785208
436 10 38.0743785208
