1 0 21.9004347295
2 0 21.9004347295
3 0 21.9004347295
4 0 21.9004347295
5 0 21.9004347295
6 0 21.9004347295
7 0 21.9004347295
8 0 21.9004347295
9 0 21.9004347295
10 0 21.9004347295
11 0 21.9004347295
12 0 21.9004347295
13 0 21.9004347295
14 0 21.9004347295
15 0 21.9004347295
16 0 21.9004347295
17 0 21.9004347295
18 0 21.9004347295
19 0 21.9004347295
20 0 21.9004347295
21 1 21.3907642004
22 1 21.3907642004
23 1 21.3907642004
24 1 21.3907642004
25 1 21.3907642004
26 1 21.3907642004
27 1 21.3907642004
28 1 21.3907642004
29 1 21.3907642004
30 1 21.3907642004
31 1 21.3907642004
32 1 21.3907642004
33 1 21.3907642004
34 1 21.3907642004
35 1 21.3907642004
36 1 21.3907642004
37 1 21.3907642004
38 1 21.3907642004
39 1 21.3907642004
40 1 21.3907642004
41 2 16.5591629372
42 2 16.5591629372
43 2 16.5591629372
44 2 16.5591629372
45 2 16.5591629372
46 2 16.5591629372
47 2 16.5591629372
48 2 16.5591629372
49 2 16.5591629372
50 2 16.5591629372
51 2 16.5591629372
52 2 16.5591629372
53 2 16.5591629372
54 2 16.5591629372
55 2 16.5591629372
56 2 16.5591629372
57 2 16.5591629372
58 2 16.5591629372
59 2 16.5591629372
60 2 16.5591629372
61 3 10.4317011201
62 3 10.4317011201
63 3 10.4317011201
64 3 10.4317011201
65 3 10.4317011201
66 3 10.4317011201
67 3 10.4317011201
68 3 10.4317011201
69 3 10.4317011201
70 3 10.4317011201
71 3 10.4317011201
72 3 10.4317011201
73 3 10.4317011201
74 3 10.4317011201
75 3 10.4317011201
76 3 10.4317011201
77 3 10.4317011201
78 3 10.4317011201
79 3 10.4317011201
80 3 10.4317011201
81 4 13.977615422
82 4 13.977615422
83 4 13.977615422
84 4 13.977615422
85 4 13.977615422
86 4 13.977615422
87 4 13.977615422
88 4 13.977615422
89 4 13.977615422
90 4 13.977615422
91 4 13.977615422
92 4 13.977615422
93 4 13.977615422
94 4 13.977615422
95 4 13.977615422
96 4 13.977615422
97 4 13.977615422
98 4 13.977615422
99 4 13.977615422
100 4 13.977615422
101 5 7.72538967123
102 5 7.72538967123
103 5 7.72538967123
104 5 7.72538967123
105 5 7.72538967123
106 5 7.72538967123
107 5 7.72538967123
108 5 7.72538967123
109 5 7.72538967123
110 5 7.72538967123
111 5 7.72538967123
112 5 7.72538967123
113 5 7.72538967123
114 5 7.72538967123
115 5 7.72538967123
116 5 7.72538967123
117 5 7.72538967123
118 5 7.72538967123
119 5 7.72538967123
120 5 7.72538967123
121 6 12.4001150139
122 6 12.4001150139
123 6 12.4001150139
124 6 12.4001150139
125 6 12.4001150139
126 6 12.4001150139
127 6 12.4001150139
128 6 12.4001150139
129 6 12.4001150139
130 6 12.4001150139
131 6 12.4001150139
132 6 12.4001150139
133 6 12.4001150139
134 6 12.4001150139
135 6 12.4001150139
136 6 12.4001150139
137 6 12.4001150139
138 6 12.4001150139
139 6 12.4001150139
140 6 12.4001150139
141 7 12.1330044222
142 7 12.1330044222
143 7 12.1330044222
144 7 12.1330044222
145 7 12.1330044222
146 7 12.1330044222
147 7 12.1330044222
148 7 12.1330044222
149 7 12.1330044222
150 7 12.1330044222
151 7 12.1330044222
152 7 12.1330044222
153 7 12.1330044222
154 7 12.1330044222
155 7 12.1330044222
156 7 12.1330044222
157 7 12.1330044222
