1 0 20.4971803775
2 0 20.4971803775
3 0 20.4971803775
4 0 20.4971803775
5 0 20.4971803775
6 0 20.4971803775
7 0 20.4971803775
8 0 20.4971803775
9 0 20.4971803775
10 0 20.4971803775
11 0 20.4971803775
12 0 20.4971803775
13 0 20.4971803775
14 0 20.4971803775
15 0 20.4971803775
16 0 20.4971803775
17 0 20.4971803775
18 0 20.4971803775
19 0 20.4971803775
20 0 20.4971803775
21 1 12.0847579546
22 1 12.0847579546
23 2 0.0
24 3 0.0
25 4 0.0
26 5 0.0
27 6 0.0
28 7 0.0
29 8 0.0
30 9 0.0
31 10 0.0
32 11 0.0
33 12 0.0
34 13 0.0
35 14 0.0
36 15 0.0
37 16 0.0
38 17 0.0
39 18 0.0
40 19 0.0
41 20 0.0
42 21 0.0
43 22 0.0
44 23 0.0
45 24 0.0
46 25 0.0
47 26 0.0
48 27 0.0
49 28 0.0
50 29 0.0
51 30 0.0
52 31 0.0
53 32 0.0
54 33 0.0
55 34 0.0
56 35 0.0
57 36 0.0
58 37 0.0
59 38 0.0
60 39 0.0
61 40 0.0
62 41 0.0
63 42 0.0
64 43 0.0
65 44 0.0
66 45 0.0
67 46 0.0
68 47 0.0
69 48 0.0
70 49 0.0
71 50 0.0
72 51 0.0
73 52 0.0
74 53 0.0
75 54 0.0
76 55 0.0
77 56 0.0
78 57 0.0
79 58 0.0
80 59 0.0
81 60 0.0
82 61 0.0
83 62 0.0
84 63 0.0
85 64 0.0
86 65 0.0
87 66 0.0
88 67 0.0
89 68 0.0
90 69 0.0
91 70 0.0
92 71 0.0
93 72 0.0
94 73 0.0
95 74 0.0
96 75 0.0
97 76 0.0
98 77 0.0
99 78 0.0
100 79 0.0
101 80 0.0
102 81 0.0
103 82 0.0
104 83 0.0
105 84 0.0
106 85 0.0
107 86 0.0
108 87 0.0
109 88 0.0
110 89 0.0
111 90 0.0
112 91 0.0
113 92 0.0
114 93 0.0
115 94 0.0
116 95 0.0
117 96 0.0
118 97 0.0
119 98 0.0
120 99 0.0
121 100 0.0
122 101 0.0
123 102 0.0
124 103 0.0
125 104 0.0
126 105 0.0
127 106 0.0
128 107 0.0
129 108 0.0
130 109 0.0
131 110 0.0
132 111 0.0
133 112 0.0
134 113 0.0
135 114 0.0
136 115 0.0
137 116 0.0
138 117 0.0
139 118 0.0
140 119 0.0
141 120 0.0
142 121 0.0
143 122 0.0
144 123 0.0
145 124 0.0
146 125 0.0
147 126 0.0
148 127 0.0
149 128 0.0
150 129 0.0
151 130 0.0
152 131 0.0
153 132 0.0
154 133 0.0
155 134 0.0
156 135 0.0
157 136 0.0
158 137 0.0
159 138 0.0
160 139 0.0
161 140 0.0
162 141 0.0
163 142 0.0
164 143 0.0
165 144 0.0
166 145 0.0
167 146 0.0
168 147 0.0
169 148 0.0
170 149 0.0
171 150 0.0
172 151 0.0
173 152 0.0
174 153 12.3523905154
175 153 12.3523905154
176 153 12.3523905154
177 153 12.3523905154
178 153 12.3523905154
179 153 12.3523905154
180 153 12.3523905154
181 153 12.3523905154
182 154 0.0
183 155 0.0
184 156 0.0
185 157 0.0
186 158 0.0
187 159 0.0
188 160 0.0
189 161 0.0
190 162 0.0
191 163 0.0
192 164 0.0
193 165 0.0
194 166 0.0
195 167 0.0
196 168 0.0
197 169 0.0
198 170 0.0
199 171 0.0
200 172 0.0
201 173 0.0
202 174 0.0
203 175 0.0
204 176 0.0
205 177 0.0
206 178 0.0
207 179 0.0
208 180 0.0
209 181 0.0
210 182 0.0
211 183 0.0
212 184 0.0
213 185 0.0
214 186 0.0
215 187 13.1230729875
216 187 13.1230729875
217 187 13.1230729875
218 187 13.1230729875
219 187 13.1230729875
220 187 13.1230729875
221 187 13.1230729875
222 187 13.1230729875
223 187 13.1230729875
