1 0 18.2802103575
2 0 18.2802103575
3 0 18.2802103575
4 0 18.2802103575
5 0 18.2802103575
6 0 18.2802103575
7 0 18.2802103575
8 0 18.2802103575
9 0 18.2802103575
10 0 18.2802103575
11 0 18.2802103575
12 0 18.2802103575
13 0 18.2802103575
14 0 18.2802103575
15 0 18.2802103575
16 0 18.2802103575
17 0 18.2802103575
18 0 18.2802103575
19 0 18.2802103575
20 0 18.2802103575
21 1 9.64991735006
22 1 9.64991735006
23 1 9.64991735006
24 1 9.64991735006
25 1 9.64991735006
26 1 9.64991735006
27 1 9.64991735006
28 1 9.64991735006
29 1 9.64991735006
30 1 9.64991735006
31 1 9.64991735006
32 1 9.64991735006
33 1 9.64991735006
34 1 9.64991735006
35 1 9.64991735006
36 1 9.64991735006
37 1 9.64991735006
38 1 9.64991735006
39 1 9.64991735006
40 1 9.64991735006
41 2 9.38039808659
42 2 9.38039808659
43 2 9.38039808659
44 2 9.38039808659
45 2 9.38039808659
46 2 9.38039808659
47 2 9.38039808659
48 2 9.38039808659
49 2 9.38039808659
50 2 9.38039808659
51 2 9.38039808659
52 2 9.38039808659
53 2 9.38039808659
54 2 9.38039808659
55 2 9.38039808659
56 2 9.38039808659
57 2 9.38039808659
58 2 9.38039808659
59 2 9.38039808659
60 2 9.38039808659
61 3 14.2036327152
62 3 14.2036327152
63 3 14.2036327152
64 3 14.2036327152
65 4 6.68599803905
66 5 7.31016896224
67 6 7.32219291063
68 7 6.14796629625
69 8 5.98750904063
70 9 6.49702317638
71 10 6.06140125498
72 11 5.38876988447
73 12 5.58286686398
74 13 5.67053850087
75 14 5.37919826213
76 15 5.52417877726
77 16 5.55035018863
78 17 5.50583604176
79 18 5.97124824677
80 19 6.61077170708
81 20 7.24483634124
82 21 8.2633178468
83 25 9.41649098087
84 26 10.4924653215
85 27 10.4743896525
86 28 9.22471138519
87 29 9.1947741129
88 30 9.66511836243
89 31 8.94965162468
90 32 7.9610578767
91 33 8.28910083141
92 34 8.51255892373
93 35 7.38144620106
94 36 7.01951673802
95 37 7.68805547998
96 38 7.16626312761
97 39 6.17584945318
98 40 6.58429745295
99 41 6.77141921895
100 42 5.91072052939
101 43 5.81635113572
102 44 6.49151166651
103 45 6.10692330052
104 46 5.81338417556
105 47 6.55391974681
106 48 6.75501542988
107 49 6.34024514964
108 50 7.05870583661
109 51 7.85779974621
110 52 8.80884332165
111 53 9.62930798675
112 54 10.4404496515
113 55 10.2282691365
114 56 9.76837976831
115 57 8.56551317443
116 58 9.09653141062
117 59 10.3029952629
118 60 11.4251142331
119 61 12.1473928675
120 62 13.3603032503
121 63 12.4527774305
122 64 11.8251484109
123 65 13.2302417756
124 66 13.5124613864
125 67 12.3455934134
126 68 12.8997314651
127 69 14.2301118198
128 70 13.6389676279
129 71 12.9730012902
130 72 14.1987644346
131 73 14.8774722271
132 74 13.8776981245
133 75 14.0891865444
134 76 15.4806147424
135 77 15.1788122884
136 78 14.2095064883
137 79 15.1557985537
138 80 16.1525365545
139 81 15.2602241279
140 82 15.0832559658
141 83 16.4740447398
142 84 16.5821421508
143 85 15.5483383787
144 86 16.2292766794
145 87 17.5053524072
146 88 17.0224856335
147 89 16.38489112
148 90 17.669787511
149 91 18.4093814857
