1 0 6.24304913488
2 1 7.03718069685
3 2 7.00804794906
4 3 6.18096684373
5 4 6.43617037558
6 5 7.13180706807
7 6 6.88497288636
8 7 6.23649808381
9 8 6.88703320894
10 9 7.6533188323
11 10 7.01614701394
12 11 6.60506467666
13 12 7.60975558421
14 13 8.27485677038
15 14 7.37563856503
16 15 7.36986525811
17 16 8.71333278975
18 17 8.84869573624
19 18 7.88432912405
20 19 8.71608191877
21 20 10.2026061209
22 21 9.57590008245
23 22 8.82161678546
24 23 10.189224862
25 24 11.4257138491
26 25 10.5173479842
27 26 10.0145838224
28 27 11.667236334
29 28 12.789369387
30 29 11.7980046984
31 30 11.030430961
32 31 9.96247907026
33 32 11.3389858782
34 33 11.7360218759
35 34 10.9530376519
36 35 11.782570798
37 36 13.0976616349
38 37 14.3107228041
39 38 13.6435147019
40 39 14.4139808594
41 40 14.9578252989
42 41 15.8500874821
43 42 14.807481248
44 43 15.0292961965
45 44 14.2817415776
46 45 14.2284333701
47 46 14.687328106
48 47 14.5129100763
49 48 15.8578929028
50 49 15.6472549249
51 50 16.0119218846
52 51 14.9675694222
53 52 15.2978138332
54 53 14.9465415541
55 54 13.4874993973
56 55 12.9997496524
57 56 13.3540441831
58 57 12.5171830907
59 58 11.1658616357
60 59 11.118030408
61 60 11.2325627975
62 61 10.1780915241
63 62 9.11853308397
64 63 9.51700709572
65 64 8.91269987747
66 65 7.76042773461
67 66 7.81120124699
68 67 7.82157403277
69 68 7.0252724275
70 69 6.50923004659
71 70 6.89509616232
72 71 6.45829245405
73 72 5.96069909598
74 73 6.30357207925
75 74 6.31247708138
76 75 5.79522828828
77 76 6.13376197551
78 77 6.76881596629
79 78 6.11550829919
80 79 6.16564773207
81 80 6.5730785208
82 81 7.82910973553
83 82 7.86038475532
84 83 9.49738962329
85 84 9.86191657253
86 85 10.8301415428
87 86 11.0682322392
88 87 12.5102555401
89 88 11.555709044
90 89 10.2574616445
91 90 11.5848341658
92 91 12.1009861318
93 92 10.5453520319
94 93 10.569415041
95 94 12.107626434
96 95 11.5972515424
97 96 10.2636715349
98 97 11.3444591462
99 98 12.2542741096
100 99 10.9821346525
101 100 10.7074490621
102 101 12.2008634635
103 102 11.9150949292
104 103 10.5329205229
105 104 11.3158192136
106 105 12.3962819474
107 106 11.3454483766
108 107 10.9509360591
109 108 12.3054058406
110 109 12.3499891036
111 110 11.2228130058
112 111 11.9044520264
113 112 13.0375914394
114 113 12.4887311703
115 114 11.9956967602
116 115 13.1484862184
117 116 13.6935517862
118 117 13.0489304748
119 118 13.3801272564
120 119 14.4698021017
121 120 14.3566038677
122 121 14.0159833064
123 122 14.7021151487
124 123 15.4611467768
125 124 15.1455791548
126 125 14.9268247748
127 126 15.9298830001
128 127 16.2533231425
129 128 7.96385773355
130 128 7.96385773355
131 128 7.96385773355
132 128 7.96385773355
133 128 7.96385773355
134 128 7.96385773355
135 128 7.96385773355
136 128 7.96385773355
137 128 7.96385773355
138 128 7.96385773355
139 128 7.96385773355
140 128 7.96385773355
