1 0 21.5718262879
2 0 21.5718262879
3 0 21.5718262879
4 0 21.5718262879
5 0 21.5718262879
6 0 21.5718262879
7 0 21.5718262879
8 0 21.5718262879
9 0 21.5718262879
10 0 21.5718262879
11 0 21.5718262879
12 0 21.5718262879
13 0 21.5718262879
14 0 21.5718262879
15 0 21.5718262879
16 0 21.5718262879
17 0 21.5718262879
18 0 21.5718262879
19 0 21.5718262879
20 0 21.5718262879
21 1 23.0628890379
22 1 23.0628890379
23 1 23.0628890379
24 1 23.0628890379
25 1 23.0628890379
26 1 23.0628890379
27 1 23.0628890379
28 1 23.0628890379
29 1 23.0628890379
30 1 23.0628890379
31 1 23.0628890379
32 1 23.0628890379
33 1 23.0628890379
34 1 23.0628890379
35 1 23.0628890379
36 1 23.0628890379
37 1 23.0628890379
38 1 23.0628890379
39 1 23.0628890379
40 1 23.0628890379
41 2 22.2427549054
42 2 22.2427549054
43 2 22.2427549054
44 2 22.2427549054
45 2 22.2427549054
46 2 22.2427549054
47 2 22.2427549054
48 2 22.2427549054
49 2 22.2427549054
50 2 22.2427549054
51 2 22.2427549054
52 2 22.2427549054
53 2 22.2427549054
54 2 22.2427549054
55 2 22.2427549054
56 2 22.2427549054
57 2 22.2427549054
58 2 22.2427549054
59 2 22.2427549054
60 2 22.2427549054
61 3 18.3353108066
62 3 18.3353108066
63 3 18.3353108066
64 3 18.3353108066
65 3 18.3353108066
66 3 18.3353108066
67 3 18.3353108066
68 3 18.3353108066
69 3 18.3353108066
70 3 18.3353108066
71 3 18.3353108066
72 3 18.3353108066
73 3 18.3353108066
74 3 18.3353108066
75 3 18.3353108066
76 3 18.3353108066
77 3 18.3353108066
78 3 18.3353108066
79 3 18.3353108066
80 3 18.3353108066
81 4 11.5647024429
82 4 11.5647024429
83 4 11.5647024429
84 4 11.5647024429
85 4 11.5647024429
86 4 11.5647024429
87 4 11.5647024429
88 4 11.5647024429
89 4 11.5647024429
90 4 11.5647024429
91 4 11.5647024429
92 4 11.5647024429
93 4 11.5647024429
94 4 11.5647024429
95 4 11.5647024429
96 4 11.5647024429
97 4 11.5647024429
98 4 11.5647024429
99 4 11.5647024429
100 4 11.5647024429
101 5 19.2491329443
102 5 19.2491329443
103 5 19.2491329443
104 5 19.2491329443
105 5 19.2491329443
106 5 19.2491329443
107 5 19.2491329443
108 5 19.2491329443
109 5 19.2491329443
110 5 19.2491329443
111 5 19.2491329443
112 5 19.2491329443
113 5 19.2491329443
114 5 19.2491329443
115 5 19.2491329443
116 5 19.2491329443
117 5 19.2491329443
118 5 19.2491329443
119 5 19.2491329443
120 5 19.2491329443
121 6 16.4459117143
122 6 16.4459117143
123 6 16.4459117143
124 6 16.4459117143
125 6 16.4459117143
126 6 16.4459117143
127 6 16.4459117143
128 6 16.4459117143
129 6 16.4459117143
130 6 16.4459117143
131 6 16.4459117143
132 6 16.4459117143
133 6 16.4459117143
134 6 16.4459117143
135 6 16.4459117143
136 6 16.4459117143
137 6 16.4459117143
138 6 16.4459117143
139 6 16.4459117143
140 6 16.4459117143
141 7 18.0461266656
142 7 18.0461266656
143 7 18.0461266656
144 7 18.0461266656
145 7 18.0461266656
146 7 18.0461266656
147 7 18.0461266656
148 7 18.0461266656
149 7 18.0461266656
150 7 18.0461266656
151 7 18.0461266656
152 7 18.0461266656
153 7 18.0461266656
154 7 18.0461266656
155 7 18.0461266656
156 7 18.0461266656
157 7 18.0461266656
158 7 18.0461266656
159 7 18.0461266656
160 7 18.0461266656
161 8 17.9042849942
162 8 17.9042849942
163 8 17.9042849942
164 8 17.9042849942
165 8 17.9042849942
166 8 17.9042849942
167 8 17.9042849942
168 8 17.9042849942
169 8 17.9042849942
170 8 17.9042849942
171 8 17.9042849942
172 8 17.9042849942
173 8 17.9042849942
174 8 17.9042849942
175 8 17.9042849942
176 8 17.9042849942
177 8 17.9042849942
178 8 17.9042849942
179 8 17.9042849942
180 8 17.9042849942
181 9 14.1805380966
182 9 14.1805380966
183 9 14.1805380966
184 9 14.1805380966
185 9 14.1805380966
186 9 14.1805380966
187 9 14.1805380966
188 9 14.1805380966
189 9 14.1805380966
190 9 14.1805380966
191 9 14.1805380966
192 9 14.1805380966
193 9 14.1805380966
194 9 14.1805380966
195 9 14.1805380966
196 9 14.1805380966
197 9 14.1805380966
198 9 14.1805380966
199 9 14.1805380966
200 9 14.1805380966
201 10 15.0516526512
202 10 15.0516526512
203 10 15.0516526512
204 10 15.0516526512
205 10 15.0516526512
206 10 15.0516526512
207 10 15.0516526512
208 10 15.0516526512
209 10 15.0516526512
210 10 15.0516526512
211 10 15.0516526512
212 10 15.0516526512
213 10 15.0516526512
214 10 15.0516526512
215 10 15.0516526512
216 10 15.0516526512
217 10 15.0516526512
218 10 15.0516526512
219 10 15.0516526512
220 10 15.0516526512
