1 0 19.3965766037
2 0 19.3965766037
3 0 19.3965766037
4 0 19.3965766037
5 0 19.3965766037
6 0 19.3965766037
7 0 19.3965766037
8 0 19.3965766037
9 0 19.3965766037
10 0 19.3965766037
11 0 19.3965766037
12 0 19.3965766037
13 0 19.3965766037
14 0 19.3965766037
15 0 19.3965766037
16 0 19.3965766037
17 0 19.3965766037
18 0 19.3965766037
19 0 19.3965766037
20 0 19.3965766037
21 1 18.4396084026
22 1 18.4396084026
23 1 18.4396084026
24 1 18.4396084026
25 1 18.4396084026
26 1 18.4396084026
27 1 18.4396084026
28 1 18.4396084026
29 1 18.4396084026
30 1 18.4396084026
31 1 18.4396084026
32 1 18.4396084026
33 1 18.4396084026
34 1 18.4396084026
35 1 18.4396084026
36 1 18.4396084026
37 1 18.4396084026
38 1 18.4396084026
39 1 18.4396084026
40 1 18.4396084026
41 2 13.2217388544
42 2 13.2217388544
43 2 13.2217388544
44 2 13.2217388544
45 2 13.2217388544
46 2 13.2217388544
47 2 13.2217388544
48 2 13.2217388544
49 2 13.2217388544
50 2 13.2217388544
51 2 13.2217388544
52 2 13.2217388544
53 2 13.2217388544
54 2 13.2217388544
55 2 13.2217388544
56 2 13.2217388544
57 2 13.2217388544
58 2 13.2217388544
59 2 13.2217388544
60 2 13.2217388544
61 3 18.5135698221
62 3 18.5135698221
63 3 18.5135698221
64 3 18.5135698221
65 3 18.5135698221
66 3 18.5135698221
67 3 18.5135698221
68 3 18.5135698221
69 3 18.5135698221
70 3 18.5135698221
71 3 18.5135698221
72 3 18.5135698221
73 3 18.5135698221
74 3 18.5135698221
75 3 18.5135698221
76 3 18.5135698221
77 3 18.5135698221
78 3 18.5135698221
79 3 18.5135698221
80 3 18.5135698221
81 4 21.8090650626
82 4 21.8090650626
83 4 21.8090650626
84 4 21.8090650626
85 4 21.8090650626
86 4 21.8090650626
87 4 21.8090650626
88 4 21.8090650626
89 4 21.8090650626
90 4 21.8090650626
91 4 21.8090650626
92 4 21.8090650626
93 4 21.8090650626
94 4 21.8090650626
95 4 21.8090650626
96 4 21.8090650626
97 4 21.8090650626
98 4 21.8090650626
99 4 21.8090650626
100 4 21.8090650626
101 5 21.2870043332
102 5 21.2870043332
103 5 21.2870043332
104 5 21.2870043332
105 5 21.2870043332
106 5 21.2870043332
107 5 21.2870043332
108 5 21.2870043332
109 5 21.2870043332
110 5 21.2870043332
111 5 21.2870043332
112 5 21.2870043332
113 5 21.2870043332
114 5 21.2870043332
115 5 21.2870043332
116 5 21.2870043332
117 5 21.2870043332
118 5 21.2870043332
119 5 21.2870043332
120 5 21.2870043332
121 6 18.2529816736
122 6 18.2529816736
123 6 18.2529816736
124 6 18.2529816736
125 6 18.2529816736
126 6 18.2529816736
127 6 18.2529816736
128 6 18.2529816736
129 6 18.2529816736
130 6 18.2529816736
131 6 18.2529816736
132 6 18.2529816736
133 6 18.2529816736
134 6 18.2529816736
135 6 18.2529816736
136 6 18.2529816736
137 6 18.2529816736
138 6 18.2529816736
139 6 18.2529816736
140 6 18.2529816736
141 7 21.7299490254
142 7 21.7299490254
143 7 21.7299490254
144 7 21.7299490254
145 7 21.7299490254
146 7 21.7299490254
147 7 21.7299490254
148 7 21.7299490254
149 7 21.7299490254
150 7 21.7299490254
151 7 21.7299490254
152 7 21.7299490254
153 7 21.7299490254
154 7 21.7299490254
155 7 21.7299490254
156 7 21.7299490254
157 7 21.7299490254
158 7 21.7299490254
159 7 21.7299490254
160 7 21.7299490254
161 8 20.5036625768
162 8 20.5036625768
163 8 20.5036625768
164 8 20.5036625768
165 8 20.5036625768
166 8 20.5036625768
167 8 20.5036625768
168 8 20.5036625768
169 8 20.5036625768
170 8 20.5036625768
171 8 20.5036625768
172 8 20.5036625768
173 8 20.5036625768
174 8 20.5036625768
175 8 20.5036625768
176 8 20.5036625768
177 8 20.5036625768
178 8 20.5036625768
179 8 20.5036625768
180 8 20.5036625768
181 9 16.9690279388
182 9 16.9690279388
183 9 16.9690279388
184 9 16.9690279388
185 9 16.9690279388
186 9 16.9690279388
187 9 16.9690279388
188 9 16.9690279388
189 9 16.9690279388
190 9 16.9690279388
191 9 16.9690279388
192 9 16.9690279388
193 9 16.9690279388
194 9 16.9690279388
195 9 16.9690279388
196 9 16.9690279388
197 9 16.9690279388
198 9 16.9690279388
199 9 16.9690279388
200 9 16.9690279388
201 10 16.5642002564
202 10 16.5642002564
203 10 16.5642002564
204 10 16.5642002564
205 10 16.5642002564
206 10 16.5642002564
207 10 16.5642002564
208 10 16.5642002564
209 10 16.5642002564
210 10 16.5642002564
211 10 16.5642002564
212 10 16.5642002564
213 10 16.5642002564
214 10 16.5642002564
215 10 16.5642002564
216 10 16.5642002564
217 10 16.5642002564
218 10 16.5642002564
219 10 16.5642002564
220 10 16.5642002564
221 11 15.6300502174
222 11 15.6300502174
223 11 15.6300502174
224 11 15.6300502174
225 11 15.6300502174
226 11 15.6300502174
227 11 15.6300502174
228 11 15.6300502174
229 11 15.6300502174
230 11 15.6300502174
231 11 15.6300502174
232 11 15.6300502174
233 11 15.6300502174
234 11 15.6300502174
235 11 15.6300502174
236 11 15.6300502174
237 11 15.6300502174
238 11 15.6300502174
239 11 15.6300502174
240 11 15.6300502174
241 12 15.834042464
242 12 15.834042464
243 12 15.834042464
244 12 15.834042464
245 12 15.834042464
246 12 15.834042464
247 12 15.834042464
248 12 15.834042464
249 12 15.834042464
250 12 15.834042464
251 12 15.834042464
252 12 15.834042464
253 12 15.834042464
254 12 15.834042464
255 12 15.834042464
256 12 15.834042464
257 12 15.834042464
258 12 15.834042464
259 12 15.834042464
260 12 15.834042464
261 13 9.12943539422
262 13 9.12943539422
263 13 9.12943539422
264 13 9.12943539422
265 13 9.12943539422
266 13 9.12943539422
267 13 9.12943539422
268 13 9.12943539422
269 13 9.12943539422
270 13 9.12943539422
271 13 9.12943539422
272 13 9.12943539422
273 13 9.12943539422
274 13 9.12943539422
275 13 9.12943539422
276 13 9.12943539422
277 13 9.12943539422
278 13 9.12943539422
279 13 9.12943539422
280 13 9.12943539422
281 14 17.8956100583
282 14 17.8956100583
283 14 17.8956100583
284 14 17.8956100583
285 14 17.8956100583
286 14 17.8956100583
287 14 17.8956100583
288 14 17.8956100583
289 14 17.8956100583
290 14 17.8956100583
291 14 17.8956100583
292 14 17.8956100583
293 14 17.8956100583
294 14 17.8956100583
295 14 17.8956100583
296 14 17.8956100583
297 14 17.8956100583
298 14 17.8956100583
299 14 17.8956100583
300 14 17.8956100583
301 15 17.6883787777
302 15 17.6883787777
303 15 17.6883787777
304 15 17.6883787777
305 15 17.6883787777
306 15 17.6883787777
307 15 17.6883787777
308 15 17.6883787777
309 15 17.6883787777
310 15 17.6883787777
311 15 17.6883787777
312 15 17.6883787777
313 15 17.6883787777
314 15 17.6883787777
315 15 17.6883787777
316 15 17.6883787777
317 15 17.6883787777
318 15 17.6883787777
319 15 17.6883787777
320 15 17.6883787777
321 16 17.46325795
322 16 17.46325795
323 16 17.46325795
324 16 17.46325795
325 16 17.46325795
326 16 17.46325795
327 16 17.46325795
328 16 17.46325795
329 16 17.46325795
330 16 17.46325795
331 16 17.46325795
332 16 17.46325795
333 16 17.46325795
334 16 17.46325795
335 16 17.46325795
336 16 17.46325795
337 16 17.46325795
338 16 17.46325795
339 16 17.46325795
340 16 17.46325795
341 17 10.2054313083
342 17 10.2054313083
343 17 10.2054313083
344 17 10.2054313083
345 17 10.2054313083
346 17 10.2054313083
347 17 10.2054313083
348 17 10.2054313083
349 17 10.2054313083
350 17 10.2054313083
351 17 10.2054313083
352 17 10.2054313083
353 17 10.2054313083
354 17 10.2054313083
355 17 10.2054313083
356 17 10.2054313083
357 17 10.2054313083
358 17 10.2054313083
359 17 10.2054313083
360 17 10.2054313083
361 18 10.7357682044
362 18 10.7357682044
363 18 10.7357682044
364 18 10.7357682044
365 18 10.7357682044
366 18 10.7357682044
367 18 10.7357682044
368 18 10.7357682044
369 18 10.7357682044
370 18 10.7357682044
371 18 10.7357682044
372 18 10.7357682044
373 18 10.7357682044
374 18 10.7357682044
375 18 10.7357682044
376 18 10.7357682044
377 18 10.7357682044
378 18 10.7357682044
379 18 10.7357682044
380 18 10.7357682044
381 19 15.5679547272
382 19 15.5679547272
383 19 15.5679547272
384 19 15.5679547272
385 19 15.5679547272
386 19 15.5679547272
387 19 15.5679547272
388 19 15.5679547272
389 19 15.5679547272
390 19 15.5679547272
391 19 15.5679547272
392 19 15.5679547272
393 19 15.5679547272
394 19 15.5679547272
395 19 15.5679547272
396 19 15.5679547272
397 19 15.5679547272
398 19 15.5679547272
399 19 15.5679547272
400 19 15.5679547272
401 20 17.1710581464
402 20 17.1710581464
403 20 17.1710581464
404 20 17.1710581464
405 20 17.1710581464
406 20 17.1710581464
407 20 17.1710581464
408 20 17.1710581464
409 20 17.1710581464
410 20 17.1710581464
411 20 17.1710581464
412 20 17.1710581464
413 20 17.1710581464
414 20 17.1710581464
415 20 17.1710581464
416 20 17.1710581464
417 20 17.1710581464
418 20 17.1710581464
419 20 17.1710581464
420 20 17.1710581464
421 21 10.1525141105
422 21 10.1525141105
423 21 10.1525141105
424 21 10.1525141105
425 21 10.1525141105
426 21 10.1525141105
427 21 10.1525141105
428 21 10.1525141105
429 21 10.1525141105
430 21 10.1525141105
431 21 10.1525141105
432 21 10.1525141105
433 21 10.1525141105
434 21 10.1525141105
435 21 10.1525141105
436 21 10.1525141105
437 21 10.1525141105
438 21 10.1525141105
439 21 10.1525141105
440 21 10.1525141105
441 22 15.1477293311
442 22 15.1477293311
443 22 15.1477293311
444 22 15.1477293311
445 22 15.1477293311
446 22 15.1477293311
447 22 15.1477293311
448 22 15.1477293311
449 22 15.1477293311
450 22 15.1477293311
451 22 15.1477293311
452 22 15.1477293311
453 22 15.1477293311
454 22 15.1477293311
455 22 15.1477293311
456 22 15.1477293311
457 22 15.1477293311
458 22 15.1477293311
459 22 15.1477293311
460 22 15.1477293311
461 23 14.0806696308
462 23 14.0806696308
463 23 14.0806696308
464 23 14.0806696308
465 23 14.0806696308
466 23 14.0806696308
467 23 14.0806696308
468 23 14.0806696308
469 23 14.0806696308
470 23 14.0806696308
471 23 14.0806696308
472 23 14.0806696308
473 23 14.0806696308
474 23 14.0806696308
475 23 14.0806696308
476 23 14.0806696308
477 23 14.0806696308
478 23 14.0806696308
479 23 14.0806696308
480 23 14.0806696308
481 24 15.3814933074
482 24 15.3814933074
483 24 15.3814933074
484 24 15.3814933074
485 24 15.3814933074
486 24 15.3814933074
487 24 15.3814933074
488 24 15.3814933074
489 24 15.3814933074
490 24 15.3814933074
491 24 15.3814933074
492 24 15.3814933074
493 24 15.3814933074
494 24 15.3814933074
495 24 15.3814933074
496 24 15.3814933074
497 24 15.3814933074
498 24 15.3814933074
499 24 15.3814933074
500 24 15.3814933074
501 25 12.6280122996
502 25 12.6280122996
503 25 12.6280122996
504 25 12.6280122996
505 25 12.6280122996
506 25 12.6280122996
507 25 12.6280122996
508 25 12.6280122996
509 25 12.6280122996
510 25 12.6280122996
511 25 12.6280122996
512 25 12.6280122996
513 25 12.6280122996
514 25 12.6280122996
515 25 12.6280122996
516 25 12.6280122996
517 25 12.6280122996
518 25 12.6280122996
519 25 12.6280122996
520 25 12.6280122996
521 26 11.4393165581
522 26 11.4393165581
523 26 11.4393165581
524 26 11.4393165581
525 26 11.4393165581
526 26 11.4393165581
527 26 11.4393165581
528 26 11.4393165581
529 26 11.4393165581
530 26 11.4393165581
531 26 11.4393165581
532 26 11.4393165581
533 26 11.4393165581
534 26 11.4393165581
535 26 11.4393165581
536 26 11.4393165581
537 26 11.4393165581
538 26 11.4393165581
539 26 11.4393165581
540 26 11.4393165581
541 27 12.1610882463
542 27 12.1610882463
543 27 12.1610882463
544 27 12.1610882463
545 27 12.1610882463
546 27 12.1610882463
547 27 12.1610882463
548 27 12.1610882463
549 27 12.1610882463
550 27 12.1610882463
551 27 12.1610882463
552 27 12.1610882463
553 27 12.1610882463
554 27 12.1610882463
555 27 12.1610882463
556 27 12.1610882463
557 27 12.1610882463
558 27 12.1610882463
559 27 12.1610882463
560 27 12.1610882463
561 28 14.1163588952
562 28 14.1163588952
563 28 14.1163588952
564 28 14.1163588952
565 28 14.1163588952
566 28 14.1163588952
567 28 14.1163588952
568 28 14.1163588952
569 28 14.1163588952
570 28 14.1163588952
571 28 14.1163588952
572 28 14.1163588952
573 28 14.1163588952
574 28 14.1163588952
575 28 14.1163588952
576 28 14.1163588952
577 28 14.1163588952
578 28 14.1163588952
579 28 14.1163588952
580 28 14.1163588952
581 29 9.00133024248
582 29 9.00133024248
583 29 9.00133024248
584 29 9.00133024248
585 29 9.00133024248
586 29 9.00133024248
587 29 9.00133024248
588 29 9.00133024248
589 29 9.00133024248
590 29 9.00133024248
591 29 9.00133024248
592 29 9.00133024248
593 29 9.00133024248
594 29 9.00133024248
595 29 9.00133024248
596 29 9.00133024248
597 29 9.00133024248
598 29 9.00133024248
599 29 9.00133024248
600 29 9.00133024248
601 30 20.4852449625
602 30 20.4852449625
603 30 20.4852449625
604 30 20.4852449625
605 30 20.4852449625
606 30 20.4852449625
607 30 20.4852449625
608 30 20.4852449625
609 30 20.4852449625
610 30 20.4852449625
611 30 20.4852449625
612 30 20.4852449625
613 30 20.4852449625
614 30 20.4852449625
615 30 20.4852449625
616 30 20.4852449625
617 30 20.4852449625
618 30 20.4852449625
619 30 20.4852449625
620 30 20.4852449625
621 31 23.761369511
622 31 23.761369511
623 31 23.761369511
624 31 23.761369511
625 31 23.761369511
626 31 23.761369511
627 31 23.761369511
628 31 23.761369511
629 31 23.761369511
630 31 23.761369511
631 31 23.761369511
632 31 23.761369511
633 31 23.761369511
634 31 23.761369511
635 31 23.761369511
636 31 23.761369511
637 31 23.761369511
638 31 23.761369511
639 31 23.761369511
640 31 23.761369511
641 32 20.8668916195
642 32 20.8668916195
643 32 20.8668916195
644 32 20.8668916195
645 32 20.8668916195
646 32 20.8668916195
647 32 20.8668916195
648 32 20.8668916195
649 32 20.8668916195
650 32 20.8668916195
651 32 20.8668916195
652 32 20.8668916195
653 32 20.8668916195
654 32 20.8668916195
655 32 20.8668916195
656 32 20.8668916195
657 32 20.8668916195
658 32 20.8668916195
659 32 20.8668916195
660 32 20.8668916195
661 33 13.249156688
662 33 13.249156688
663 33 13.249156688
664 33 13.249156688
665 33 13.249156688
666 33 13.249156688
667 33 13.249156688
668 33 13.249156688
669 33 13.249156688
670 33 13.249156688
671 33 13.249156688
672 33 13.249156688
673 33 13.249156688
674 33 13.249156688
675 33 13.249156688
676 33 13.249156688
677 33 13.249156688
678 33 13.249156688
679 33 13.249156688
680 33 13.249156688
681 34 23.5374742097
682 34 23.5374742097
683 34 23.5374742097
684 34 23.5374742097
685 34 23.5374742097
686 34 23.5374742097
687 34 23.5374742097
688 34 23.5374742097
689 34 23.5374742097
690 34 23.5374742097
691 34 23.5374742097
692 34 23.5374742097
693 34 23.5374742097
694 34 23.5374742097
695 34 23.5374742097
696 34 23.5374742097
697 34 23.5374742097
698 34 23.5374742097
699 34 23.5374742097
700 34 23.5374742097
701 35 26.4233435634
702 35 26.4233435634
703 35 26.4233435634
704 35 26.4233435634
705 35 26.4233435634
706 35 26.4233435634
707 35 26.4233435634
708 35 26.4233435634
709 35 26.4233435634
710 35 26.4233435634
711 35 26.4233435634
712 36 25.9988264461
713 36 25.9988264461
714 36 25.9988264461
715 36 25.9988264461
716 36 25.9988264461
717 36 25.9988264461
718 36 25.9988264461
719 36 25.9988264461
720 36 25.9988264461
721 36 25.9988264461
722 36 25.9988264461
723 36 25.9988264461
724 36 25.9988264461
725 36 25.9988264461
726 36 25.9988264461
727 36 25.9988264461
728 36 25.9988264461
729 36 25.9988264461
730 36 25.9988264461
731 36 25.9988264461
732 36 25.9988264461
733 36 25.9988264461
734 36 25.9988264461
735 36 25.9988264461
736 36 25.9988264461
737 36 25.9988264461
738 36 25.9988264461
739 36 25.9988264461
740 36 25.9988264461
741 36 25.9988264461
742 36 25.9988264461
743 36 25.9988264461
744 36 25.9988264461
745 36 25.9988264461
746 36 25.9988264461
747 36 25.9988264461
748 36 25.9988264461
749 36 25.9988264461
750 36 25.9988264461
751 36 25.9988264461
752 37 19.2059315113
753 37 19.2059315113
754 37 19.2059315113
755 37 19.2059315113
756 37 19.2059315113
757 37 19.2059315113
758 37 19.2059315113
759 37 19.2059315113
760 37 19.2059315113
761 37 19.2059315113
762 37 19.2059315113
763 37 19.2059315113
764 37 19.2059315113
765 37 19.2059315113
766 37 19.2059315113
767 37 19.2059315113
768 37 19.2059315113
769 37 19.2059315113
770 37 19.2059315113
771 37 19.2059315113
772 37 19.2059315113
773 37 19.2059315113
774 37 19.2059315113
775 37 19.2059315113
776 37 19.2059315113
777 37 19.2059315113
778 37 19.2059315113
779 37 19.2059315113
780 37 19.2059315113
781 37 19.2059315113
782 37 19.2059315113
783 37 19.2059315113
784 37 19.2059315113
785 37 19.2059315113
786 37 19.2059315113
787 37 19.2059315113
788 37 19.2059315113
789 37 19.2059315113
790 37 19.2059315113
791 37 19.2059315113
792 38 18.6448555749
793 38 18.6448555749
794 38 18.6448555749
795 38 18.6448555749
796 38 18.6448555749
797 38 18.6448555749
798 38 18.6448555749
799 38 18.6448555749
800 38 18.6448555749
801 38 18.6448555749
802 38 18.6448555749
803 38 18.6448555749
804 38 18.6448555749
805 38 18.6448555749
806 38 18.6448555749
807 38 18.6448555749
808 38 18.6448555749
809 38 18.6448555749
810 38 18.6448555749
811 38 18.6448555749
812 38 18.6448555749
813 38 18.6448555749
814 38 18.6448555749
815 38 18.6448555749
816 38 18.6448555749
817 38 18.6448555749
818 38 18.6448555749
819 38 18.6448555749
820 38 18.6448555749
821 38 18.6448555749
822 38 18.6448555749
823 38 18.6448555749
824 38 18.6448555749
825 38 18.6448555749
826 38 18.6448555749
827 38 18.6448555749
828 38 18.6448555749
829 38 18.6448555749
830 38 18.6448555749
831 38 18.6448555749
832 39 23.1955934095
833 39 23.1955934095
834 39 23.1955934095
835 39 23.1955934095
836 39 23.1955934095
837 39 23.1955934095
838 39 23.1955934095
839 39 23.1955934095
840 39 23.1955934095
841 39 23.1955934095
842 39 23.1955934095
843 39 23.1955934095
844 39 23.1955934095
845 39 23.1955934095
846 39 23.1955934095
847 39 23.1955934095
848 39 23.1955934095
849 39 23.1955934095
850 39 23.1955934095
851 39 23.1955934095
852 39 23.1955934095
853 39 23.1955934095
854 39 23.1955934095
855 39 23.1955934095
856 39 23.1955934095
857 39 23.1955934095
858 39 23.1955934095
859 39 23.1955934095
860 39 23.1955934095
861 39 23.1955934095
862 39 23.1955934095
863 39 23.1955934095
864 39 23.1955934095
865 39 23.1955934095
866 39 23.1955934095
867 39 23.1955934095
868 39 23.1955934095
869 39 23.1955934095
870 39 23.1955934095
871 39 23.1955934095
872 40 21.8003919852
873 40 21.8003919852
874 40 21.8003919852
875 40 21.8003919852
876 40 21.8003919852
877 40 21.8003919852
878 40 21.8003919852
879 40 21.8003919852
880 40 21.8003919852
881 40 21.8003919852
882 40 21.8003919852
883 40 21.8003919852
884 40 21.8003919852
885 40 21.8003919852
886 40 21.8003919852
887 40 21.8003919852
888 40 21.8003919852
889 40 21.8003919852
890 40 21.8003919852
891 40 21.8003919852
892 40 21.8003919852
893 40 21.8003919852
894 40 21.8003919852
895 40 21.8003919852
896 40 21.8003919852
897 40 21.8003919852
898 40 21.8003919852
899 40 21.8003919852
900 40 21.8003919852
901 40 21.8003919852
902 40 21.8003919852
903 40 21.8003919852
904 40 21.8003919852
905 40 21.8003919852
906 40 21.8003919852
907 40 21.8003919852
908 40 21.8003919852
909 40 21.8003919852
910 40 21.8003919852
911 40 21.8003919852
912 41 26.6881524627
913 41 26.6881524627
914 41 26.6881524627
915 41 26.6881524627
916 41 26.6881524627
917 41 26.6881524627
918 41 26.6881524627
919 41 26.6881524627
920 41 26.6881524627
921 41 26.6881524627
922 41 26.6881524627
923 41 26.6881524627
924 41 26.6881524627
925 41 26.6881524627
926 41 26.6881524627
927 41 26.6881524627
928 41 26.6881524627
929 41 26.6881524627
930 41 26.6881524627
931 41 26.6881524627
932 41 26.6881524627
933 41 26.6881524627
934 41 26.6881524627
935 41 26.6881524627
936 41 26.6881524627
937 41 26.6881524627
938 41 26.6881524627
939 41 26.6881524627
940 41 26.6881524627
941 41 26.6881524627
942 41 26.6881524627
943 41 26.6881524627
944 41 26.6881524627
945 41 26.6881524627
946 41 26.6881524627
947 41 26.6881524627
948 41 26.6881524627
949 41 26.6881524627
950 41 26.6881524627
951 41 26.6881524627
952 42 24.0370685386
953 42 24.0370685386
954 42 24.0370685386
955 42 24.0370685386
956 42 24.0370685386
957 42 24.0370685386
958 42 24.0370685386
959 42 24.0370685386
960 42 24.0370685386
961 42 24.0370685386
962 42 24.0370685386
963 42 24.0370685386
964 42 24.0370685386
965 42 24.0370685386
966 42 24.0370685386
967 42 24.0370685386
968 42 24.0370685386
969 42 24.0370685386
970 42 24.0370685386
971 42 24.0370685386
972 42 24.0370685386
973 42 24.0370685386
974 42 24.0370685386
975 42 24.0370685386
976 42 24.0370685386
977 42 24.0370685386
978 42 24.0370685386
979 42 24.0370685386
980 42 24.0370685386
981 42 24.0370685386
982 42 24.0370685386
983 42 24.0370685386
984 42 24.0370685386
985 42 24.0370685386
986 42 24.0370685386
987 42 24.0370685386
988 42 24.0370685386
989 42 24.0370685386
990 42 24.0370685386
991 42 24.0370685386
992 43 28.1449660252
993 43 28.1449660252
994 43 28.1449660252
995 43 28.1449660252
996 43 28.1449660252
997 43 28.1449660252
998 43 28.1449660252
999 43 28.1449660252
1000 43 28.1449660252
1001 43 28.1449660252
1002 43 28.1449660252
1003 43 28.1449660252
1004 43 28.1449660252
1005 43 28.1449660252
1006 43 28.1449660252
1007 43 28.1449660252
1008 43 28.1449660252
1009 43 28.1449660252
1010 43 28.1449660252
1011 43 28.1449660252
1012 43 28.1449660252
1013 43 28.1449660252
1014 43 28.1449660252
1015 43 28.1449660252
1016 43 28.1449660252
1017 43 28.1449660252
1018 43 28.1449660252
1019 43 28.1449660252
1020 43 28.1449660252
1021 43 28.1449660252
1022 43 28.1449660252
1023 43 28.1449660252
1024 43 28.1449660252
1025 43 28.1449660252
1026 43 28.1449660252
1027 43 28.1449660252
1028 43 28.1449660252
1029 43 28.1449660252
1030 43 28.1449660252
1031 43 28.1449660252
1032 44 26.3736367923
1033 44 26.3736367923
1034 44 26.3736367923
1035 44 26.3736367923
1036 44 26.3736367923
1037 44 26.3736367923
1038 44 26.3736367923
1039 44 26.3736367923
1040 44 26.3736367923
1041 44 26.3736367923
1042 44 26.3736367923
1043 44 26.3736367923
1044 44 26.3736367923
1045 44 26.3736367923
1046 44 26.3736367923
1047 44 26.3736367923
1048 44 26.3736367923
1049 44 26.3736367923
1050 44 26.3736367923
1051 44 26.3736367923
1052 44 26.3736367923
1053 44 26.3736367923
1054 44 26.3736367923
1055 44 26.3736367923
1056 44 26.3736367923
1057 44 26.3736367923
1058 44 26.3736367923
1059 44 26.3736367923
1060 44 26.3736367923
1061 44 26.3736367923
1062 44 26.3736367923
1063 44 26.3736367923
1064 44 26.3736367923
1065 44 26.3736367923
1066 44 26.3736367923
1067 44 26.3736367923
1068 44 26.3736367923
1069 44 26.3736367923
1070 44 26.3736367923
1071 44 26.3736367923
1072 45 25.9401275813
1073 45 25.9401275813
1074 45 25.9401275813
1075 45 25.9401275813
1076 45 25.9401275813
1077 45 25.9401275813
1078 45 25.9401275813
1079 45 25.9401275813
1080 45 25.9401275813
1081 45 25.9401275813
1082 45 25.9401275813
