1 0 22.0760363324
2 0 22.0760363324
3 0 22.0760363324
4 0 22.0760363324
5 0 22.0760363324
6 0 22.0760363324
7 0 22.0760363324
8 0 22.0760363324
9 0 22.0760363324
10 0 22.0760363324
11 0 22.0760363324
12 0 22.0760363324
13 0 22.0760363324
14 0 22.0760363324
15 0 22.0760363324
16 0 22.0760363324
17 0 22.0760363324
18 0 22.0760363324
19 0 22.0760363324
20 0 22.0760363324
21 0 22.0760363324
22 0 22.0760363324
23 0 22.0760363324
24 0 22.0760363324
25 0 22.0760363324
26 0 22.0760363324
27 0 22.0760363324
28 0 22.0760363324
29 0 22.0760363324
30 0 22.0760363324
31 0 22.0760363324
32 0 22.0760363324
33 0 22.0760363324
34 0 22.0760363324
35 0 22.0760363324
36 0 22.0760363324
37 0 22.0760363324
38 0 22.0760363324
39 0 22.0760363324
40 0 22.0760363324
41 1 25.7914033244
42 1 25.7914033244
43 1 25.7914033244
44 1 25.7914033244
45 1 25.7914033244
46 1 25.7914033244
47 1 25.7914033244
48 1 25.7914033244
49 1 25.7914033244
50 1 25.7914033244
51 1 25.7914033244
52 1 25.7914033244
53 1 25.7914033244
54 1 25.7914033244
55 1 25.7914033244
56 1 25.7914033244
57 1 25.7914033244
58 1 25.7914033244
59 1 25.7914033244
60 1 25.7914033244
61 1 25.7914033244
62 1 25.7914033244
63 1 25.7914033244
64 1 25.7914033244
65 1 25.7914033244
66 1 25.7914033244
67 1 25.7914033244
68 1 25.7914033244
69 1 25.7914033244
70 1 25.7914033244
71 1 25.7914033244
72 1 25.7914033244
73 1 25.7914033244
74 1 25.7914033244
75 1 25.7914033244
76 1 25.7914033244
77 1 25.7914033244
78 1 25.7914033244
79 1 25.7914033244
80 1 25.7914033244
81 2 23.0918112986
82 2 23.0918112986
83 2 23.0918112986
84 2 23.0918112986
85 2 23.0918112986
86 2 23.0918112986
87 2 23.0918112986
88 2 23.0918112986
89 2 23.0918112986
90 2 23.0918112986
91 2 23.0918112986
92 2 23.0918112986
93 2 23.0918112986
94 2 23.0918112986
95 2 23.0918112986
96 2 23.0918112986
97 2 23.0918112986
98 2 23.0918112986
99 2 23.0918112986
100 2 23.0918112986
101 2 23.0918112986
102 2 23.0918112986
103 2 23.0918112986
104 2 23.0918112986
105 2 23.0918112986
106 2 23.0918112986
107 2 23.0918112986
108 2 23.0918112986
109 2 23.0918112986
110 2 23.0918112986
111 2 23.0918112986
112 2 23.0918112986
113 2 23.0918112986
114 2 23.0918112986
115 2 23.0918112986
116 2 23.0918112986
117 2 23.0918112986
118 2 23.0918112986
119 2 23.0918112986
120 2 23.0918112986
121 3 24.7865795821
122 3 24.7865795821
123 3 24.7865795821
124 3 24.7865795821
125 3 24.7865795821
126 3 24.7865795821
127 3 24.7865795821
128 3 24.7865795821
129 3 24.7865795821
130 3 24.7865795821
131 3 24.7865795821
132 3 24.7865795821
133 3 24.7865795821
134 3 24.7865795821
135 3 24.7865795821
136 3 24.7865795821
137 3 24.7865795821
138 3 24.7865795821
139 3 24.7865795821
140 3 24.7865795821
141 3 24.7865795821
142 3 24.7865795821
143 3 24.7865795821
144 3 24.7865795821
145 3 24.7865795821
146 3 24.7865795821
147 3 24.7865795821
148 3 24.7865795821
149 3 24.7865795821
150 3 24.7865795821
151 3 24.7865795821
152 3 24.7865795821
153 3 24.7865795821
154 3 24.7865795821
155 3 24.7865795821
156 3 24.7865795821
157 3 24.7865795821
158 3 24.7865795821
159 3 24.7865795821
160 3 24.7865795821
161 4 26.2989539629
162 4 26.2989539629
163 4 26.2989539629
164 4 26.2989539629
165 4 26.2989539629
166 4 26.2989539629
167 4 26.2989539629
168 4 26.2989539629
169 4 26.2989539629
170 4 26.2989539629
171 4 26.2989539629
172 4 26.2989539629
173 4 26.2989539629
174 4 26.2989539629
175 4 26.2989539629
176 4 26.2989539629
177 4 26.2989539629
178 4 26.2989539629
179 4 26.2989539629
180 4 26.2989539629
181 4 26.2989539629
182 4 26.2989539629
183 4 26.2989539629
184 4 26.2989539629
185 4 26.2989539629
186 4 26.2989539629
187 4 26.2989539629
188 4 26.2989539629
189 4 26.2989539629
190 4 26.2989539629
191 4 26.2989539629
192 4 26.2989539629
193 4 26.2989539629
194 4 26.2989539629
195 4 26.2989539629
196 4 26.2989539629
197 4 26.2989539629
198 4 26.2989539629
199 4 26.2989539629
200 4 26.2989539629
201 5 21.0680644037
202 5 21.0680644037
203 5 21.0680644037
204 5 21.0680644037
205 5 21.0680644037
206 5 21.0680644037
207 5 21.0680644037
208 5 21.0680644037
209 5 21.0680644037
210 5 21.0680644037
211 5 21.0680644037
212 5 21.0680644037
213 5 21.0680644037
214 5 21.0680644037
215 5 21.0680644037
216 5 21.0680644037
217 5 21.0680644037
218 5 21.0680644037
219 5 21.0680644037
220 5 21.0680644037
221 5 21.0680644037
222 5 21.0680644037
223 5 21.0680644037
224 5 21.0680644037
225 5 21.0680644037
226 5 21.0680644037
227 5 21.0680644037
228 5 21.0680644037
229 5 21.0680644037
230 5 21.0680644037
231 5 21.0680644037
232 5 21.0680644037
233 5 21.0680644037
234 5 21.0680644037
235 5 21.0680644037
236 5 21.0680644037
237 5 21.0680644037
238 5 21.0680644037
239 5 21.0680644037
240 5 21.0680644037
241 6 18.6886409248
242 6 18.6886409248
243 6 18.6886409248
244 6 18.6886409248
245 6 18.6886409248
246 6 18.6886409248
247 6 18.6886409248
248 6 18.6886409248
249 6 18.6886409248
250 6 18.6886409248
251 6 18.6886409248
252 6 18.6886409248
253 6 18.6886409248
254 6 18.6886409248
255 6 18.6886409248
256 6 18.6886409248
257 6 18.6886409248
258 6 18.6886409248
259 6 18.6886409248
260 6 18.6886409248
261 6 18.6886409248
262 6 18.6886409248
263 6 18.6886409248
264 6 18.6886409248
265 6 18.6886409248
266 6 18.6886409248
267 6 18.6886409248
268 6 18.6886409248
269 6 18.6886409248
270 6 18.6886409248
271 6 18.6886409248
272 6 18.6886409248
273 6 18.6886409248
274 6 18.6886409248
275 6 18.6886409248
276 6 18.6886409248
277 6 18.6886409248
278 6 18.6886409248
279 6 18.6886409248
280 6 18.6886409248
281 7 14.1135478594
282 7 14.1135478594
283 7 14.1135478594
284 7 14.1135478594
285 7 14.1135478594
286 7 14.1135478594
287 7 14.1135478594
288 7 14.1135478594
289 7 14.1135478594
290 7 14.1135478594
291 7 14.1135478594
292 7 14.1135478594
293 7 14.1135478594
294 7 14.1135478594
295 7 14.1135478594
296 7 14.1135478594
297 7 14.1135478594
298 7 14.1135478594
299 7 14.1135478594
300 7 14.1135478594
301 7 14.1135478594
302 7 14.1135478594
303 7 14.1135478594
304 7 14.1135478594
305 7 14.1135478594
306 7 14.1135478594
307 7 14.1135478594
308 7 14.1135478594
309 7 14.1135478594
310 7 14.1135478594
311 7 14.1135478594
312 7 14.1135478594
313 7 14.1135478594
314 7 14.1135478594
315 7 14.1135478594
316 7 14.1135478594
317 7 14.1135478594
318 7 14.1135478594
319 7 14.1135478594
320 7 14.1135478594
321 8 10.1371939075
322 8 10.1371939075
323 8 10.1371939075
324 8 10.1371939075
325 8 10.1371939075
326 8 10.1371939075
327 8 10.1371939075
328 8 10.1371939075
329 8 10.1371939075
330 8 10.1371939075
331 8 10.1371939075
332 8 10.1371939075
333 8 10.1371939075
334 8 10.1371939075
335 8 10.1371939075
336 8 10.1371939075
337 8 10.1371939075
338 8 10.1371939075
339 8 10.1371939075
340 8 10.1371939075
341 8 10.1371939075
342 8 10.1371939075
343 8 10.1371939075
344 8 10.1371939075
345 8 10.1371939075
346 8 10.1371939075
347 8 10.1371939075
348 8 10.1371939075
349 8 10.1371939075
350 8 10.1371939075
351 8 10.1371939075
352 8 10.1371939075
353 8 10.1371939075
354 8 10.1371939075
355 8 10.1371939075
356 8 10.1371939075
357 8 10.1371939075
358 8 10.1371939075
359 8 10.1371939075
360 8 10.1371939075
361 9 15.9365830335
362 9 15.9365830335
363 9 15.9365830335
364 9 15.9365830335
365 9 15.9365830335
366 9 15.9365830335
367 9 15.9365830335
368 9 15.9365830335
369 9 15.9365830335
370 9 15.9365830335
371 9 15.9365830335
372 9 15.9365830335
373 9 15.9365830335
374 9 15.9365830335
375 9 15.9365830335
376 9 15.9365830335
377 9 15.9365830335
378 9 15.9365830335
379 9 15.9365830335
380 9 15.9365830335
381 9 15.9365830335
382 9 15.9365830335
383 9 15.9365830335
384 9 15.9365830335
385 9 15.9365830335
386 9 15.9365830335
387 9 15.9365830335
388 9 15.9365830335
389 9 15.9365830335
390 9 15.9365830335
391 9 15.9365830335
392 9 15.9365830335
393 9 15.9365830335
394 9 15.9365830335
395 9 15.9365830335
396 9 15.9365830335
397 9 15.9365830335
398 9 15.9365830335
399 9 15.9365830335
400 9 15.9365830335
401 10 11.0232432141
402 10 11.0232432141
403 10 11.0232432141
404 10 11.0232432141
405 10 11.0232432141
406 10 11.0232432141
407 10 11.0232432141
408 10 11.0232432141
409 10 11.0232432141
410 10 11.0232432141
411 10 11.0232432141
412 10 11.0232432141
413 10 11.0232432141
414 10 11.0232432141
415 10 11.0232432141
416 10 11.0232432141
417 10 11.0232432141
418 10 11.0232432141
419 10 11.0232432141
420 10 11.0232432141
421 10 11.0232432141
422 10 11.0232432141
423 10 11.0232432141
424 10 11.0232432141
425 10 11.0232432141
426 10 11.0232432141
427 10 11.0232432141
428 10 11.0232432141
429 10 11.0232432141
430 10 11.0232432141
431 10 11.0232432141
432 10 11.0232432141
433 10 11.0232432141
434 10 11.0232432141
435 10 11.0232432141
436 10 11.0232432141
437 10 11.0232432141
438 10 11.0232432141
439 10 11.0232432141
440 10 11.0232432141
441 11 12.1534926984
442 11 12.1534926984
443 11 12.1534926984
444 11 12.1534926984
445 11 12.1534926984
446 11 12.1534926984
447 11 12.1534926984
448 11 12.1534926984
449 11 12.1534926984
450 11 12.1534926984
451 11 12.1534926984
452 11 12.1534926984
453 11 12.1534926984
454 11 12.1534926984
455 11 12.1534926984
456 11 12.1534926984
457 11 12.1534926984
458 11 12.1534926984
459 11 12.1534926984
460 11 12.1534926984
461 11 12.1534926984
462 11 12.1534926984
463 11 12.1534926984
464 11 12.1534926984
465 11 12.1534926984
466 11 12.1534926984
467 11 12.1534926984
468 11 12.1534926984
469 11 12.1534926984
470 11 12.1534926984
471 11 12.1534926984
472 11 12.1534926984
473 11 12.1534926984
474 11 12.1534926984
475 11 12.1534926984
476 11 12.1534926984
477 11 12.1534926984
478 11 12.1534926984
479 11 12.1534926984
480 11 12.1534926984
481 12 20.5897422839
482 12 20.5897422839
483 12 20.5897422839
484 12 20.5897422839
485 12 20.5897422839
486 12 20.5897422839
487 12 20.5897422839
488 12 20.5897422839
489 12 20.5897422839
490 12 20.5897422839
491 12 20.5897422839
492 12 20.5897422839
493 12 20.5897422839
494 12 20.5897422839
495 12 20.5897422839
496 12 20.5897422839
497 12 20.5897422839
498 12 20.5897422839
499 12 20.5897422839
500 12 20.5897422839
501 12 20.5897422839
502 12 20.5897422839
503 12 20.5897422839
504 12 20.5897422839
505 12 20.5897422839
506 12 20.5897422839
507 12 20.5897422839
508 12 20.5897422839
509 12 20.5897422839
510 12 20.5897422839
511 12 20.5897422839
512 12 20.5897422839
513 12 20.5897422839
514 12 20.5897422839
515 12 20.5897422839
516 12 20.5897422839
517 12 20.5897422839
518 12 20.5897422839
519 12 20.5897422839
520 12 20.5897422839
521 13 28.2668038232
522 13 28.2668038232
523 13 28.2668038232
524 13 28.2668038232
525 13 28.2668038232
526 13 28.2668038232
527 13 28.2668038232
528 13 28.2668038232
529 13 28.2668038232
530 13 28.2668038232
531 13 28.2668038232
532 13 28.2668038232
533 13 28.2668038232
534 13 28.2668038232
535 13 28.2668038232
536 13 28.2668038232
537 13 28.2668038232
538 13 28.2668038232
539 13 28.2668038232
540 13 28.2668038232
541 13 28.2668038232
542 13 28.2668038232
543 13 28.2668038232
544 13 28.2668038232
545 13 28.2668038232
546 13 28.2668038232
547 13 28.2668038232
548 13 28.2668038232
549 13 28.2668038232
550 13 28.2668038232
551 13 28.2668038232
552 13 28.2668038232
553 13 28.2668038232
554 13 28.2668038232
555 13 28.2668038232
556 13 28.2668038232
557 13 28.2668038232
558 13 28.2668038232
559 13 28.2668038232
560 13 28.2668038232
561 14 42.2137621261
562 14 42.2137621261
563 14 42.2137621261
564 14 42.2137621261
565 14 42.2137621261
566 14 42.2137621261
567 14 42.2137621261
568 14 42.2137621261
569 14 42.2137621261
570 14 42.2137621261
571 14 42.2137621261
572 14 42.2137621261
573 14 42.2137621261
574 14 42.2137621261
575 14 42.2137621261
576 14 42.2137621261
577 14 42.2137621261
578 14 42.2137621261
579 14 42.2137621261
580 14 42.2137621261
581 14 42.2137621261
582 14 42.2137621261
583 14 42.2137621261
584 14 42.2137621261
585 14 42.2137621261
586 14 42.2137621261
587 14 42.2137621261
588 14 42.2137621261
589 14 42.2137621261
590 14 42.2137621261
591 14 42.2137621261
592 14 42.2137621261
593 14 42.2137621261
594 14 42.2137621261
595 14 42.2137621261
596 14 42.2137621261
597 14 42.2137621261
598 14 42.2137621261
599 14 42.2137621261
600 14 42.2137621261
601 15 46.1571655562
602 15 46.1571655562
603 15 46.1571655562
604 15 46.1571655562
605 15 46.1571655562
606 15 46.1571655562
607 15 46.1571655562
608 15 46.1571655562
609 15 46.1571655562
610 15 46.1571655562
611 15 46.1571655562
612 15 46.1571655562
613 15 46.1571655562
614 15 46.1571655562
615 15 46.1571655562
616 15 46.1571655562
617 15 46.1571655562
618 15 46.1571655562
619 15 46.1571655562
620 15 46.1571655562
621 15 46.1571655562
622 15 46.1571655562
623 15 46.1571655562
624 15 46.1571655562
625 15 46.1571655562
626 15 46.1571655562
627 15 46.1571655562
628 15 46.1571655562
629 15 46.1571655562
630 15 46.1571655562
631 15 46.1571655562
632 15 46.1571655562
633 15 46.1571655562
634 15 46.1571655562
635 15 46.1571655562
636 15 46.1571655562
637 15 46.1571655562
638 15 46.1571655562
639 15 46.1571655562
640 15 46.1571655562
641 16 47.2603549077
642 16 47.2603549077
643 16 47.2603549077
644 16 47.2603549077
645 16 47.2603549077
646 16 47.2603549077
647 16 47.2603549077
648 16 47.2603549077
649 16 47.2603549077
650 16 47.2603549077
651 16 47.2603549077
652 16 47.2603549077
653 16 47.2603549077
654 16 47.2603549077
655 16 47.2603549077
656 16 47.2603549077
657 16 47.2603549077
658 16 47.2603549077
659 16 47.2603549077
660 16 47.2603549077
661 16 47.2603549077
662 16 47.2603549077
663 16 47.2603549077
664 16 47.2603549077
665 16 47.2603549077
666 16 47.2603549077
667 16 47.2603549077
668 16 47.2603549077
669 16 47.2603549077
670 16 47.2603549077
671 16 47.2603549077
672 16 47.2603549077
673 16 47.2603549077
674 16 47.2603549077
675 16 47.2603549077
676 16 47.2603549077
677 16 47.2603549077
678 16 47.2603549077
679 16 47.2603549077
680 16 47.2603549077
681 17 37.9584193911
682 17 37.9584193911
683 17 37.9584193911
684 17 37.9584193911
685 17 37.9584193911
686 17 37.9584193911
687 17 37.9584193911
688 17 37.9584193911
689 17 37.9584193911
690 17 37.9584193911
691 17 37.9584193911
692 17 37.9584193911
693 17 37.9584193911
694 17 37.9584193911
695 17 37.9584193911
696 17 37.9584193911
697 17 37.9584193911
698 17 37.9584193911
699 17 37.9584193911
700 17 37.9584193911
701 17 37.9584193911
702 17 37.9584193911
703 17 37.9584193911
704 17 37.9584193911
705 17 37.9584193911
706 17 37.9584193911
707 17 37.9584193911
708 17 37.9584193911
709 17 37.9584193911
710 17 37.9584193911
711 17 37.9584193911
712 17 37.9584193911
713 17 37.9584193911
714 17 37.9584193911
715 17 37.9584193911
716 17 37.9584193911
717 17 37.9584193911
718 17 37.9584193911
719 17 37.9584193911
720 17 37.9584193911
721 18 31.8895922853
722 18 31.8895922853
723 18 31.8895922853
724 18 31.8895922853
725 18 31.8895922853
726 18 31.8895922853
727 18 31.8895922853
728 18 31.8895922853
729 18 31.8895922853
730 18 31.8895922853
731 18 31.8895922853
732 18 31.8895922853
733 18 31.8895922853
734 18 31.8895922853
735 18 31.8895922853
736 18 31.8895922853
737 18 31.8895922853
738 18 31.8895922853
739 18 31.8895922853
740 18 31.8895922853
741 18 31.8895922853
742 18 31.8895922853
743 18 31.8895922853
744 18 31.8895922853
745 18 31.8895922853
746 18 31.8895922853
747 18 31.8895922853
748 18 31.8895922853
749 18 31.8895922853
750 18 31.8895922853
751 18 31.8895922853
752 18 31.8895922853
753 18 31.8895922853
754 18 31.8895922853
755 18 31.8895922853
756 18 31.8895922853
757 18 31.8895922853
758 18 31.8895922853
759 18 31.8895922853
760 18 31.8895922853
761 19 22.2004543851
762 19 22.2004543851
763 19 22.2004543851
764 19 22.2004543851
765 19 22.2004543851
766 19 22.2004543851
767 19 22.2004543851
768 19 22.2004543851
769 19 22.2004543851
770 19 22.2004543851
771 19 22.2004543851
772 19 22.2004543851
773 19 22.2004543851
774 19 22.2004543851
775 19 22.2004543851
776 19 22.2004543851
777 19 22.2004543851
778 19 22.2004543851
779 19 22.2004543851
780 19 22.2004543851
781 19 22.2004543851
782 19 22.2004543851
783 19 22.2004543851
784 19 22.2004543851
785 19 22.2004543851
786 19 22.2004543851
787 19 22.2004543851
788 19 22.2004543851
789 19 22.2004543851
790 19 22.2004543851
791 19 22.2004543851
792 19 22.2004543851
793 19 22.2004543851
794 19 22.2004543851
795 19 22.2004543851
796 19 22.2004543851
797 19 22.2004543851
798 19 22.2004543851
799 19 22.2004543851
800 19 22.2004543851
801 20 21.0029832113
802 20 21.0029832113
803 20 21.0029832113
804 20 21.0029832113
805 20 21.0029832113
806 20 21.0029832113
807 20 21.0029832113
808 20 21.0029832113
809 20 21.0029832113
810 20 21.0029832113
811 20 21.0029832113
812 20 21.0029832113
813 20 21.0029832113
814 20 21.0029832113
815 20 21.0029832113
816 20 21.0029832113
817 20 21.0029832113
818 20 21.0029832113
819 20 21.0029832113
820 20 21.0029832113
821 20 21.0029832113
822 20 21.0029832113
823 20 21.0029832113
824 20 21.0029832113
825 20 21.0029832113
826 20 21.0029832113
827 20 21.0029832113
828 20 21.0029832113
829 20 21.0029832113
830 20 21.0029832113
831 20 21.0029832113
832 20 21.0029832113
833 20 21.0029832113
834 20 21.0029832113
835 20 21.0029832113
836 20 21.0029832113
837 20 21.0029832113
838 20 21.0029832113
839 20 21.0029832113
840 20 21.0029832113
841 21 13.9817399323
842 21 13.9817399323
843 21 13.9817399323
844 21 13.9817399323
845 21 13.9817399323
846 21 13.9817399323
847 21 13.9817399323
848 21 13.9817399323
849 21 13.9817399323
850 21 13.9817399323
851 21 13.9817399323
852 21 13.9817399323
853 21 13.9817399323
854 21 13.9817399323
855 21 13.9817399323
856 21 13.9817399323
857 21 13.9817399323
858 21 13.9817399323
859 21 13.9817399323
860 21 13.9817399323
861 21 13.9817399323
862 21 13.9817399323
863 21 13.9817399323
864 21 13.9817399323
865 21 13.9817399323
866 21 13.9817399323
867 21 13.9817399323
868 21 13.9817399323
869 21 13.9817399323
870 21 13.9817399323
871 21 13.9817399323
872 21 13.9817399323
873 21 13.9817399323
874 21 13.9817399323
875 21 13.9817399323
876 21 13.9817399323
877 21 13.9817399323
878 21 13.9817399323
879 21 13.9817399323
880 21 13.9817399323
881 22 16.7795177591
882 22 16.7795177591
883 22 16.7795177591
884 22 16.7795177591
885 22 16.7795177591
886 22 16.7795177591
887 22 16.7795177591
888 22 16.7795177591
889 22 16.7795177591
890 22 16.7795177591
891 22 16.7795177591
892 22 16.7795177591
893 22 16.7795177591
894 22 16.7795177591
895 22 16.7795177591
896 22 16.7795177591
897 22 16.7795177591
898 22 16.7795177591
899 22 16.7795177591
900 22 16.7795177591
901 22 16.7795177591
902 22 16.7795177591
903 22 16.7795177591
904 22 16.7795177591
905 22 16.7795177591
906 22 16.7795177591
907 22 16.7795177591
908 22 16.7795177591
909 22 16.7795177591
910 22 16.7795177591
911 22 16.7795177591
912 22 16.7795177591
913 22 16.7795177591
914 22 16.7795177591
915 22 16.7795177591
916 22 16.7795177591
917 22 16.7795177591
918 22 16.7795177591
919 22 16.7795177591
920 22 16.7795177591
921 23 17.6653159242
922 23 17.6653159242
923 23 17.6653159242
924 23 17.6653159242
925 23 17.6653159242
926 23 17.6653159242
927 23 17.6653159242
928 23 17.6653159242
929 23 17.6653159242
930 23 17.6653159242
931 23 17.6653159242
932 23 17.6653159242
933 23 17.6653159242
934 23 17.6653159242
935 23 17.6653159242
936 23 17.6653159242
937 23 17.6653159242
938 23 17.6653159242
939 23 17.6653159242
940 23 17.6653159242
941 23 17.6653159242
942 23 17.6653159242
943 23 17.6653159242
944 23 17.6653159242
945 23 17.6653159242
946 23 17.6653159242
947 23 17.6653159242
948 23 17.6653159242
949 23 17.6653159242
950 23 17.6653159242
951 23 17.6653159242
952 23 17.6653159242
953 23 17.6653159242
954 23 17.6653159242
955 23 17.6653159242
956 23 17.6653159242
957 23 17.6653159242
958 23 17.6653159242
959 23 17.6653159242
960 23 17.6653159242
961 24 31.2953441866
962 24 31.2953441866
963 24 31.2953441866
964 24 31.2953441866
965 24 31.2953441866
966 24 31.2953441866
967 24 31.2953441866
968 24 31.2953441866
969 24 31.2953441866
970 24 31.2953441866
971 24 31.2953441866
972 24 31.2953441866
973 24 31.2953441866
974 24 31.2953441866
975 24 31.2953441866
976 24 31.2953441866
977 24 31.2953441866
978 24 31.2953441866
979 24 31.2953441866
980 24 31.2953441866
981 24 31.2953441866
982 24 31.2953441866
983 24 31.2953441866
984 24 31.2953441866
985 24 31.2953441866
986 24 31.2953441866
987 24 31.2953441866
988 24 31.2953441866
989 24 31.2953441866
990 24 31.2953441866
991 24 31.2953441866
992 24 31.2953441866
993 24 31.2953441866
994 24 31.2953441866
995 24 31.2953441866
996 24 31.2953441866
997 24 31.2953441866
998 24 31.2953441866
999 24 31.2953441866
1000 24 31.2953441866
1001 25 36.7741506253
1002 25 36.7741506253
1003 25 36.7741506253
1004 25 36.7741506253
1005 25 36.7741506253
1006 25 36.7741506253
1007 25 36.7741506253
1008 25 36.7741506253
1009 25 36.7741506253
1010 25 36.7741506253
1011 25 36.7741506253
1012 25 36.7741506253
1013 25 36.7741506253
1014 25 36.7741506253
1015 25 36.7741506253
1016 25 36.7741506253
1017 25 36.7741506253
1018 25 36.7741506253
1019 25 36.7741506253
1020 25 36.7741506253
1021 25 36.7741506253
1022 25 36.7741506253
1023 25 36.7741506253
1024 25 36.7741506253
1025 25 36.7741506253
1026 25 36.7741506253
1027 25 36.7741506253
1028 25 36.7741506253
1029 25 36.7741506253
1030 25 36.7741506253
1031 25 36.7741506253
1032 25 36.7741506253
1033 25 36.7741506253
1034 25 36.7741506253
1035 25 36.7741506253
1036 25 36.7741506253
1037 25 36.7741506253
1038 25 36.7741506253
1039 25 36.7741506253
1040 25 36.7741506253
1041 26 38.7730095989
1042 26 38.7730095989
1043 26 38.7730095989
1044 26 38.7730095989
1045 26 38.7730095989
1046 26 38.7730095989
1047 26 38.7730095989
1048 26 38.7730095989
1049 26 38.7730095989
1050 26 38.7730095989
1051 26 38.7730095989
1052 26 38.7730095989
1053 26 38.7730095989
1054 26 38.7730095989
1055 26 38.7730095989
1056 26 38.7730095989
1057 26 38.7730095989
1058 26 38.7730095989
1059 26 38.7730095989
1060 26 38.7730095989
1061 26 38.7730095989
1062 26 38.7730095989
1063 26 38.7730095989
1064 26 38.7730095989
1065 26 38.7730095989
1066 26 38.7730095989
1067 26 38.7730095989
1068 26 38.7730095989
1069 26 38.7730095989
1070 26 38.7730095989
1071 26 38.7730095989
1072 26 38.7730095989
1073 26 38.7730095989
1074 26 38.7730095989
1075 26 38.7730095989
1076 26 38.7730095989
1077 26 38.7730095989
1078 26 38.7730095989
1079 26 38.7730095989
1080 26 38.7730095989
1081 27 41.9000030179
1082 27 41.9000030179
1083 27 41.9000030179
1084 27 41.9000030179
1085 27 41.9000030179
1086 27 41.9000030179
1087 27 41.9000030179
1088 27 41.9000030179
1089 27 41.9000030179
1090 27 41.9000030179
1091 27 41.9000030179
1092 27 41.9000030179
1093 27 41.9000030179
1094 27 41.9000030179
1095 27 41.9000030179
1096 27 41.9000030179
1097 27 41.9000030179
1098 27 41.9000030179
1099 27 41.9000030179
1100 27 41.9000030179
1101 27 41.9000030179
1102 27 41.9000030179
1103 27 41.9000030179
1104 27 41.9000030179
1105 27 41.9000030179
1106 27 41.9000030179
1107 27 41.9000030179
1108 27 41.9000030179
1109 27 41.9000030179
1110 27 41.9000030179
1111 27 41.9000030179
1112 27 41.9000030179
1113 27 41.9000030179
1114 27 41.9000030179
1115 27 41.9000030179
1116 27 41.9000030179
1117 27 41.9000030179
1118 27 41.9000030179
1119 27 41.9000030179
1120 27 41.9000030179
1121 28 43.121206771
1122 28 43.121206771
1123 28 43.121206771
1124 28 43.121206771
1125 28 43.121206771
1126 28 43.121206771
1127 28 43.121206771
1128 28 43.121206771
1129 28 43.121206771
1130 28 43.121206771
1131 28 43.121206771
1132 28 43.121206771
1133 28 43.121206771
1134 28 43.121206771
1135 28 43.121206771
1136 28 43.121206771
1137 28 43.121206771
1138 28 43.121206771
1139 28 43.121206771
1140 28 43.121206771
1141 28 43.121206771
1142 28 43.121206771
1143 28 43.121206771
1144 28 43.121206771
1145 28 43.121206771
1146 28 43.121206771
