1 0 8.91267199036
2 1 9.63192096115
3 2 9.31819373289
4 3 8.84004095349
5 4 9.52022075625
6 5 10.0926878388
7 6 9.92952992898
8 7 9.56926468429
9 8 10.6102175431
10 9 11.6075589424
11 10 11.1033158873
12 11 11.0173643144
13 12 12.5623371983
14 13 13.4562933228
15 14 12.726838418
16 15 13.2109837083
17 16 15.1006031796
18 17 15.1802663818
19 18 14.4862291003
20 19 16.0607197657
21 20 17.6372720038
22 21 16.9464721845
23 22 16.6887874986
24 23 18.7441368924
25 24 19.768185099
26 25 18.8818813017
27 26 19.0389439359
28 27 21.2596445604
29 28 22.1896865411
30 29 21.2891060428
31 30 19.6849119096
32 31 18.5301647419
33 32 20.3854114809
34 33 20.1517152314
35 34 18.5640138344
36 35 20.1030316635
37 36 21.2734141921
38 37 23.031936099
39 38 22.0417344389
40 39 22.8317639089
41 40 24.5573278079
42 41 26.3797801634
43 42 25.3352664605
44 43 25.519443029
45 44 24.91469784
46 45 24.4686302348
47 46 25.0734366413
48 47 24.472646371
49 48 26.2983171936
50 49 25.8099561976
51 50 26.3712434471
52 51 24.6714083763
53 52 24.9548702779
54 53 24.5115348045
55 54 22.3715228727
56 55 21.3984350401
57 56 21.8216747522
58 57 20.5755151622
59 58 18.6847219328
60 59 18.2102689068
61 60 18.3553055124
62 61 16.927554431
63 62 15.2408073244
64 63 15.4085086568
65 64 14.5727849728
66 65 13.0448930542
67 66 12.2927043328
68 67 12.2820957364
69 68 11.417703144
70 69 10.0210160265
71 70 9.79675511465
72 71 9.73571702009
73 72 9.0037935472
74 73 8.00778203172
75 74 8.08747719661
76 75 8.11308128833
77 76 8.10053700461
78 77 7.662106899
79 78 7.61549194071
80 79 8.67477329411
81 80 9.09442912402
82 81 9.37902658006
83 82 9.38053775455
84 83 8.73076685017
85 84 9.12645616447
86 85 9.74491736781
87 86 10.2098275613
88 87 10.2584154
89 88 9.52955898752
90 89 9.71469506757
91 90 10.2641988078
92 91 10.0935717968
93 92 9.35728207364
94 93 9.87836621643
95 94 10.5904203017
96 95 10.041198632
97 96 9.54678157452
98 97 10.351873589
99 98 10.9222053148
100 99 10.031368132
101 100 9.97105537586
102 101 11.0995626619
103 102 11.0292953664
104 103 9.99205633879
105 104 10.3806417926
106 105 11.4978632084
107 106 10.8813688288
108 107 10.1804598352
109 108 11.0636573272
110 109 11.6892224929
111 110 10.7147154711
112 111 10.4476402901
113 112 11.6489753998
114 113 11.7740733014
115 114 10.7456590673
116 115 10.839144039
117 116 12.1183845098
118 117 11.7307556364
119 118 10.702719741
120 119 11.5095723167
121 120 12.344053642
122 121 11.4788028329
123 122 10.6313082868
124 123 12.0431483681
125 124 12.262488165
126 125 10.4540841753
127 126 10.8795448595
128 127 12.0254338666
129 128 9.40374866672
130 128 9.40374866672
131 128 9.40374866672
132 128 9.40374866672
133 128 9.40374866672
134 128 9.40374866672
135 128 9.40374866672
136 128 9.40374866672
137 128 9.40374866672
138 128 9.40374866672
139 128 9.40374866672
140 128 9.40374866672
