1 0 19.0095856441
2 0 19.0095856441
3 0 19.0095856441
4 0 19.0095856441
5 0 19.0095856441
6 0 19.0095856441
7 0 19.0095856441
8 0 19.0095856441
9 0 19.0095856441
10 0 19.0095856441
11 0 19.0095856441
12 0 19.0095856441
13 0 19.0095856441
14 0 19.0095856441
15 0 19.0095856441
16 0 19.0095856441
17 0 19.0095856441
18 0 19.0095856441
19 0 19.0095856441
20 0 19.0095856441
21 0 19.0095856441
22 0 19.0095856441
23 0 19.0095856441
24 0 19.0095856441
25 0 19.0095856441
26 0 19.0095856441
27 0 19.0095856441
28 0 19.0095856441
29 0 19.0095856441
30 0 19.0095856441
31 0 19.0095856441
32 0 19.0095856441
33 0 19.0095856441
34 0 19.0095856441
35 0 19.0095856441
36 0 19.0095856441
37 0 19.0095856441
38 0 19.0095856441
39 0 19.0095856441
40 0 19.0095856441
41 1 19.1174847498
42 1 19.1174847498
43 1 19.1174847498
44 1 19.1174847498
45 1 19.1174847498
46 1 19.1174847498
47 1 19.1174847498
48 1 19.1174847498
49 1 19.1174847498
50 1 19.1174847498
51 1 19.1174847498
52 1 19.1174847498
53 1 19.1174847498
54 1 19.1174847498
55 1 19.1174847498
56 1 19.1174847498
57 1 19.1174847498
58 1 19.1174847498
59 1 19.1174847498
60 1 19.1174847498
61 1 19.1174847498
62 1 19.1174847498
63 1 19.1174847498
64 1 19.1174847498
65 1 19.1174847498
66 1 19.1174847498
67 1 19.1174847498
68 1 19.1174847498
69 1 19.1174847498
70 1 19.1174847498
71 1 19.1174847498
72 1 19.1174847498
73 1 19.1174847498
74 1 19.1174847498
75 1 19.1174847498
76 1 19.1174847498
77 1 19.1174847498
78 1 19.1174847498
79 1 19.1174847498
80 1 19.1174847498
81 2 15.0908594128
82 2 15.0908594128
83 2 15.0908594128
84 2 15.0908594128
85 2 15.0908594128
86 2 15.0908594128
87 2 15.0908594128
88 2 15.0908594128
89 2 15.0908594128
90 2 15.0908594128
91 2 15.0908594128
92 2 15.0908594128
93 2 15.0908594128
94 2 15.0908594128
95 2 15.0908594128
96 2 15.0908594128
97 2 15.0908594128
98 2 15.0908594128
99 2 15.0908594128
100 2 15.0908594128
101 2 15.0908594128
102 2 15.0908594128
103 2 15.0908594128
104 2 15.0908594128
105 2 15.0908594128
106 2 15.0908594128
107 2 15.0908594128
108 2 15.0908594128
109 2 15.0908594128
110 2 15.0908594128
111 2 15.0908594128
112 2 15.0908594128
113 2 15.0908594128
114 2 15.0908594128
115 2 15.0908594128
116 2 15.0908594128
117 2 15.0908594128
118 2 15.0908594128
119 2 15.0908594128
120 2 15.0908594128
121 3 22.9688899466
122 3 22.9688899466
123 3 22.9688899466
124 3 22.9688899466
125 3 22.9688899466
126 3 22.9688899466
127 3 22.9688899466
128 3 22.9688899466
129 3 22.9688899466
130 3 22.9688899466
131 3 22.9688899466
132 3 22.9688899466
133 3 22.9688899466
134 3 22.9688899466
135 3 22.9688899466
136 3 22.9688899466
137 3 22.9688899466
138 3 22.9688899466
139 3 22.9688899466
140 3 22.9688899466
141 3 22.9688899466
142 3 22.9688899466
143 3 22.9688899466
144 3 22.9688899466
145 3 22.9688899466
146 3 22.9688899466
147 3 22.9688899466
148 3 22.9688899466
149 3 22.9688899466
150 3 22.9688899466
151 3 22.9688899466
152 3 22.9688899466
153 3 22.9688899466
154 3 22.9688899466
155 3 22.9688899466
156 3 22.9688899466
157 3 22.9688899466
158 3 22.9688899466
159 3 22.9688899466
160 3 22.9688899466
161 4 30.1833400192
162 4 30.1833400192
163 4 30.1833400192
164 4 30.1833400192
165 4 30.1833400192
166 4 30.1833400192
167 4 30.1833400192
168 4 30.1833400192
169 4 30.1833400192
170 4 30.1833400192
171 4 30.1833400192
172 4 30.1833400192
173 4 30.1833400192
174 4 30.1833400192
175 4 30.1833400192
176 4 30.1833400192
177 4 30.1833400192
178 4 30.1833400192
179 4 30.1833400192
180 4 30.1833400192
181 4 30.1833400192
182 4 30.1833400192
183 4 30.1833400192
184 4 30.1833400192
185 4 30.1833400192
186 4 30.1833400192
187 4 30.1833400192
188 4 30.1833400192
189 4 30.1833400192
190 4 30.1833400192
191 4 30.1833400192
192 4 30.1833400192
193 4 30.1833400192
194 4 30.1833400192
195 4 30.1833400192
196 4 30.1833400192
197 4 30.1833400192
198 4 30.1833400192
199 4 30.1833400192
200 4 30.1833400192
201 5 28.6261634116
202 5 28.6261634116
203 5 28.6261634116
204 5 28.6261634116
205 5 28.6261634116
206 5 28.6261634116
207 5 28.6261634116
208 5 28.6261634116
209 5 28.6261634116
210 5 28.6261634116
211 5 28.6261634116
212 5 28.6261634116
213 5 28.6261634116
214 5 28.6261634116
215 5 28.6261634116
216 5 28.6261634116
217 5 28.6261634116
218 5 28.6261634116
219 5 28.6261634116
220 5 28.6261634116
221 5 28.6261634116
222 5 28.6261634116
223 5 28.6261634116
224 5 28.6261634116
225 5 28.6261634116
226 5 28.6261634116
227 5 28.6261634116
228 5 28.6261634116
229 5 28.6261634116
230 5 28.6261634116
231 5 28.6261634116
232 5 28.6261634116
233 5 28.6261634116
234 5 28.6261634116
235 5 28.6261634116
236 5 28.6261634116
237 5 28.6261634116
238 5 28.6261634116
239 5 28.6261634116
240 5 28.6261634116
241 6 30.5383967806
242 6 30.5383967806
243 6 30.5383967806
244 6 30.5383967806
245 6 30.5383967806
246 6 30.5383967806
247 6 30.5383967806
248 6 30.5383967806
249 6 30.5383967806
250 6 30.5383967806
251 6 30.5383967806
252 6 30.5383967806
253 6 30.5383967806
254 6 30.5383967806
255 6 30.5383967806
256 6 30.5383967806
257 6 30.5383967806
258 6 30.5383967806
259 6 30.5383967806
260 6 30.5383967806
261 6 30.5383967806
262 6 30.5383967806
263 6 30.5383967806
264 6 30.5383967806
265 6 30.5383967806
266 6 30.5383967806
267 6 30.5383967806
268 6 30.5383967806
269 6 30.5383967806
270 6 30.5383967806
271 6 30.5383967806
272 6 30.5383967806
273 6 30.5383967806
274 6 30.5383967806
275 6 30.5383967806
276 6 30.5383967806
277 6 30.5383967806
278 6 30.5383967806
279 6 30.5383967806
280 6 30.5383967806
281 7 36.9556546802
282 7 36.9556546802
283 7 36.9556546802
284 7 36.9556546802
285 7 36.9556546802
286 7 36.9556546802
287 7 36.9556546802
288 7 36.9556546802
289 7 36.9556546802
290 7 36.9556546802
291 7 36.9556546802
292 7 36.9556546802
293 7 36.9556546802
294 7 36.9556546802
295 7 36.9556546802
296 7 36.9556546802
297 7 36.9556546802
298 7 36.9556546802
299 7 36.9556546802
300 7 36.9556546802
301 7 36.9556546802
302 7 36.9556546802
303 7 36.9556546802
304 7 36.9556546802
305 7 36.9556546802
306 7 36.9556546802
307 7 36.9556546802
308 7 36.9556546802
309 7 36.9556546802
310 7 36.9556546802
311 7 36.9556546802
312 7 36.9556546802
313 7 36.9556546802
314 7 36.9556546802
315 7 36.9556546802
316 7 36.9556546802
317 7 36.9556546802
318 7 36.9556546802
319 7 36.9556546802
320 7 36.9556546802
321 8 38.148369555
322 8 38.148369555
323 8 38.148369555
324 8 38.148369555
325 8 38.148369555
326 8 38.148369555
327 8 38.148369555
328 8 38.148369555
329 8 38.148369555
330 8 38.148369555
331 8 38.148369555
332 8 38.148369555
333 8 38.148369555
334 8 38.148369555
335 8 38.148369555
336 8 38.148369555
337 8 38.148369555
338 8 38.148369555
339 8 38.148369555
340 8 38.148369555
341 8 38.148369555
342 8 38.148369555
343 8 38.148369555
344 8 38.148369555
345 8 38.148369555
346 8 38.148369555
347 8 38.148369555
348 8 38.148369555
349 8 38.148369555
350 8 38.148369555
351 8 38.148369555
352 8 38.148369555
353 8 38.148369555
354 8 38.148369555
355 8 38.148369555
356 8 38.148369555
357 8 38.148369555
358 8 38.148369555
359 8 38.148369555
360 8 38.148369555
361 9 34.7422734899
362 9 34.7422734899
363 9 34.7422734899
364 9 34.7422734899
365 9 34.7422734899
366 9 34.7422734899
367 9 34.7422734899
368 9 34.7422734899
369 9 34.7422734899
370 9 34.7422734899
371 9 34.7422734899
372 9 34.7422734899
373 9 34.7422734899
374 9 34.7422734899
375 9 34.7422734899
376 9 34.7422734899
377 9 34.7422734899
378 9 34.7422734899
379 9 34.7422734899
380 9 34.7422734899
381 9 34.7422734899
382 9 34.7422734899
383 9 34.7422734899
384 9 34.7422734899
385 9 34.7422734899
386 9 34.7422734899
387 9 34.7422734899
388 9 34.7422734899
389 9 34.7422734899
390 9 34.7422734899
391 9 34.7422734899
392 9 34.7422734899
393 9 34.7422734899
394 9 34.7422734899
395 9 34.7422734899
396 9 34.7422734899
397 9 34.7422734899
398 9 34.7422734899
399 9 34.7422734899
400 9 34.7422734899
401 10 70.2349352729
