1 0 7.24901141837
2 0 7.24901141837
3 0 7.24901141837
4 0 7.24901141837
5 0 7.24901141837
6 0 7.24901141837
7 0 7.24901141837
8 0 7.24901141837
9 0 7.24901141837
10 0 7.24901141837
11 0 7.24901141837
12 0 7.24901141837
13 0 7.24901141837
14 0 7.24901141837
15 0 7.24901141837
16 0 7.24901141837
17 0 7.24901141837
18 0 7.24901141837
19 0 7.24901141837
20 0 7.24901141837
21 1 9.78860120669
22 1 9.78860120669
23 1 9.78860120669
24 1 9.78860120669
25 1 9.78860120669
26 1 9.78860120669
27 1 9.78860120669
28 1 9.78860120669
29 1 9.78860120669
30 1 9.78860120669
31 1 9.78860120669
32 1 9.78860120669
33 1 9.78860120669
34 1 9.78860120669
35 1 9.78860120669
36 1 9.78860120669
37 2 12.2349727193
38 3 11.1834679113
39 4 10.616015571
40 5 11.2539362767
41 6 11.3115909694
42 7 10.4189235845
43 8 10.472850037
44 9 11.0633654596
45 10 10.6066977868
46 11 10.1490272925
47 12 10.647916558
48 13 10.8831446753
49 14 10.2799990174
50 15 10.1686044368
51 16 10.8082598121
52 17 10.6180673868
53 18 10.100199622
54 19 10.4413950475
55 20 10.9082227233
56 21 10.3682947585
57 22 10.1090787163
58 23 10.9324081233
59 24 11.3122653712
60 25 11.9476073351
61 26 12.4245297371
62 27 11.899038512
63 28 12.0108152379
64 29 11.3961655164
65 30 11.0913307392
66 31 10.9465939784
67 32 10.7995643815
68 33 11.0669946383
69 34 10.7042101508
70 35 10.4146579509
71 36 10.572316363
72 37 10.6444376712
73 38 10.2278747887
74 39 10.1684835933
75 40 10.5309262067
76 41 10.3713093494
77 42 9.94148873721
78 43 10.1990119109
79 44 10.5856730378
80 45 10.075991487
81 46 9.98892469311
82 47 10.6130142658
83 48 10.6585474954
84 49 10.06235454
85 50 10.4061615405
86 51 11.1214089018
87 52 10.5696915943
88 53 10.445901494
89 54 11.1516015793
90 55 10.7674044463
91 56 10.1055375534
92 57 10.5539655911
93 58 10.9042880199
94 59 10.1678555213
95 60 10.1969575915
96 61 10.8235455708
97 62 10.4958221151
98 63 10.0359973575
99 64 10.6140364499
100 65 10.9598350382
101 66 10.2917290631
102 67 10.2416744199
103 68 11.02822464
104 69 10.8332065564
105 70 10.2230069896
106 71 10.7884807307
107 72 11.3518291516
108 73 10.7003325371
109 74 10.6083749457
110 75 11.5525809155
111 76 11.3602552149
112 77 10.6210196584
113 78 11.235298104
114 79 11.8790994177
115 80 11.1602367946
116 81 10.988747735
117 82 12.041989122
118 83 11.9754666755
119 84 11.2001937796
120 85 11.7868728413
121 86 12.6634759693
122 87 11.9626170985
123 88 11.7473103326
124 89 12.9376572141
125 90 13.0077300249
126 91 12.0894781061
127 92 11.8373844655
128 93 8.97903177452
129 93 8.97903177452
130 93 8.97903177452
131 93 8.97903177452
132 94 10.6086684108
133 94 10.6086684108
134 94 10.6086684108
135 94 10.6086684108
136 94 10.6086684108
137 94 10.6086684108
138 94 10.6086684108
139 94 10.6086684108
140 94 10.6086684108
141 94 10.6086684108
142 94 10.6086684108
143 94 10.6086684108
144 94 10.6086684108
145 94 10.6086684108
146 94 10.6086684108
147 94 10.6086684108
148 94 10.6086684108
149 94 10.6086684108
150 94 10.6086684108
151 94 10.6086684108
152 95 15.7612133897
153 95 15.7612133897
154 95 15.7612133897
155 95 15.7612133897
156 95 15.7612133897
157 95 15.7612133897
158 95 15.7612133897
159 95 15.7612133897
160 95 15.7612133897
161 95 15.7612133897
162 95 15.7612133897
163 95 15.7612133897
164 95 15.7612133897
165 95 15.7612133897
166 95 15.7612133897
167 95 15.7612133897
168 95 15.7612133897
169 95 15.7612133897
170 95 15.7612133897
171 95 15.7612133897
172 96 20.6037191414
173 96 20.6037191414
174 96 20.6037191414
175 96 20.6037191414
176 96 20.6037191414
177 96 20.6037191414
178 96 20.6037191414
179 96 20.6037191414
180 96 20.6037191414
181 96 20.6037191414
182 96 20.6037191414
183 96 20.6037191414
184 96 20.6037191414
185 96 20.6037191414
186 96 20.6037191414
187 96 20.6037191414
188 96 20.6037191414
189 96 20.6037191414
190 96 20.6037191414
191 96 20.6037191414
192 97 30.4936513835
193 97 30.4936513835
194 97 30.4936513835
195 97 30.4936513835
196 97 30.4936513835
197 97 30.4936513835
198 97 30.4936513835
199 97 30.4936513835
200 97 30.4936513835
201 97 30.4936513835
202 97 30.4936513835
203 97 30.4936513835
204 97 30.4936513835
205 97 30.4936513835
206 97 30.4936513835
207 97 30.4936513835
208 97 30.4936513835
209 97 30.4936513835
210 97 30.4936513835
211 97 30.4936513835
212 98 36.2142347753
213 98 36.2142347753
214 98 36.2142347753
215 98 36.2142347753
216 98 36.2142347753
217 98 36.2142347753
218 98 36.2142347753
219 98 36.2142347753
220 98 36.2142347753
221 98 36.2142347753
222 98 36.2142347753
223 98 36.2142347753
224 98 36.2142347753
225 98 36.2142347753
226 98 36.2142347753
227 98 36.2142347753
228 98 36.2142347753
229 98 36.2142347753
230 98 36.2142347753
231 98 36.2142347753
232 99 36.027795366
233 99 36.027795366
234 99 36.027795366
235 99 36.027795366
236 99 36.027795366
237 99 36.027795366
238 99 36.027795366
239 99 36.027795366
240 99 36.027795366
241 99 36.027795366
242 99 36.027795366
243 99 36.027795366
244 99 36.027795366
245 99 36.027795366
246 99 36.027795366
247 99 36.027795366
248 99 36.027795366
249 99 36.027795366
250 99 36.027795366
251 99 36.027795366
252 100 31.6202266922
253 100 31.6202266922
254 100 31.6202266922
255 100 31.6202266922
256 100 31.6202266922
257 100 31.6202266922
258 100 31.6202266922
259 100 31.6202266922
260 100 31.6202266922
261 100 31.6202266922
262 100 31.6202266922
263 100 31.6202266922
264 100 31.6202266922
265 100 31.6202266922
266 100 31.6202266922
267 100 31.6202266922
268 100 31.6202266922
269 100 31.6202266922
270 100 31.6202266922
271 100 31.6202266922
272 101 27.0924680242
273 101 27.0924680242
274 101 27.0924680242
275 101 27.0924680242
276 101 27.0924680242
277 101 27.0924680242
278 101 27.0924680242
279 101 27.0924680242
280 101 27.0924680242
281 101 27.0924680242
282 101 27.0924680242
283 101 27.0924680242
284 101 27.0924680242
