1 0 38.1158119313
2 0 38.1158119313
3 0 38.1158119313
4 0 38.1158119313
5 0 38.1158119313
6 0 38.1158119313
7 0 38.1158119313
8 0 38.1158119313
9 0 38.1158119313
10 0 38.1158119313
11 0 38.1158119313
12 0 38.1158119313
13 0 38.1158119313
14 0 38.1158119313
15 0 38.1158119313
16 0 38.1158119313
17 0 38.1158119313
18 0 38.1158119313
19 0 38.1158119313
20 0 38.1158119313
21 1 36.1786642177
22 1 36.1786642177
23 1 36.1786642177
24 1 36.1786642177
25 1 36.1786642177
26 1 36.1786642177
27 1 36.1786642177
28 1 36.1786642177
29 1 36.1786642177
30 1 36.1786642177
31 1 36.1786642177
32 1 36.1786642177
33 1 36.1786642177
34 1 36.1786642177
35 1 36.1786642177
36 1 36.1786642177
37 1 36.1786642177
38 1 36.1786642177
39 1 36.1786642177
40 1 36.1786642177
41 2 25.0348446613
42 2 25.0348446613
43 2 25.0348446613
44 2 25.0348446613
45 2 25.0348446613
46 2 25.0348446613
47 2 25.0348446613
48 2 25.0348446613
49 2 25.0348446613
50 2 25.0348446613
51 2 25.0348446613
52 2 25.0348446613
53 2 25.0348446613
54 2 25.0348446613
55 2 25.0348446613
56 2 25.0348446613
57 2 25.0348446613
58 2 25.0348446613
59 2 25.0348446613
60 2 25.0348446613
61 3 20.4086851268
62 3 20.4086851268
63 3 20.4086851268
64 3 20.4086851268
65 3 20.4086851268
66 3 20.4086851268
67 3 20.4086851268
68 3 20.4086851268
69 3 20.4086851268
70 3 20.4086851268
71 3 20.4086851268
72 3 20.4086851268
73 3 20.4086851268
74 3 20.4086851268
75 3 20.4086851268
76 3 20.4086851268
77 3 20.4086851268
78 3 20.4086851268
79 3 20.4086851268
80 3 20.4086851268
81 4 25.8819744121
82 4 25.8819744121
83 4 25.8819744121
84 4 25.8819744121
85 4 25.8819744121
86 4 25.8819744121
87 4 25.8819744121
88 4 25.8819744121
89 4 25.8819744121
90 4 25.8819744121
91 4 25.8819744121
92 4 25.8819744121
93 4 25.8819744121
94 4 25.8819744121
95 4 25.8819744121
96 4 25.8819744121
97 4 25.8819744121
98 4 25.8819744121
99 4 25.8819744121
100 4 25.8819744121
101 5 16.2256174509
102 5 16.2256174509
103 5 16.2256174509
104 5 16.2256174509
105 5 16.2256174509
106 5 16.2256174509
107 5 16.2256174509
108 5 16.2256174509
109 5 16.2256174509
110 5 16.2256174509
111 5 16.2256174509
112 5 16.2256174509
113 5 16.2256174509
114 5 16.2256174509
115 5 16.2256174509
116 5 16.2256174509
117 5 16.2256174509
118 5 16.2256174509
119 5 16.2256174509
120 5 16.2256174509
121 6 18.3484752574
122 6 18.3484752574
123 6 18.3484752574
124 6 18.3484752574
125 6 18.3484752574
126 6 18.3484752574
127 6 18.3484752574
128 6 18.3484752574
129 6 18.3484752574
130 6 18.3484752574
131 6 18.3484752574
132 6 18.3484752574
133 6 18.3484752574
134 6 18.3484752574
135 6 18.3484752574
136 6 18.3484752574
137 6 18.3484752574
138 6 18.3484752574
139 6 18.3484752574
140 6 18.3484752574
141 7 17.9867204055
142 7 17.9867204055
143 7 17.9867204055
144 7 17.9867204055
145 7 17.9867204055
146 7 17.9867204055
147 7 17.9867204055
148 7 17.9867204055
149 7 17.9867204055
150 7 17.9867204055
151 7 17.9867204055
152 7 17.9867204055
153 7 17.9867204055
154 7 17.9867204055
155 7 17.9867204055
156 7 17.9867204055
157 7 17.9867204055
