1 0 12.4987898543
2 0 12.4987898543
3 0 12.4987898543
4 0 12.4987898543
5 0 12.4987898543
6 0 12.4987898543
7 0 12.4987898543
8 0 12.4987898543
9 0 12.4987898543
10 0 12.4987898543
11 0 12.4987898543
12 0 12.4987898543
13 0 12.4987898543
14 0 12.4987898543
15 0 12.4987898543
16 0 12.4987898543
17 0 12.4987898543
18 0 12.4987898543
19 0 12.4987898543
20 0 12.4987898543
21 1 16.3347653698
22 1 16.3347653698
23 1 16.3347653698
24 1 16.3347653698
25 1 16.3347653698
26 1 16.3347653698
27 1 16.3347653698
28 1 16.3347653698
29 1 16.3347653698
30 1 16.3347653698
31 1 16.3347653698
32 1 16.3347653698
33 1 16.3347653698
34 1 16.3347653698
35 1 16.3347653698
36 1 16.3347653698
37 1 16.3347653698
38 1 16.3347653698
39 1 16.3347653698
40 1 16.3347653698
41 2 13.8307369411
42 2 13.8307369411
43 2 13.8307369411
44 2 13.8307369411
45 2 13.8307369411
46 2 13.8307369411
47 2 13.8307369411
48 2 13.8307369411
49 2 13.8307369411
50 2 13.8307369411
51 2 13.8307369411
52 2 13.8307369411
53 2 13.8307369411
54 2 13.8307369411
55 2 13.8307369411
56 2 13.8307369411
57 2 13.8307369411
58 2 13.8307369411
59 2 13.8307369411
60 2 13.8307369411
61 3 10.4773082512
62 3 10.4773082512
63 3 10.4773082512
64 3 10.4773082512
65 3 10.4773082512
66 3 10.4773082512
67 3 10.4773082512
68 3 10.4773082512
69 3 10.4773082512
70 3 10.4773082512
71 3 10.4773082512
72 3 10.4773082512
73 3 10.4773082512
74 3 10.4773082512
75 3 10.4773082512
76 3 10.4773082512
77 3 10.4773082512
78 3 10.4773082512
79 3 10.4773082512
80 3 10.4773082512
81 4 12.2288349352
82 4 12.2288349352
83 4 12.2288349352
84 4 12.2288349352
85 4 12.2288349352
86 4 12.2288349352
87 4 12.2288349352
88 4 12.2288349352
89 4 12.2288349352
90 4 12.2288349352
91 4 12.2288349352
92 4 12.2288349352
93 4 12.2288349352
94 4 12.2288349352
95 4 12.2288349352
96 4 12.2288349352
97 4 12.2288349352
98 4 12.2288349352
99 4 12.2288349352
100 4 12.2288349352
101 5 13.2407643952
102 5 13.2407643952
103 5 13.2407643952
104 5 13.2407643952
105 5 13.2407643952
106 5 13.2407643952
107 5 13.2407643952
108 5 13.2407643952
109 5 13.2407643952
110 5 13.2407643952
111 5 13.2407643952
112 5 13.2407643952
113 5 13.2407643952
114 5 13.2407643952
115 5 13.2407643952
116 5 13.2407643952
117 5 13.2407643952
118 5 13.2407643952
119 5 13.2407643952
120 5 13.2407643952
121 6 15.9143555857
122 6 15.9143555857
123 6 15.9143555857
124 6 15.9143555857
125 6 15.9143555857
126 6 15.9143555857
127 6 15.9143555857
128 6 15.9143555857
129 6 15.9143555857
130 6 15.9143555857
131 6 15.9143555857
132 6 15.9143555857
133 6 15.9143555857
134 6 15.9143555857
135 6 15.9143555857
136 6 15.9143555857
137 6 15.9143555857
138 6 15.9143555857
139 6 15.9143555857
140 6 15.9143555857
141 7 11.5112041867
142 7 11.5112041867
143 7 11.5112041867
144 7 11.5112041867
145 7 11.5112041867
146 7 11.5112041867
147 7 11.5112041867
148 7 11.5112041867
149 7 11.5112041867
150 7 11.5112041867
151 7 11.5112041867
152 7 11.5112041867
153 7 11.5112041867
154 7 11.5112041867
155 7 11.5112041867
156 7 11.5112041867
157 7 11.5112041867
158 7 11.5112041867
159 7 11.5112041867
160 7 11.5112041867
161 8 12.4256263872
162 8 12.4256263872
163 8 12.4256263872
164 8 12.4256263872
165 8 12.4256263872
166 8 12.4256263872
167 8 12.4256263872
168 8 12.4256263872
169 8 12.4256263872
170 8 12.4256263872
171 8 12.4256263872
172 8 12.4256263872
173 8 12.4256263872
174 8 12.4256263872
175 8 12.4256263872
176 8 12.4256263872
177 8 12.4256263872
178 8 12.4256263872
179 8 12.4256263872
180 8 12.4256263872
181 9 15.9075932743
182 9 15.9075932743
183 9 15.9075932743
184 9 15.9075932743
185 9 15.9075932743
186 9 15.9075932743
187 9 15.9075932743
188 9 15.9075932743
189 9 15.9075932743
190 9 15.9075932743
191 9 15.9075932743
192 9 15.9075932743
193 9 15.9075932743
194 9 15.9075932743
195 9 15.9075932743
196 9 15.9075932743
197 9 15.9075932743
198 9 15.9075932743
199 9 15.9075932743
200 9 15.9075932743
201 10 19.7787428908
202 10 19.7787428908
203 10 19.7787428908
204 10 19.7787428908
205 10 19.7787428908
206 10 19.7787428908
207 10 19.7787428908
208 10 19.7787428908
209 10 19.7787428908
210 10 19.7787428908
211 10 19.7787428908
212 10 19.7787428908
213 10 19.7787428908
214 10 19.7787428908
215 10 19.7787428908
216 10 19.7787428908
217 10 19.7787428908
218 10 19.7787428908
219 10 19.7787428908
220 10 19.7787428908
221 11 26.5916920976
222 11 26.5916920976
223 11 26.5916920976
224 11 26.5916920976
225 11 26.5916920976
226 11 26.5916920976
227 11 26.5916920976
228 11 26.5916920976
229 11 26.5916920976
230 11 26.5916920976
231 11 26.5916920976
232 11 26.5916920976
233 11 26.5916920976
234 11 26.5916920976
235 11 26.5916920976
236 11 26.5916920976
237 11 26.5916920976
238 11 26.5916920976
239 11 26.5916920976
240 11 26.5916920976
241 12 27.0853892779
242 12 27.0853892779
243 12 27.0853892779
244 12 27.0853892779
245 12 27.0853892779
246 12 27.0853892779
247 12 27.0853892779
248 12 27.0853892779
249 12 27.0853892779
250 12 27.0853892779
251 12 27.0853892779
252 12 27.0853892779
253 12 27.0853892779
254 12 27.0853892779
255 12 27.0853892779
256 12 27.0853892779
257 12 27.0853892779
258 12 27.0853892779
259 12 27.0853892779
260 12 27.0853892779
261 13 29.6048918083
262 13 29.6048918083
263 13 29.6048918083
264 13 29.6048918083
265 13 29.6048918083
266 13 29.6048918083
267 13 29.6048918083
268 13 29.6048918083
269 13 29.6048918083
270 13 29.6048918083
271 13 29.6048918083
272 13 29.6048918083
273 13 29.6048918083
274 13 29.6048918083
275 13 29.6048918083
276 13 29.6048918083
277 13 29.6048918083
278 13 29.6048918083
279 13 29.6048918083
280 13 29.6048918083
281 14 32.7284834298
282 14 32.7284834298
283 14 32.7284834298
284 14 32.7284834298
285 14 32.7284834298
286 14 32.7284834298
287 14 32.7284834298
288 14 32.7284834298
289 14 32.7284834298
290 14 32.7284834298
291 14 32.7284834298
292 14 32.7284834298
293 14 32.7284834298
294 14 32.7284834298
295 14 32.7284834298
296 14 32.7284834298
297 14 32.7284834298
298 14 32.7284834298
299 14 32.7284834298
300 14 32.7284834298
301 15 31.5242090609
302 15 31.5242090609
303 15 31.5242090609
304 15 31.5242090609
305 15 31.5242090609
306 15 31.5242090609
307 15 31.5242090609
308 15 31.5242090609
309 15 31.5242090609
310 15 31.5242090609
311 15 31.5242090609
312 15 31.5242090609
313 15 31.5242090609
314 15 31.5242090609
315 15 31.5242090609
316 15 31.5242090609
317 15 31.5242090609
318 15 31.5242090609
319 15 31.5242090609
320 15 31.5242090609
321 16 26.1825043928
322 16 26.1825043928
323 16 26.1825043928
324 16 26.1825043928
325 16 26.1825043928
326 16 26.1825043928
327 16 26.1825043928
328 16 26.1825043928
329 16 26.1825043928
330 16 26.1825043928
331 16 26.1825043928
332 16 26.1825043928
333 16 26.1825043928
334 16 26.1825043928
335 16 26.1825043928
336 16 26.1825043928
337 16 26.1825043928
338 16 26.1825043928
339 16 26.1825043928
340 16 26.1825043928
341 17 19.9501430679
342 17 19.9501430679
343 17 19.9501430679
344 17 19.9501430679
345 17 19.9501430679
346 17 19.9501430679
347 17 19.9501430679
348 17 19.9501430679
349 17 19.9501430679
350 17 19.9501430679
351 17 19.9501430679
352 17 19.9501430679
353 17 19.9501430679
354 17 19.9501430679
355 17 19.9501430679
356 17 19.9501430679
357 17 19.9501430679
358 17 19.9501430679
359 17 19.9501430679
360 17 19.9501430679
361 18 23.5553389264
362 18 23.5553389264
363 18 23.5553389264
364 18 23.5553389264
365 18 23.5553389264
366 18 23.5553389264
367 18 23.5553389264
368 18 23.5553389264
369 18 23.5553389264
370 18 23.5553389264
371 18 23.5553389264
372 18 23.5553389264
373 18 23.5553389264
374 18 23.5553389264
375 18 23.5553389264
376 18 23.5553389264
377 18 23.5553389264
378 18 23.5553389264
379 18 23.5553389264
380 18 23.5553389264
381 19 19.2160753759
382 19 19.2160753759
383 19 19.2160753759
384 19 19.2160753759
385 19 19.2160753759
386 19 19.2160753759
387 19 19.2160753759
388 19 19.2160753759
389 19 19.2160753759
390 19 19.2160753759
391 19 19.2160753759
392 19 19.2160753759
393 19 19.2160753759
394 19 19.2160753759
395 19 19.2160753759
396 19 19.2160753759
397 19 19.2160753759
398 19 19.2160753759
399 19 19.2160753759
400 19 19.2160753759
401 20 24.6143602373
402 20 24.6143602373
403 20 24.6143602373
404 20 24.6143602373
405 20 24.6143602373
406 20 24.6143602373
407 20 24.6143602373
408 20 24.6143602373
409 20 24.6143602373
410 20 24.6143602373
411 20 24.6143602373
412 20 24.6143602373
413 20 24.6143602373
414 20 24.6143602373
415 20 24.6143602373
416 20 24.6143602373
417 20 24.6143602373
418 20 24.6143602373
419 20 24.6143602373
420 20 24.6143602373
421 21 30.626187606
422 21 30.626187606
423 21 30.626187606
424 21 30.626187606
425 21 30.626187606
426 21 30.626187606
427 21 30.626187606
428 21 30.626187606
429 21 30.626187606
430 21 30.626187606
431 21 30.626187606
432 21 30.626187606
433 21 30.626187606
434 21 30.626187606
435 21 30.626187606
436 21 30.626187606
437 21 30.626187606
438 21 30.626187606
439 21 30.626187606
440 21 30.626187606
441 22 37.6160669116
442 22 37.6160669116
443 22 37.6160669116
444 22 37.6160669116
445 22 37.6160669116
446 22 37.6160669116
447 22 37.6160669116
448 22 37.6160669116
449 22 37.6160669116
450 22 37.6160669116
451 22 37.6160669116
452 22 37.6160669116
453 22 37.6160669116
454 22 37.6160669116
455 22 37.6160669116
456 22 37.6160669116
457 22 37.6160669116
458 22 37.6160669116
459 22 37.6160669116
460 22 37.6160669116
461 23 38.4291629719
462 23 38.4291629719
463 23 38.4291629719
464 23 38.4291629719
465 23 38.4291629719
466 23 38.4291629719
467 23 38.4291629719
468 23 38.4291629719
469 23 38.4291629719
470 23 38.4291629719
471 23 38.4291629719
472 23 38.4291629719
473 23 38.4291629719
474 23 38.4291629719
475 23 38.4291629719
476 23 38.4291629719
477 23 38.4291629719
478 23 38.4291629719
479 23 38.4291629719
480 23 38.4291629719
481 24 36.7342099659
482 24 36.7342099659
483 24 36.7342099659
484 24 36.7342099659
485 24 36.7342099659
486 24 36.7342099659
487 24 36.7342099659
488 24 36.7342099659
489 24 36.7342099659
490 24 36.7342099659
491 24 36.7342099659
492 24 36.7342099659
493 24 36.7342099659
494 24 36.7342099659
495 24 36.7342099659
496 24 36.7342099659
497 24 36.7342099659
498 24 36.7342099659
499 24 36.7342099659
500 24 36.7342099659
501 25 32.6756919647
502 25 32.6756919647
503 25 32.6756919647
504 25 32.6756919647
505 25 32.6756919647
506 25 32.6756919647
507 25 32.6756919647
508 25 32.6756919647
509 25 32.6756919647
510 25 32.6756919647
511 25 32.6756919647
512 25 32.6756919647
513 25 32.6756919647
514 25 32.6756919647
515 25 32.6756919647
516 25 32.6756919647
517 25 32.6756919647
518 25 32.6756919647
519 25 32.6756919647
520 25 32.6756919647
521 26 35.9061321107
522 26 35.9061321107
523 26 35.9061321107
524 26 35.9061321107
525 26 35.9061321107
526 26 35.9061321107
527 26 35.9061321107
528 26 35.9061321107
529 26 35.9061321107
530 26 35.9061321107
531 26 35.9061321107
532 26 35.9061321107
533 26 35.9061321107
534 26 35.9061321107
535 26 35.9061321107
536 26 35.9061321107
537 26 35.9061321107
538 26 35.9061321107
539 26 35.9061321107
540 26 35.9061321107
541 27 45.5417321672
542 27 45.5417321672
543 27 45.5417321672
544 27 45.5417321672
545 27 45.5417321672
546 27 45.5417321672
547 27 45.5417321672
548 27 45.5417321672
549 27 45.5417321672
550 27 45.5417321672
551 27 45.5417321672
552 27 45.5417321672
553 27 45.5417321672
554 27 45.5417321672
555 27 45.5417321672
556 27 45.5417321672
557 27 45.5417321672
558 27 45.5417321672
559 27 45.5417321672
560 27 45.5417321672
561 28 46.9129834391
562 28 46.9129834391
563 28 46.9129834391
564 28 46.9129834391
565 28 46.9129834391
566 28 46.9129834391
