1 0 14.4183228391
2 0 14.4183228391
3 0 14.4183228391
4 0 14.4183228391
5 0 14.4183228391
6 0 14.4183228391
7 0 14.4183228391
8 0 14.4183228391
9 0 14.4183228391
10 0 14.4183228391
11 0 14.4183228391
12 0 14.4183228391
13 0 14.4183228391
14 0 14.4183228391
15 0 14.4183228391
16 0 14.4183228391
17 0 14.4183228391
18 0 14.4183228391
19 0 14.4183228391
20 0 14.4183228391
21 0 14.4183228391
22 0 14.4183228391
23 0 14.4183228391
24 0 14.4183228391
25 0 14.4183228391
26 0 14.4183228391
27 0 14.4183228391
28 0 14.4183228391
29 0 14.4183228391
30 0 14.4183228391
31 0 14.4183228391
32 0 14.4183228391
33 0 14.4183228391
34 0 14.4183228391
35 0 14.4183228391
36 0 14.4183228391
37 0 14.4183228391
38 0 14.4183228391
39 0 14.4183228391
40 0 14.4183228391
41 1 16.5411260977
42 1 16.5411260977
43 1 16.5411260977
44 1 16.5411260977
45 1 16.5411260977
46 1 16.5411260977
47 1 16.5411260977
48 1 16.5411260977
49 1 16.5411260977
50 1 16.5411260977
51 1 16.5411260977
52 1 16.5411260977
53 1 16.5411260977
54 1 16.5411260977
55 1 16.5411260977
56 1 16.5411260977
57 1 16.5411260977
58 1 16.5411260977
59 1 16.5411260977
60 1 16.5411260977
61 1 16.5411260977
62 1 16.5411260977
63 1 16.5411260977
64 1 16.5411260977
65 1 16.5411260977
66 1 16.5411260977
67 1 16.5411260977
68 1 16.5411260977
69 1 16.5411260977
70 1 16.5411260977
71 1 16.5411260977
72 1 16.5411260977
73 1 16.5411260977
74 1 16.5411260977
75 1 16.5411260977
76 1 16.5411260977
77 1 16.5411260977
78 1 16.5411260977
79 1 16.5411260977
80 1 16.5411260977
81 2 20.6996218985
82 2 20.6996218985
83 2 20.6996218985
84 2 20.6996218985
85 2 20.6996218985
86 2 20.6996218985
87 2 20.6996218985
88 2 20.6996218985
89 2 20.6996218985
90 2 20.6996218985
91 2 20.6996218985
92 2 20.6996218985
93 2 20.6996218985
94 2 20.6996218985
95 2 20.6996218985
96 2 20.6996218985
97 2 20.6996218985
98 2 20.6996218985
99 2 20.6996218985
100 2 20.6996218985
101 2 20.6996218985
102 2 20.6996218985
103 2 20.6996218985
104 2 20.6996218985
105 2 20.6996218985
106 2 20.6996218985
107 2 20.6996218985
108 2 20.6996218985
109 2 20.6996218985
110 2 20.6996218985
111 2 20.6996218985
112 2 20.6996218985
113 2 20.6996218985
114 2 20.6996218985
115 2 20.6996218985
116 2 20.6996218985
117 2 20.6996218985
118 2 20.6996218985
119 2 20.6996218985
120 2 20.6996218985
121 3 21.2237007968
122 3 21.2237007968
123 3 21.2237007968
124 3 21.2237007968
125 3 21.2237007968
126 3 21.2237007968
127 3 21.2237007968
128 3 21.2237007968
129 3 21.2237007968
130 3 21.2237007968
131 3 21.2237007968
132 3 21.2237007968
133 3 21.2237007968
134 3 21.2237007968
135 3 21.2237007968
136 3 21.2237007968
137 3 21.2237007968
138 3 21.2237007968
139 3 21.2237007968
140 3 21.2237007968
141 3 21.2237007968
142 3 21.2237007968
143 3 21.2237007968
144 3 21.2237007968
145 3 21.2237007968
146 3 21.2237007968
147 3 21.2237007968
148 3 21.2237007968
149 3 21.2237007968
150 3 21.2237007968
151 3 21.2237007968
152 3 21.2237007968
153 3 21.2237007968
154 3 21.2237007968
155 3 21.2237007968
156 3 21.2237007968
157 3 21.2237007968
158 3 21.2237007968
159 3 21.2237007968
160 3 21.2237007968
161 4 27.7432914557
162 4 27.7432914557
163 4 27.7432914557
164 4 27.7432914557
165 4 27.7432914557
166 4 27.7432914557
167 4 27.7432914557
168 4 27.7432914557
169 4 27.7432914557
170 4 27.7432914557
171 4 27.7432914557
172 4 27.7432914557
173 4 27.7432914557
174 4 27.7432914557
175 4 27.7432914557
176 4 27.7432914557
177 4 27.7432914557
178 4 27.7432914557
179 4 27.7432914557
180 4 27.7432914557
181 4 27.7432914557
182 4 27.7432914557
183 4 27.7432914557
184 4 27.7432914557
185 4 27.7432914557
186 4 27.7432914557
187 4 27.7432914557
188 4 27.7432914557
189 4 27.7432914557
190 4 27.7432914557
191 4 27.7432914557
192 4 27.7432914557
193 4 27.7432914557
194 4 27.7432914557
195 4 27.7432914557
196 4 27.7432914557
197 4 27.7432914557
198 4 27.7432914557
199 4 27.7432914557
200 4 27.7432914557
201 5 35.109807481
202 5 35.109807481
203 5 35.109807481
204 5 35.109807481
205 5 35.109807481
206 5 35.109807481
207 5 35.109807481
208 5 35.109807481
209 5 35.109807481
210 5 35.109807481
211 5 35.109807481
212 5 35.109807481
213 5 35.109807481
214 5 35.109807481
215 5 35.109807481
216 5 35.109807481
217 5 35.109807481
218 5 35.109807481
219 5 35.109807481
220 5 35.109807481
221 5 35.109807481
222 5 35.109807481
223 5 35.109807481
224 5 35.109807481
225 5 35.109807481
226 5 35.109807481
227 5 35.109807481
228 5 35.109807481
229 5 35.109807481
230 5 35.109807481
231 5 35.109807481
232 5 35.109807481
233 5 35.109807481
234 5 35.109807481
235 5 35.109807481
236 5 35.109807481
237 5 35.109807481
238 5 35.109807481
239 5 35.109807481
240 5 35.109807481
241 6 41.3373856853
242 6 41.3373856853
243 6 41.3373856853
244 6 41.3373856853
245 6 41.3373856853
246 6 41.3373856853
247 6 41.3373856853
248 6 41.3373856853
249 6 41.3373856853
250 6 41.3373856853
251 6 41.3373856853
252 6 41.3373856853
253 6 41.3373856853
254 6 41.3373856853
255 6 41.3373856853
256 6 41.3373856853
257 6 41.3373856853
258 6 41.3373856853
259 6 41.3373856853
260 6 41.3373856853
261 6 41.3373856853
262 6 41.3373856853
263 6 41.3373856853
264 6 41.3373856853
265 6 41.3373856853
266 6 41.3373856853
267 6 41.3373856853
268 6 41.3373856853
269 6 41.3373856853
270 6 41.3373856853
271 6 41.3373856853
272 6 41.3373856853
273 6 41.3373856853
274 6 41.3373856853
275 6 41.3373856853
276 6 41.3373856853
277 6 41.3373856853
278 6 41.3373856853
279 6 41.3373856853
280 6 41.3373856853
281 7 40.5807053296
282 7 40.5807053296
283 7 40.5807053296
284 7 40.5807053296
285 7 40.5807053296
286 7 40.5807053296
287 7 40.5807053296
288 7 40.5807053296
289 7 40.5807053296
290 7 40.5807053296
291 7 40.5807053296
292 7 40.5807053296
293 7 40.5807053296
294 7 40.5807053296
295 7 40.5807053296
296 7 40.5807053296
297 7 40.5807053296
298 7 40.5807053296
299 7 40.5807053296
300 7 40.5807053296
301 7 40.5807053296
302 7 40.5807053296
303 7 40.5807053296
304 7 40.5807053296
305 7 40.5807053296
306 7 40.5807053296
307 7 40.5807053296
308 7 40.5807053296
309 7 40.5807053296
310 7 40.5807053296
311 7 40.5807053296
312 7 40.5807053296
313 7 40.5807053296
314 7 40.5807053296
315 7 40.5807053296
316 7 40.5807053296
317 7 40.5807053296
318 7 40.5807053296
319 7 40.5807053296
320 7 40.5807053296
321 8 36.8954735333
322 8 36.8954735333
323 8 36.8954735333
324 8 36.8954735333
325 8 36.8954735333
326 8 36.8954735333
327 8 36.8954735333
328 8 36.8954735333
329 8 36.8954735333
330 8 36.8954735333
331 8 36.8954735333
332 8 36.8954735333
333 8 36.8954735333
334 8 36.8954735333
335 8 36.8954735333
336 8 36.8954735333
337 8 36.8954735333
338 8 36.8954735333
339 8 36.8954735333
340 8 36.8954735333
341 8 36.8954735333
342 8 36.8954735333
343 8 36.8954735333
344 8 36.8954735333
345 8 36.8954735333
346 8 36.8954735333
347 8 36.8954735333
348 8 36.8954735333
349 8 36.8954735333
350 8 36.8954735333
351 8 36.8954735333
352 8 36.8954735333
353 8 36.8954735333
354 8 36.8954735333
355 8 36.8954735333
356 8 36.8954735333
357 8 36.8954735333
358 8 36.8954735333
359 8 36.8954735333
360 8 36.8954735333
361 9 34.9055222151
362 9 34.9055222151
363 9 34.9055222151
364 9 34.9055222151
365 9 34.9055222151
366 9 34.9055222151
367 9 34.9055222151
368 9 34.9055222151
369 9 34.9055222151
370 9 34.9055222151
371 9 34.9055222151
372 9 34.9055222151
373 9 34.9055222151
374 9 34.9055222151
375 9 34.9055222151
376 9 34.9055222151
377 9 34.9055222151
378 9 34.9055222151
379 9 34.9055222151
380 9 34.9055222151
381 9 34.9055222151
382 9 34.9055222151
383 9 34.9055222151
384 9 34.9055222151
385 9 34.9055222151
386 9 34.9055222151
387 9 34.9055222151
388 9 34.9055222151
389 9 34.9055222151
390 9 34.9055222151
391 9 34.9055222151
392 9 34.9055222151
393 9 34.9055222151
394 9 34.9055222151
395 9 34.9055222151
396 9 34.9055222151
397 9 34.9055222151
398 9 34.9055222151
399 9 34.9055222151
400 9 34.9055222151
401 10 32.1892123816
402 10 32.1892123816
403 10 32.1892123816
404 10 32.1892123816
405 10 32.1892123816
406 10 32.1892123816
407 10 32.1892123816
408 10 32.1892123816
409 10 32.1892123816
410 10 32.1892123816
411 10 32.1892123816
412 10 32.1892123816
413 10 32.1892123816
414 10 32.1892123816
415 10 32.1892123816
416 10 32.1892123816
417 10 32.1892123816
418 10 32.1892123816
419 10 32.1892123816
420 10 32.1892123816
421 10 32.1892123816
422 10 32.1892123816
423 10 32.1892123816
424 10 32.1892123816
425 10 32.1892123816
426 10 32.1892123816
427 10 32.1892123816
428 10 32.1892123816
429 10 32.1892123816
430 10 32.1892123816
431 10 32.1892123816
432 10 32.1892123816
433 10 32.1892123816
434 10 32.1892123816
435 10 32.1892123816
436 10 32.1892123816
