1 0 24.9920281021
2 0 24.9920281021
3 0 24.9920281021
4 0 24.9920281021
5 0 24.9920281021
6 0 24.9920281021
7 0 24.9920281021
8 0 24.9920281021
9 0 24.9920281021
10 0 24.9920281021
11 0 24.9920281021
12 0 24.9920281021
13 0 24.9920281021
14 0 24.9920281021
15 0 24.9920281021
16 0 24.9920281021
17 0 24.9920281021
18 0 24.9920281021
19 1 27.5805316666
20 2 25.7614617612
21 3 24.9293598602
22 4 24.124298629
23 5 22.6111464806
24 6 23.1589972992
25 7 23.7724138356
26 8 22.3171996728
27 9 21.4111209255
28 10 22.6946826875
29 11 22.7359861117
30 12 21.1800987236
31 13 21.1998123301
32 14 22.7357294125
33 15 21.9631945767
34 16 21.330032152
35 17 23.0714883268
36 18 23.069672936
37 19 24.8976680093
38 20 24.8688604519
39 21 23.7346231222
40 22 24.6982220048
41 23 26.318002124
42 24 25.2484025614
43 25 24.3839145328
44 26 25.7742679275
45 27 26.4496510496
46 28 26.9016703954
47 29 27.0399628514
48 30 25.5830139901
49 31 24.9309168567
50 32 26.1844320659
51 33 25.6020166079
52 34 24.0441011268
53 35 24.2051898114
54 36 23.5743908425
55 37 22.4224217119
56 38 22.0859818152
57 39 22.2240168302
58 40 21.2534311801
59 41 20.2209764993
60 42 20.5954474642
61 43 20.2556722034
62 44 18.8694476096
63 45 18.9199976305
64 46 18.5771415335
65 47 17.2681072874
66 48 16.8158030757
67 49 17.0164992929
68 50 17.8764813927
69 51 18.4568058963
70 52 17.4493007382
71 53 17.5311418437
72 54 19.0058214178
73 55 18.8549190278
74 56 19.6723670054
75 57 19.8802533625
76 58 18.2140473495
77 59 18.9548146017
78 60 19.6592197043
79 61 18.2560315128
80 62 17.845728112
81 63 19.5361965625
82 64 19.8214132302
83 65 18.6543515241
84 66 18.9457736942
85 67 20.6148335431
86 68 19.990471037
87 69 19.0891421505
88 70 20.1473103803
89 71 21.1636320626
90 72 20.7554582246
91 73 21.4755180396
92 74 22.2396780566
93 75 23.8904329868
94 76 24.7736717354
95 77 26.3134037709
96 78 27.7010208864
97 79 27.8604047327
98 80 26.3361225732
99 81 25.9402656562
100 82 24.3891085143
101 83 24.6339607057
102 84 23.3102334433
103 85 23.7507107794
104 86 25.2569021038
105 87 25.1454825909
106 88 24.80610202
107 89 26.1882975141
108 90 26.7450652808
109 91 28.44252038
110 92 28.5394085978
111 93 34.3987891398
112 93 34.3987891398
113 93 34.3987891398
114 93 34.3987891398
115 93 34.3987891398
116 93 34.3987891398
117 93 34.3987891398
118 93 34.3987891398
119 93 34.3987891398
120 93 34.3987891398
121 93 34.3987891398
122 93 34.3987891398
123 93 34.3987891398
124 93 34.3987891398
125 93 34.3987891398
126 93 34.3987891398
127 93 34.3987891398
