1 0 33.6131879829
2 0 33.6131879829
3 0 33.6131879829
4 0 33.6131879829
5 0 33.6131879829
6 0 33.6131879829
7 0 33.6131879829
8 0 33.6131879829
9 0 33.6131879829
10 0 33.6131879829
11 0 33.6131879829
12 0 33.6131879829
13 0 33.6131879829
14 0 33.6131879829
15 0 33.6131879829
16 0 33.6131879829
17 0 33.6131879829
18 0 33.6131879829
19 0 33.6131879829
20 0 33.6131879829
21 1 26.644972638
22 1 26.644972638
23 1 26.644972638
24 1 26.644972638
25 1 26.644972638
26 1 26.644972638
27 1 26.644972638
28 1 26.644972638
29 1 26.644972638
30 1 26.644972638
31 1 26.644972638
32 1 26.644972638
33 1 26.644972638
34 1 26.644972638
35 1 26.644972638
36 1 26.644972638
37 1 26.644972638
38 1 26.644972638
39 1 26.644972638
40 1 26.644972638
41 2 23.2380388708
42 2 23.2380388708
43 2 23.2380388708
44 2 23.2380388708
45 2 23.2380388708
46 2 23.2380388708
47 2 23.2380388708
48 2 23.2380388708
49 2 23.2380388708
50 2 23.2380388708
51 2 23.2380388708
52 2 23.2380388708
53 2 23.2380388708
54 2 23.2380388708
55 2 23.2380388708
56 2 23.2380388708
57 2 23.2380388708
58 2 23.2380388708
59 2 23.2380388708
60 2 23.2380388708
61 3 21.577874793
62 3 21.577874793
63 3 21.577874793
64 3 21.577874793
65 3 21.577874793
66 3 21.577874793
67 3 21.577874793
68 3 21.577874793
69 3 21.577874793
70 3 21.577874793
71 3 21.577874793
72 3 21.577874793
73 3 21.577874793
74 3 21.577874793
75 3 21.577874793
76 3 21.577874793
77 3 21.577874793
78 3 21.577874793
79 3 21.577874793
80 3 21.577874793
81 4 22.9981543131
82 4 22.9981543131
83 4 22.9981543131
84 4 22.9981543131
85 4 22.9981543131
86 4 22.9981543131
87 4 22.9981543131
88 4 22.9981543131
89 4 22.9981543131
90 4 22.9981543131
91 4 22.9981543131
92 4 22.9981543131
93 4 22.9981543131
94 4 22.9981543131
95 4 22.9981543131
96 4 22.9981543131
97 4 22.9981543131
98 4 22.9981543131
99 4 22.9981543131
100 4 22.9981543131
101 5 23.0332886488
102 5 23.0332886488
103 5 23.0332886488
104 5 23.0332886488
105 5 23.0332886488
106 5 23.0332886488
107 5 23.0332886488
108 5 23.0332886488
109 5 23.0332886488
110 5 23.0332886488
111 5 23.0332886488
112 5 23.0332886488
113 5 23.0332886488
114 5 23.0332886488
115 5 23.0332886488
116 5 23.0332886488
117 5 23.0332886488
118 5 23.0332886488
119 5 23.0332886488
120 5 23.0332886488
121 6 28.5330319722
122 6 28.5330319722
123 6 28.5330319722
124 6 28.5330319722
125 6 28.5330319722
126 6 28.5330319722
127 6 28.5330319722
128 6 28.5330319722
129 6 28.5330319722
130 6 28.5330319722
131 6 28.5330319722
132 6 28.5330319722
133 6 28.5330319722
134 6 28.5330319722
135 6 28.5330319722
136 6 28.5330319722
137 6 28.5330319722
138 6 28.5330319722
139 6 28.5330319722
140 6 28.5330319722
141 7 27.7180477202
142 7 27.7180477202
143 7 27.7180477202
144 7 27.7180477202
145 7 27.7180477202
146 7 27.7180477202
147 7 27.7180477202
148 7 27.7180477202
149 7 27.7180477202
150 7 27.7180477202
151 7 27.7180477202
152 7 27.7180477202
153 7 27.7180477202
154 7 27.7180477202
155 7 27.7180477202
156 7 27.7180477202
157 7 27.7180477202
158 7 27.7180477202
159 7 27.7180477202
160 7 27.7180477202
161 8 20.3009212117
162 8 20.3009212117
163 8 20.3009212117
164 8 20.3009212117
165 8 20.3009212117
166 8 20.3009212117
167 8 20.3009212117
168 8 20.3009212117
169 8 20.3009212117
170 8 20.3009212117
171 8 20.3009212117
172 8 20.3009212117
173 8 20.3009212117
174 8 20.3009212117
175 8 20.3009212117
176 8 20.3009212117
177 8 20.3009212117
178 8 20.3009212117
179 8 20.3009212117
180 8 20.3009212117
181 9 20.2887977788
182 9 20.2887977788
183 9 20.2887977788
184 9 20.2887977788
185 9 20.2887977788
186 9 20.2887977788
187 9 20.2887977788
188 9 20.2887977788
189 9 20.2887977788
190 9 20.2887977788
191 9 20.2887977788
192 9 20.2887977788
193 9 20.2887977788
194 9 20.2887977788
195 9 20.2887977788
196 9 20.2887977788
197 9 20.2887977788
198 9 20.2887977788
199 9 20.2887977788
200 9 20.2887977788
201 10 22.9817835476
202 10 22.9817835476
203 10 22.9817835476
204 10 22.9817835476
205 10 22.9817835476
206 10 22.9817835476
207 10 22.9817835476
208 10 22.9817835476
209 10 22.9817835476
210 10 22.9817835476
211 10 22.9817835476
212 10 22.9817835476
213 10 22.9817835476
214 10 22.9817835476
215 10 22.9817835476
216 10 22.9817835476
217 10 22.9817835476
218 10 22.9817835476
219 10 22.9817835476
220 10 22.9817835476
