1 0 20.8500610676
2 0 20.8500610676
3 0 20.8500610676
4 0 20.8500610676
5 0 20.8500610676
6 0 20.8500610676
7 0 20.8500610676
8 0 20.8500610676
9 0 20.8500610676
10 0 20.8500610676
11 0 20.8500610676
12 0 20.8500610676
13 0 20.8500610676
14 0 20.8500610676
15 0 20.8500610676
16 0 20.8500610676
17 0 20.8500610676
18 0 20.8500610676
19 0 20.8500610676
20 0 20.8500610676
21 1 20.8596506184
22 1 20.8596506184
23 1 20.8596506184
24 1 20.8596506184
25 1 20.8596506184
26 1 20.8596506184
27 1 20.8596506184
28 1 20.8596506184
29 1 20.8596506184
30 1 20.8596506184
31 1 20.8596506184
32 1 20.8596506184
33 1 20.8596506184
34 1 20.8596506184
35 1 20.8596506184
36 1 20.8596506184
37 1 20.8596506184
38 1 20.8596506184
39 1 20.8596506184
40 1 20.8596506184
41 2 16.3160113609
42 2 16.3160113609
43 2 16.3160113609
44 2 16.3160113609
45 2 16.3160113609
46 2 16.3160113609
47 2 16.3160113609
48 2 16.3160113609
49 2 16.3160113609
50 2 16.3160113609
51 2 16.3160113609
52 2 16.3160113609
53 2 16.3160113609
54 2 16.3160113609
55 2 16.3160113609
56 2 16.3160113609
57 2 16.3160113609
58 2 16.3160113609
59 2 16.3160113609
60 2 16.3160113609
61 3 7.65965546665
62 3 7.65965546665
63 3 7.65965546665
64 3 7.65965546665
65 3 7.65965546665
66 3 7.65965546665
67 3 7.65965546665
68 3 7.65965546665
69 3 7.65965546665
70 3 7.65965546665
71 3 7.65965546665
72 3 7.65965546665
73 3 7.65965546665
74 3 7.65965546665
75 3 7.65965546665
76 3 7.65965546665
77 3 7.65965546665
78 3 7.65965546665
79 3 7.65965546665
80 3 7.65965546665
81 4 11.2162178935
82 4 11.2162178935
83 4 11.2162178935
84 4 11.2162178935
85 4 11.2162178935
86 4 11.2162178935
87 4 11.2162178935
88 4 11.2162178935
89 4 11.2162178935
90 4 11.2162178935
91 4 11.2162178935
92 4 11.2162178935
93 4 11.2162178935
94 4 11.2162178935
95 4 11.2162178935
96 4 11.2162178935
97 4 11.2162178935
98 4 11.2162178935
99 4 11.2162178935
100 4 11.2162178935
101 5 5.98661786568
102 5 5.98661786568
103 5 5.98661786568
104 5 5.98661786568
105 5 5.98661786568
106 5 5.98661786568
107 5 5.98661786568
108 5 5.98661786568
109 5 5.98661786568
110 5 5.98661786568
111 5 5.98661786568
112 5 5.98661786568
113 5 5.98661786568
114 5 5.98661786568
115 5 5.98661786568
116 5 5.98661786568
117 5 5.98661786568
118 5 5.98661786568
119 5 5.98661786568
120 5 5.98661786568
121 6 14.8763757996
122 6 14.8763757996
123 7 19.8657329608
124 7 19.8657329608
125 7 19.8657329608
126 7 19.8657329608
127 7 19.8657329608
128 7 19.8657329608
129 7 19.8657329608
130 7 19.8657329608
131 7 19.8657329608
132 7 19.8657329608
133 7 19.8657329608
134 7 19.8657329608
135 7 19.8657329608
136 7 19.8657329608
137 7 19.8657329608
138 7 19.8657329608
139 7 19.8657329608
140 7 19.8657329608
141 7 19.8657329608
142 7 19.8657329608
143 8 17.7830196734
144 8 17.7830196734
145 8 17.7830196734
146 8 17.7830196734
147 8 17.7830196734
148 8 17.7830196734
149 8 17.7830196734
150 8 17.7830196734
151 8 17.7830196734
152 8 17.7830196734
153 8 17.7830196734
154 8 17.7830196734
155 8 17.7830196734
156 8 17.7830196734
157 8 17.7830196734
158 8 17.7830196734
159 8 17.7830196734
160 8 17.7830196734
161 8 17.7830196734
162 8 17.7830196734
163 9 14.6287798707
164 9 14.6287798707
165 9 14.6287798707
166 9 14.6287798707
167 9 14.6287798707
168 9 14.6287798707
169 9 14.6287798707
170 9 14.6287798707
171 9 14.6287798707
172 9 14.6287798707
173 9 14.6287798707
174 9 14.6287798707
175 9 14.6287798707
176 9 14.6287798707
177 9 14.6287798707
178 9 14.6287798707
179 9 14.6287798707
180 9 14.6287798707
181 9 14.6287798707
182 10 0.0
183 11 0.0
184 12 0.0
185 13 0.0
186 14 0.0
187 15 0.0
188 16 0.0
189 17 0.0
190 18 0.0
191 19 0.0
192 20 0.0
193 21 0.0
194 22 0.0
195 23 0.0
196 24 0.0
197 25 0.0
198 26 0.0
199 27 0.0
200 28 0.0
201 29 0.0
202 30 0.0
203 31 0.0
204 32 0.0
205 33 0.0
206 34 0.0
207 35 0.0
208 36 0.0
209 37 0.0
210 38 0.0
211 39 0.0
212 40 0.0
213 41 0.0
214 42 0.0
215 43 0.0
216 44 0.0
217 45 0.0
218 46 0.0
219 47 0.0
220 48 0.0
221 49 0.0
222 50 0.0
223 51 0.0
224 52 0.0
225 53 0.0
226 54 0.0
227 55 0.0
228 56 0.0
229 57 0.0
230 58 0.0
231 59 0.0
232 60 0.0
233 61 0.0
234 62 0.0
235 63 0.0
236 64 0.0
237 65 0.0
238 66 0.0
239 67 0.0
240 68 0.0
241 69 0.0
242 70 0.0
243 71 0.0
244 72 0.0
245 73 0.0
246 74 0.0
247 75 0.0
248 76 0.0
249 77 0.0
250 78 0.0
251 79 0.0
252 80 0.0
253 81 0.0
254 82 0.0
255 83 0.0
256 84 0.0
257 85 0.0
258 86 0.0
259 87 0.0
260 88 0.0
261 89 0.0
262 90 0.0
263 91 0.0
264 92 0.0
265 93 0.0
266 94 0.0
267 95 0.0
268 96 0.0
269 97 0.0
270 98 0.0
271 99 0.0
272 100 0.0
273 101 0.0
274 102 0.0
275 103 0.0
276 104 0.0
277 105 0.0
278 106 0.0
279 107 0.0
280 108 0.0
281 109 0.0
282 110 0.0
283 111 0.0
284 112 0.0
285 113 0.0
286 114 0.0
287 115 0.0
288 116 0.0
289 117 0.0
290 118 0.0
291 119 0.0
292 120 0.0
293 121 0.0
294 122 0.0
295 123 0.0
296 124 0.0
297 125 0.0
298 126 0.0
299 127 0.0
300 128 0.0
301 129 0.0
302 130 0.0
303 131 0.0
304 132 0.0
305 133 0.0
306 134 0.0
307 135 0.0
308 136 0.0
309 137 0.0
310 138 0.0
311 139 0.0
312 140 0.0
313 141 0.0
314 142 0.0
315 143 0.0
316 144 0.0
317 145 0.0
318 146 0.0
319 147 0.0
320 148 0.0
321 149 0.0
322 150 0.0
323 151 0.0
324 152 0.0
325 153 0.0
326 154 0.0
327 155 0.0
328 156 0.0
329 157 0.0
330 158 0.0
331 159 0.0
332 160 0.0
333 161 0.0
334 162 0.0
335 163 0.0
336 164 0.0
337 165 0.0
338 166 0.0
339 167 0.0
340 168 0.0
341 169 0.0
342 170 0.0
343 171 0.0
344 172 0.0
345 173 0.0
346 174 0.0
347 175 0.0
348 176 0.0
349 177 0.0
350 178 0.0
351 179 0.0
352 180 0.0
353 181 0.0
354 182 0.0
355 183 0.0
356 184 0.0
357 185 0.0
358 186 0.0
359 187 0.0
360 188 0.0
361 189 0.0
362 190 0.0
363 191 0.0
364 192 0.0
365 193 0.0
366 194 0.0
367 195 0.0
368 196 0.0
369 197 0.0
370 198 0.0
371 199 0.0
372 200 13.0084551099
373 200 13.0084551099
374 200 13.0084551099
375 200 13.0084551099
376 200 13.0084551099
377 200 13.0084551099
378 201 0.0
379 202 0.0
380 203 0.0
381 204 0.0
382 205 0.0
383 206 0.0
384 207 0.0
385 208 0.0
386 209 0.0
387 210 0.0
388 211 0.0
389 212 0.0
390 213 0.0
391 214 0.0
392 215 0.0
393 216 0.0
394 217 0.0
395 218 0.0
396 219 0.0
397 220 0.0
398 221 0.0
399 222 0.0
400 223 0.0
401 224 0.0
402 225 0.0
403 226 0.0
404 227 0.0
405 228 0.0
406 229 0.0
407 230 0.0
408 231 0.0
409 232 0.0
410 233 0.0
411 234 0.0
412 235 0.0
413 236 0.0
414 237 0.0
415 238 0.0
416 239 0.0
417 240 0.0
418 241 0.0
419 242 0.0
420 243 0.0
421 244 0.0
422 245 0.0
423 246 0.0
424 247 0.0
425 248 0.0
426 249 0.0
427 250 0.0
428 251 0.0
429 252 0.0
430 253 0.0
431 254 0.0
432 255 0.0
433 256 0.0
434 257 0.0
435 258 0.0
436 259 0.0
437 260 0.0
438 261 0.0
439 262 0.0
440 263 0.0
441 264 0.0
442 265 0.0
443 266 0.0
444 267 0.0
445 268 0.0
446 269 0.0
447 270 0.0
448 271 0.0
449 272 0.0
450 273 0.0
451 274 0.0
452 275 0.0
453 276 0.0
454 277 0.0
455 278 0.0
456 279 0.0
457 280 0.0
458 281 0.0
459 282 0.0
460 283 0.0
461 284 0.0
462 285 0.0
463 286 0.0
464 287 0.0
465 288 0.0
466 289 0.0
467 290 0.0
468 291 0.0
469 292 0.0
470 293 0.0
471 294 0.0
472 295 0.0
473 296 0.0
474 297 0.0
475 298 0.0
476 299 0.0
477 300 0.0
478 301 0.0
479 302 0.0
480 303 0.0
481 304 0.0
482 305 0.0
483 306 0.0
484 307 0.0
485 308 0.0
486 309 0.0
487 310 0.0
488 311 0.0
489 312 0.0
490 313 0.0
491 314 0.0
492 315 0.0
493 316 0.0
494 317 0.0
495 318 0.0
496 319 0.0
497 320 0.0
498 321 0.0
499 322 0.0
500 323 0.0
501 324 0.0
502 325 0.0
503 326 0.0
504 327 0.0
505 328 0.0
506 329 0.0
507 330 0.0
508 331 0.0
509 332 0.0
510 333 0.0
511 334 0.0
512 335 0.0
513 336 0.0
514 337 0.0
515 338 0.0
516 339 0.0
517 340 0.0
518 341 0.0
519 342 0.0
520 343 0.0
521 344 0.0
522 345 0.0
523 346 0.0
524 347 0.0
525 348 0.0
526 349 0.0
527 350 0.0
528 351 0.0
529 352 0.0
530 353 0.0
531 354 0.0
532 355 0.0
533 356 0.0
534 357 0.0
535 358 0.0
536 359 0.0
537 360 0.0
538 361 0.0
539 362 0.0
540 363 0.0
541 364 0.0
542 365 0.0
543 366 0.0
544 367 0.0
545 368 0.0
546 369 0.0
547 370 0.0
548 371 0.0
549 372 0.0
550 373 0.0
551 374 0.0
552 375 0.0
553 376 0.0
554 377 0.0
555 378 0.0
556 379 0.0
557 380 0.0
558 381 0.0
559 382 0.0
560 383 0.0
561 384 0.0
562 385 0.0
563 386 0.0
564 387 0.0
565 388 0.0
566 389 0.0
567 390 0.0
568 391 0.0
569 392 0.0
570 393 0.0
571 394 0.0
572 395 0.0
573 396 0.0
574 397 0.0
575 398 0.0
576 399 0.0
577 400 0.0
578 401 0.0
579 402 0.0
580 403 0.0
581 404 0.0
582 405 0.0
583 406 0.0
584 407 0.0
585 408 0.0
586 409 0.0
587 410 0.0
588 411 0.0
589 412 0.0
590 413 0.0
591 414 0.0
592 415 0.0
593 416 0.0
594 417 0.0
595 418 0.0
596 419 0.0
597 420 0.0
598 421 0.0
599 422 0.0
600 423 0.0
601 424 0.0
602 425 0.0
603 426 0.0
604 427 0.0
605 428 0.0
606 429 0.0
607 430 0.0
608 431 0.0
609 432 0.0
610 433 0.0
611 434 0.0
612 435 0.0
613 436 0.0
614 437 0.0
615 438 0.0
616 439 0.0
617 440 0.0
618 441 0.0
619 442 0.0
620 443 0.0
621 444 0.0
622 445 0.0
623 446 0.0
624 447 0.0
625 448 0.0
626 449 0.0
627 450 0.0
628 451 0.0
629 452 0.0
630 453 0.0
631 454 0.0
632 455 0.0
633 456 0.0
634 457 0.0
635 458 0.0
636 459 0.0
637 460 0.0
638 461 0.0
639 462 0.0
640 463 0.0
641 464 0.0
642 465 0.0
643 466 0.0
644 467 0.0
645 468 0.0
646 469 0.0
647 470 0.0
648 471 0.0
649 472 0.0
650 473 0.0
651 474 0.0
652 475 0.0
653 476 0.0
654 477 0.0
655 478 0.0
656 479 0.0
657 480 0.0
658 481 0.0
659 482 0.0
660 483 0.0
661 484 0.0
662 485 11.1647522922
663 485 11.1647522922
664 485 11.1647522922
665 485 11.1647522922
666 485 11.1647522922
667 485 11.1647522922
668 485 11.1647522922
669 485 11.1647522922
670 486 0.0
671 487 0.0
672 488 0.0
673 489 0.0
674 490 0.0
675 491 0.0
676 492 0.0
677 493 0.0
678 494 0.0
679 495 0.0
680 496 0.0
681 497 0.0
682 498 0.0
683 499 0.0
684 500 0.0
685 501 0.0
686 502 0.0
687 503 0.0
