1 0 19.0894211844
2 0 19.0894211844
3 0 19.0894211844
4 0 19.0894211844
5 0 19.0894211844
6 0 19.0894211844
7 0 19.0894211844
8 0 19.0894211844
9 0 19.0894211844
10 0 19.0894211844
11 0 19.0894211844
12 0 19.0894211844
13 0 19.0894211844
14 0 19.0894211844
15 0 19.0894211844
16 0 19.0894211844
17 0 19.0894211844
18 0 19.0894211844
19 0 19.0894211844
20 0 19.0894211844
21 0 19.0894211844
22 0 19.0894211844
23 0 19.0894211844
24 0 19.0894211844
25 0 19.0894211844
26 0 19.0894211844
27 0 19.0894211844
28 0 19.0894211844
29 0 19.0894211844
30 0 19.0894211844
31 0 19.0894211844
32 0 19.0894211844
33 0 19.0894211844
34 0 19.0894211844
35 0 19.0894211844
36 0 19.0894211844
37 0 19.0894211844
38 0 19.0894211844
39 0 19.0894211844
40 0 19.0894211844
41 1 28.7737794631
42 1 28.7737794631
43 1 28.7737794631
44 1 28.7737794631
45 1 28.7737794631
46 1 28.7737794631
47 1 28.7737794631
48 1 28.7737794631
49 1 28.7737794631
50 1 28.7737794631
51 1 28.7737794631
52 1 28.7737794631
53 1 28.7737794631
54 1 28.7737794631
55 1 28.7737794631
56 1 28.7737794631
57 1 28.7737794631
58 1 28.7737794631
59 1 28.7737794631
60 1 28.7737794631
61 1 28.7737794631
62 1 28.7737794631
63 1 28.7737794631
64 1 28.7737794631
65 1 28.7737794631
66 1 28.7737794631
67 1 28.7737794631
68 1 28.7737794631
69 1 28.7737794631
70 1 28.7737794631
71 1 28.7737794631
72 1 28.7737794631
73 1 28.7737794631
74 1 28.7737794631
75 1 28.7737794631
76 1 28.7737794631
77 1 28.7737794631
78 1 28.7737794631
79 1 28.7737794631
80 1 28.7737794631
81 2 23.6944752671
82 2 23.6944752671
83 2 23.6944752671
84 2 23.6944752671
85 2 23.6944752671
86 2 23.6944752671
87 2 23.6944752671
88 2 23.6944752671
89 2 23.6944752671
90 2 23.6944752671
91 2 23.6944752671
92 2 23.6944752671
93 2 23.6944752671
94 2 23.6944752671
95 2 23.6944752671
96 2 23.6944752671
97 2 23.6944752671
98 2 23.6944752671
99 2 23.6944752671
100 2 23.6944752671
101 2 23.6944752671
102 2 23.6944752671
103 2 23.6944752671
104 2 23.6944752671
105 2 23.6944752671
106 2 23.6944752671
107 2 23.6944752671
108 2 23.6944752671
109 2 23.6944752671
110 2 23.6944752671
111 2 23.6944752671
112 2 23.6944752671
113 2 23.6944752671
114 2 23.6944752671
115 2 23.6944752671
116 2 23.6944752671
117 2 23.6944752671
118 2 23.6944752671
119 2 23.6944752671
120 2 23.6944752671
121 3 24.7586841471
122 3 24.7586841471
123 3 24.7586841471
124 3 24.7586841471
125 3 24.7586841471
126 3 24.7586841471
127 3 24.7586841471
128 3 24.7586841471
129 3 24.7586841471
130 3 24.7586841471
131 3 24.7586841471
132 3 24.7586841471
133 3 24.7586841471
134 3 24.7586841471
135 3 24.7586841471
136 3 24.7586841471
137 3 24.7586841471
138 3 24.7586841471
139 3 24.7586841471
140 3 24.7586841471
141 3 24.7586841471
142 3 24.7586841471
143 3 24.7586841471
144 3 24.7586841471
145 3 24.7586841471
146 3 24.7586841471
147 3 24.7586841471
148 3 24.7586841471
149 3 24.7586841471
150 3 24.7586841471
151 3 24.7586841471
152 3 24.7586841471
153 3 24.7586841471
154 3 24.7586841471
155 3 24.7586841471
156 3 24.7586841471
157 3 24.7586841471
158 3 24.7586841471
159 3 24.7586841471
160 3 24.7586841471
161 4 27.0488639616
162 4 27.0488639616
163 4 27.0488639616
164 4 27.0488639616
165 4 27.0488639616
166 4 27.0488639616
167 4 27.0488639616
168 4 27.0488639616
169 4 27.0488639616
170 4 27.0488639616
171 4 27.0488639616
172 4 27.0488639616
173 4 27.0488639616
174 4 27.0488639616
175 4 27.0488639616
176 4 27.0488639616
177 4 27.0488639616
178 4 27.0488639616
179 4 27.0488639616
180 4 27.0488639616
181 4 27.0488639616
182 4 27.0488639616
183 4 27.0488639616
184 4 27.0488639616
185 4 27.0488639616
186 4 27.0488639616
187 4 27.0488639616
188 4 27.0488639616
189 4 27.0488639616
190 4 27.0488639616
191 4 27.0488639616
192 4 27.0488639616
193 4 27.0488639616
194 4 27.0488639616
195 4 27.0488639616
196 4 27.0488639616
197 4 27.0488639616
198 4 27.0488639616
199 4 27.0488639616
200 4 27.0488639616
201 5 28.2487772264
202 5 28.2487772264
203 5 28.2487772264
204 5 28.2487772264
205 5 28.2487772264
206 5 28.2487772264
207 5 28.2487772264
208 5 28.2487772264
209 5 28.2487772264
210 5 28.2487772264
211 5 28.2487772264
212 5 28.2487772264
213 5 28.2487772264
214 5 28.2487772264
215 5 28.2487772264
216 5 28.2487772264
217 5 28.2487772264
218 5 28.2487772264
219 5 28.2487772264
220 5 28.2487772264
221 5 28.2487772264
222 5 28.2487772264
223 5 28.2487772264
224 5 28.2487772264
225 5 28.2487772264
226 5 28.2487772264
227 5 28.2487772264
228 5 28.2487772264
229 5 28.2487772264
230 5 28.2487772264
231 5 28.2487772264
232 5 28.2487772264
233 5 28.2487772264
234 5 28.2487772264
235 5 28.2487772264
236 5 28.2487772264
237 5 28.2487772264
238 5 28.2487772264
239 5 28.2487772264
240 5 28.2487772264
241 6 29.9411445784
242 6 29.9411445784
243 6 29.9411445784
244 6 29.9411445784
245 6 29.9411445784
246 6 29.9411445784
247 6 29.9411445784
248 6 29.9411445784
249 6 29.9411445784
250 6 29.9411445784
251 6 29.9411445784
252 6 29.9411445784
253 6 29.9411445784
254 6 29.9411445784
255 6 29.9411445784
256 6 29.9411445784
257 6 29.9411445784
258 6 29.9411445784
259 6 29.9411445784
260 6 29.9411445784
261 6 29.9411445784
262 6 29.9411445784
263 6 29.9411445784
264 6 29.9411445784
265 6 29.9411445784
266 6 29.9411445784
267 6 29.9411445784
268 6 29.9411445784
269 6 29.9411445784
270 6 29.9411445784
271 6 29.9411445784
272 6 29.9411445784
273 6 29.9411445784
274 6 29.9411445784
275 6 29.9411445784
276 6 29.9411445784
277 6 29.9411445784
278 6 29.9411445784
279 6 29.9411445784
280 6 29.9411445784
281 7 22.3919745468
282 7 22.3919745468
283 7 22.3919745468
284 7 22.3919745468
285 7 22.3919745468
286 7 22.3919745468
287 7 22.3919745468
288 7 22.3919745468
289 7 22.3919745468
290 7 22.3919745468
291 7 22.3919745468
292 7 22.3919745468
293 7 22.3919745468
294 7 22.3919745468
295 7 22.3919745468
296 7 22.3919745468
297 7 22.3919745468
298 7 22.3919745468
299 7 22.3919745468
300 7 22.3919745468
301 7 22.3919745468
302 7 22.3919745468
303 7 22.3919745468
304 7 22.3919745468
305 7 22.3919745468
306 7 22.3919745468
307 7 22.3919745468
308 7 22.3919745468
309 7 22.3919745468
310 7 22.3919745468
311 7 22.3919745468
312 7 22.3919745468
313 7 22.3919745468
314 7 22.3919745468
315 7 22.3919745468
316 7 22.3919745468
317 7 22.3919745468
318 7 22.3919745468
319 7 22.3919745468
320 7 22.3919745468
321 8 19.4778471628
322 8 19.4778471628
323 8 19.4778471628
324 8 19.4778471628
325 8 19.4778471628
326 8 19.4778471628
327 8 19.4778471628
328 8 19.4778471628
329 8 19.4778471628
330 8 19.4778471628
331 8 19.4778471628
332 8 19.4778471628
333 8 19.4778471628
334 8 19.4778471628
335 8 19.4778471628
336 8 19.4778471628
337 8 19.4778471628
338 8 19.4778471628
339 8 19.4778471628
340 8 19.4778471628
341 8 19.4778471628
342 8 19.4778471628
343 8 19.4778471628
344 8 19.4778471628
345 8 19.4778471628
346 8 19.4778471628
347 8 19.4778471628
348 8 19.4778471628
349 8 19.4778471628
350 8 19.4778471628
351 8 19.4778471628
352 8 19.4778471628
353 8 19.4778471628
354 8 19.4778471628
355 8 19.4778471628
356 8 19.4778471628
357 8 19.4778471628
358 8 19.4778471628
359 8 19.4778471628
360 8 19.4778471628
361 9 19.0203033893
362 9 19.0203033893
363 9 19.0203033893
364 9 19.0203033893
365 9 19.0203033893
366 9 19.0203033893
367 9 19.0203033893
368 9 19.0203033893
369 9 19.0203033893
370 9 19.0203033893
371 9 19.0203033893
372 9 19.0203033893
373 9 19.0203033893
374 9 19.0203033893
375 9 19.0203033893
376 9 19.0203033893
377 9 19.0203033893
378 9 19.0203033893
379 9 19.0203033893
380 9 19.0203033893
381 9 19.0203033893
382 9 19.0203033893
383 9 19.0203033893
384 9 19.0203033893
385 9 19.0203033893
386 9 19.0203033893
387 9 19.0203033893
388 9 19.0203033893
389 9 19.0203033893
390 9 19.0203033893
391 9 19.0203033893
392 9 19.0203033893
393 9 19.0203033893
394 9 19.0203033893
395 9 19.0203033893
396 9 19.0203033893
397 9 19.0203033893
398 9 19.0203033893
399 9 19.0203033893
400 9 19.0203033893
401 10 11.5717078492
402 10 11.5717078492
403 10 11.5717078492
404 10 11.5717078492
405 10 11.5717078492
406 10 11.5717078492
407 10 11.5717078492
408 10 11.5717078492
409 10 11.5717078492
410 10 11.5717078492
411 10 11.5717078492
412 10 11.5717078492
413 10 11.5717078492
414 10 11.5717078492
415 10 11.5717078492
416 10 11.5717078492
417 10 11.5717078492
418 10 11.5717078492
419 10 11.5717078492
420 10 11.5717078492
421 10 11.5717078492
422 10 11.5717078492
423 10 11.5717078492
424 10 11.5717078492
425 10 11.5717078492
426 10 11.5717078492
427 10 11.5717078492
428 10 11.5717078492
429 10 11.5717078492
430 10 11.5717078492
431 10 11.5717078492
432 10 11.5717078492
433 10 11.5717078492
434 10 11.5717078492
435 10 11.5717078492
436 10 11.5717078492
437 10 11.5717078492
438 10 11.5717078492
439 10 11.5717078492
440 10 11.5717078492
441 11 16.8567498373
442 11 16.8567498373
443 11 16.8567498373
444 11 16.8567498373
445 11 16.8567498373
446 11 16.8567498373
447 11 16.8567498373
448 11 16.8567498373
449 11 16.8567498373
450 11 16.8567498373
451 11 16.8567498373
452 11 16.8567498373
453 11 16.8567498373
454 11 16.8567498373
455 11 16.8567498373
456 11 16.8567498373
457 11 16.8567498373
458 11 16.8567498373
459 11 16.8567498373
460 11 16.8567498373
461 11 16.8567498373
462 11 16.8567498373
463 11 16.8567498373
464 11 16.8567498373
465 11 16.8567498373
466 11 16.8567498373
467 11 16.8567498373
468 11 16.8567498373
469 11 16.8567498373
470 11 16.8567498373
471 11 16.8567498373
472 11 16.8567498373
473 11 16.8567498373
474 11 16.8567498373
475 11 16.8567498373
476 11 16.8567498373
477 11 16.8567498373
478 11 16.8567498373
479 11 16.8567498373
480 11 16.8567498373
481 12 18.3890305192
482 12 18.3890305192
483 12 18.3890305192
484 12 18.3890305192
485 12 18.3890305192
486 12 18.3890305192
487 12 18.3890305192
488 12 18.3890305192
489 12 18.3890305192
490 12 18.3890305192
491 12 18.3890305192
492 12 18.3890305192
493 12 18.3890305192
494 12 18.3890305192
495 12 18.3890305192
496 12 18.3890305192
497 12 18.3890305192
498 12 18.3890305192
499 12 18.3890305192
500 12 18.3890305192
501 12 18.3890305192
502 12 18.3890305192
503 12 18.3890305192
504 12 18.3890305192
505 12 18.3890305192
506 12 18.3890305192
507 12 18.3890305192
508 12 18.3890305192
509 12 18.3890305192
510 12 18.3890305192
511 12 18.3890305192
512 12 18.3890305192
513 12 18.3890305192
514 12 18.3890305192
515 12 18.3890305192
516 12 18.3890305192
517 12 18.3890305192
518 12 18.3890305192
519 12 18.3890305192
520 12 18.3890305192
521 13 16.7175139871
522 13 16.7175139871
523 13 16.7175139871
524 13 16.7175139871
525 13 16.7175139871
526 13 16.7175139871
527 13 16.7175139871
528 13 16.7175139871
529 13 16.7175139871
530 13 16.7175139871
531 13 16.7175139871
532 13 16.7175139871
533 13 16.7175139871
534 13 16.7175139871
535 13 16.7175139871
536 13 16.7175139871
537 13 16.7175139871
538 13 16.7175139871
539 13 16.7175139871
540 13 16.7175139871
541 13 16.7175139871
542 13 16.7175139871
543 13 16.7175139871
544 13 16.7175139871
545 13 16.7175139871
546 13 16.7175139871
547 13 16.7175139871
548 13 16.7175139871
549 13 16.7175139871
550 13 16.7175139871
551 13 16.7175139871
552 13 16.7175139871
553 13 16.7175139871
554 13 16.7175139871
555 13 16.7175139871
556 13 16.7175139871
557 13 16.7175139871
558 13 16.7175139871
559 13 16.7175139871
560 13 16.7175139871
561 14 24.7290284416
562 14 24.7290284416
563 14 24.7290284416
564 14 24.7290284416
565 14 24.7290284416
566 14 24.7290284416
567 14 24.7290284416
568 14 24.7290284416
569 14 24.7290284416
570 14 24.7290284416
571 14 24.7290284416
572 14 24.7290284416
573 14 24.7290284416
574 14 24.7290284416
575 14 24.7290284416
576 14 24.7290284416
577 14 24.7290284416
578 14 24.7290284416
579 14 24.7290284416
580 14 24.7290284416
581 14 24.7290284416
582 14 24.7290284416
583 14 24.7290284416
584 14 24.7290284416
585 14 24.7290284416
586 14 24.7290284416
587 14 24.7290284416
588 14 24.7290284416
589 14 24.7290284416
590 14 24.7290284416
591 14 24.7290284416
592 14 24.7290284416
593 14 24.7290284416
594 14 24.7290284416
595 14 24.7290284416
596 14 24.7290284416
597 14 24.7290284416
598 14 24.7290284416
599 14 24.7290284416
600 14 24.7290284416
601 15 31.5575824413
602 15 31.5575824413
603 15 31.5575824413
604 15 31.5575824413
605 15 31.5575824413
606 15 31.5575824413
607 15 31.5575824413
608 15 31.5575824413
609 15 31.5575824413
610 15 31.5575824413
611 15 31.5575824413
612 15 31.5575824413
613 15 31.5575824413
614 15 31.5575824413
615 15 31.5575824413
616 15 31.5575824413
617 15 31.5575824413
618 15 31.5575824413
619 15 31.5575824413
620 15 31.5575824413
621 15 31.5575824413
622 15 31.5575824413
623 15 31.5575824413
624 15 31.5575824413
625 15 31.5575824413
626 15 31.5575824413
627 15 31.5575824413
628 15 31.5575824413
629 15 31.5575824413
630 15 31.5575824413
631 15 31.5575824413
632 15 31.5575824413
633 15 31.5575824413
634 15 31.5575824413
635 15 31.5575824413
636 15 31.5575824413
637 15 31.5575824413
638 15 31.5575824413
639 15 31.5575824413
640 15 31.5575824413
641 16 26.9402007661
642 16 26.9402007661
643 16 26.9402007661
644 16 26.9402007661
645 16 26.9402007661
646 16 26.9402007661
647 16 26.9402007661
648 16 26.9402007661
649 16 26.9402007661
650 16 26.9402007661
651 16 26.9402007661
652 16 26.9402007661
653 16 26.9402007661
654 16 26.9402007661
655 16 26.9402007661
656 16 26.9402007661
657 16 26.9402007661
658 16 26.9402007661
659 16 26.9402007661
660 16 26.9402007661
661 16 26.9402007661
662 16 26.9402007661
663 16 26.9402007661
664 16 26.9402007661
665 16 26.9402007661
666 16 26.9402007661
667 16 26.9402007661
668 16 26.9402007661
669 16 26.9402007661
670 16 26.9402007661
671 16 26.9402007661
672 16 26.9402007661
673 16 26.9402007661
674 16 26.9402007661
675 16 26.9402007661
676 16 26.9402007661
677 16 26.9402007661
678 16 26.9402007661
679 16 26.9402007661
680 16 26.9402007661
681 17 24.4023447381
682 17 24.4023447381
683 17 24.4023447381
684 17 24.4023447381
685 17 24.4023447381
686 17 24.4023447381
687 17 24.4023447381
688 17 24.4023447381
689 17 24.4023447381
690 17 24.4023447381
691 17 24.4023447381
692 17 24.4023447381
693 17 24.4023447381
694 17 24.4023447381
695 17 24.4023447381
696 17 24.4023447381
697 17 24.4023447381
698 17 24.4023447381
699 17 24.4023447381
700 17 24.4023447381
701 17 24.4023447381
702 17 24.4023447381
703 17 24.4023447381
704 17 24.4023447381
705 17 24.4023447381
706 17 24.4023447381
707 17 24.4023447381
708 17 24.4023447381
709 17 24.4023447381
710 17 24.4023447381
711 17 24.4023447381
712 17 24.4023447381
713 17 24.4023447381
714 17 24.4023447381
715 17 24.4023447381
716 17 24.4023447381
717 17 24.4023447381
718 17 24.4023447381
719 17 24.4023447381
720 17 24.4023447381
721 18 15.3063580152
722 18 15.3063580152
723 18 15.3063580152
724 18 15.3063580152
725 18 15.3063580152
726 18 15.3063580152
727 18 15.3063580152
728 18 15.3063580152
729 18 15.3063580152
730 18 15.3063580152
731 18 15.3063580152
732 18 15.3063580152
733 18 15.3063580152
734 18 15.3063580152
735 18 15.3063580152
736 18 15.3063580152
737 18 15.3063580152
738 18 15.3063580152
739 18 15.3063580152
740 18 15.3063580152
741 18 15.3063580152
742 18 15.3063580152
743 18 15.3063580152
744 18 15.3063580152
745 18 15.3063580152
746 18 15.3063580152
747 18 15.3063580152
748 18 15.3063580152
749 18 15.3063580152
750 18 15.3063580152
751 18 15.3063580152
752 18 15.3063580152
753 18 15.3063580152
754 18 15.3063580152
755 18 15.3063580152
756 18 15.3063580152
757 18 15.3063580152
758 18 15.3063580152
759 18 15.3063580152
760 18 15.3063580152
761 19 18.0261823892
762 19 18.0261823892
763 19 18.0261823892
764 19 18.0261823892
765 19 18.0261823892
766 19 18.0261823892
767 19 18.0261823892
768 19 18.0261823892
769 19 18.0261823892
770 19 18.0261823892
771 19 18.0261823892
772 19 18.0261823892
773 19 18.0261823892
774 19 18.0261823892
775 19 18.0261823892
776 19 18.0261823892
777 19 18.0261823892
778 19 18.0261823892
779 19 18.0261823892
780 19 18.0261823892
781 19 18.0261823892
782 19 18.0261823892
783 19 18.0261823892
784 19 18.0261823892
785 19 18.0261823892
786 19 18.0261823892
787 19 18.0261823892
788 19 18.0261823892
789 19 18.0261823892
790 19 18.0261823892
791 19 18.0261823892
792 19 18.0261823892
793 19 18.0261823892
794 19 18.0261823892
795 19 18.0261823892
796 19 18.0261823892
797 19 18.0261823892
798 19 18.0261823892
799 19 18.0261823892
800 19 18.0261823892
801 20 13.4711369335
802 20 13.4711369335
803 20 13.4711369335
804 20 13.4711369335
805 20 13.4711369335
806 20 13.4711369335
807 20 13.4711369335
808 20 13.4711369335
809 20 13.4711369335
810 20 13.4711369335
811 20 13.4711369335
812 20 13.4711369335
813 20 13.4711369335
814 20 13.4711369335
815 20 13.4711369335
816 20 13.4711369335
817 20 13.4711369335
818 20 13.4711369335
819 20 13.4711369335
820 20 13.4711369335
821 20 13.4711369335
822 20 13.4711369335
823 20 13.4711369335
824 20 13.4711369335
825 20 13.4711369335
826 20 13.4711369335
827 20 13.4711369335
828 20 13.4711369335
829 20 13.4711369335
830 20 13.4711369335
831 20 13.4711369335
832 20 13.4711369335
833 20 13.4711369335
834 20 13.4711369335
835 20 13.4711369335
836 20 13.4711369335
837 20 13.4711369335
838 20 13.4711369335
839 20 13.4711369335
840 20 13.4711369335
841 21 9.33333401103
842 21 9.33333401103
843 21 9.33333401103
844 21 9.33333401103
845 21 9.33333401103
846 21 9.33333401103
847 21 9.33333401103
848 21 9.33333401103
849 21 9.33333401103
850 21 9.33333401103
851 21 9.33333401103
852 21 9.33333401103
853 21 9.33333401103
854 21 9.33333401103
855 21 9.33333401103
856 21 9.33333401103
857 21 9.33333401103
858 21 9.33333401103
859 21 9.33333401103
860 21 9.33333401103
861 21 9.33333401103
862 21 9.33333401103
863 21 9.33333401103
864 21 9.33333401103
865 21 9.33333401103
866 21 9.33333401103
867 21 9.33333401103
868 21 9.33333401103
869 21 9.33333401103
870 21 9.33333401103
871 21 9.33333401103
872 21 9.33333401103
873 21 9.33333401103
874 21 9.33333401103
875 21 9.33333401103
876 21 9.33333401103
877 21 9.33333401103
878 21 9.33333401103
879 21 9.33333401103
880 21 9.33333401103
881 22 14.8786730776
882 22 14.8786730776
883 22 14.8786730776
884 22 14.8786730776
885 22 14.8786730776
886 22 14.8786730776
887 22 14.8786730776
888 22 14.8786730776
889 22 14.8786730776
890 22 14.8786730776
891 22 14.8786730776
892 22 14.8786730776
893 22 14.8786730776
894 22 14.8786730776
895 22 14.8786730776
896 22 14.8786730776
897 22 14.8786730776
898 22 14.8786730776
899 22 14.8786730776
900 22 14.8786730776
901 22 14.8786730776
902 22 14.8786730776
903 22 14.8786730776
904 22 14.8786730776
905 22 14.8786730776
906 22 14.8786730776
907 22 14.8786730776
908 22 14.8786730776
909 22 14.8786730776
910 22 14.8786730776
911 22 14.8786730776
912 22 14.8786730776
913 22 14.8786730776
914 22 14.8786730776
915 22 14.8786730776
916 22 14.8786730776
917 22 14.8786730776
918 22 14.8786730776
919 22 14.8786730776
920 22 14.8786730776
921 23 18.5697096066
922 23 18.5697096066
923 23 18.5697096066
924 23 18.5697096066
925 23 18.5697096066
926 23 18.5697096066
927 23 18.5697096066
928 23 18.5697096066
929 23 18.5697096066
930 23 18.5697096066
931 23 18.5697096066
932 23 18.5697096066
933 23 18.5697096066
934 23 18.5697096066
935 23 18.5697096066
936 23 18.5697096066
937 23 18.5697096066
938 23 18.5697096066
939 23 18.5697096066
940 23 18.5697096066
941 23 18.5697096066
942 23 18.5697096066
943 23 18.5697096066
944 23 18.5697096066
945 23 18.5697096066
946 23 18.5697096066
947 23 18.5697096066
948 23 18.5697096066
949 23 18.5697096066
950 23 18.5697096066
951 23 18.5697096066
952 23 18.5697096066
953 23 18.5697096066
954 23 18.5697096066
955 23 18.5697096066
956 23 18.5697096066
957 23 18.5697096066
958 23 18.5697096066
959 23 18.5697096066
960 23 18.5697096066
961 24 28.5586396724
962 24 28.5586396724
963 24 28.5586396724
964 24 28.5586396724
965 24 28.5586396724
966 24 28.5586396724
967 24 28.5586396724
968 24 28.5586396724
969 24 28.5586396724
970 24 28.5586396724
971 24 28.5586396724
972 24 28.5586396724
973 24 28.5586396724
974 24 28.5586396724
975 24 28.5586396724
976 24 28.5586396724
977 24 28.5586396724
978 24 28.5586396724
979 24 28.5586396724
980 24 28.5586396724
981 24 28.5586396724
982 24 28.5586396724
983 24 28.5586396724
984 24 28.5586396724
985 24 28.5586396724
986 24 28.5586396724
987 24 28.5586396724
988 24 28.5586396724
989 24 28.5586396724
990 24 28.5586396724
991 24 28.5586396724
992 24 28.5586396724
993 24 28.5586396724
994 24 28.5586396724
995 24 28.5586396724
996 24 28.5586396724
997 24 28.5586396724
998 24 28.5586396724
999 24 28.5586396724
1000 24 28.5586396724
1001 25 22.1768567666
1002 25 22.1768567666
1003 25 22.1768567666
1004 25 22.1768567666
1005 25 22.1768567666
1006 25 22.1768567666
1007 25 22.1768567666
1008 25 22.1768567666
1009 25 22.1768567666
1010 25 22.1768567666
1011 25 22.1768567666
1012 25 22.1768567666
1013 25 22.1768567666
1014 25 22.1768567666
1015 25 22.1768567666
1016 25 22.1768567666
1017 25 22.1768567666
1018 25 22.1768567666
1019 25 22.1768567666
1020 25 22.1768567666
1021 25 22.1768567666
1022 25 22.1768567666
1023 25 22.1768567666
1024 25 22.1768567666
1025 25 22.1768567666
1026 25 22.1768567666
1027 25 22.1768567666
1028 25 22.1768567666
1029 25 22.1768567666
1030 25 22.1768567666
1031 25 22.1768567666
1032 25 22.1768567666
1033 25 22.1768567666
1034 25 22.1768567666
1035 25 22.1768567666
1036 25 22.1768567666
1037 25 22.1768567666
1038 25 22.1768567666
1039 25 22.1768567666
1040 25 22.1768567666
1041 26 26.8699185329
1042 26 26.8699185329
1043 26 26.8699185329
1044 26 26.8699185329
1045 26 26.8699185329
1046 26 26.8699185329
1047 26 26.8699185329
1048 26 26.8699185329
1049 26 26.8699185329
1050 26 26.8699185329
1051 26 26.8699185329
1052 26 26.8699185329
1053 26 26.8699185329
1054 26 26.8699185329
1055 26 26.8699185329
1056 26 26.8699185329
1057 26 26.8699185329
1058 26 26.8699185329
1059 26 26.8699185329
1060 26 26.8699185329
1061 26 26.8699185329
1062 26 26.8699185329
1063 26 26.8699185329
1064 26 26.8699185329
1065 26 26.8699185329
1066 26 26.8699185329
1067 26 26.8699185329
1068 26 26.8699185329
1069 26 26.8699185329
1070 26 26.8699185329
1071 26 26.8699185329
1072 26 26.8699185329
1073 26 26.8699185329
1074 26 26.8699185329
1075 26 26.8699185329
1076 26 26.8699185329
1077 26 26.8699185329
1078 26 26.8699185329
1079 26 26.8699185329
1080 26 26.8699185329
1081 27 24.4094144786
1082 27 24.4094144786
1083 27 24.4094144786
1084 27 24.4094144786
1085 27 24.4094144786
1086 27 24.4094144786
1087 27 24.4094144786
1088 27 24.4094144786
1089 27 24.4094144786
1090 27 24.4094144786
1091 27 24.4094144786
1092 27 24.4094144786
1093 27 24.4094144786
1094 27 24.4094144786
1095 27 24.4094144786
1096 27 24.4094144786
1097 27 24.4094144786
1098 27 24.4094144786
1099 27 24.4094144786
1100 27 24.4094144786
1101 27 24.4094144786
1102 27 24.4094144786
1103 27 24.4094144786
1104 27 24.4094144786
1105 27 24.4094144786
1106 27 24.4094144786
1107 27 24.4094144786
1108 27 24.4094144786
1109 27 24.4094144786
1110 27 24.4094144786
1111 27 24.4094144786
1112 27 24.4094144786
1113 27 24.4094144786
1114 27 24.4094144786
1115 27 24.4094144786
1116 27 24.4094144786
1117 27 24.4094144786
1118 27 24.4094144786
1119 27 24.4094144786
1120 27 24.4094144786
1121 28 31.6088793875
1122 28 31.6088793875
1123 28 31.6088793875
1124 28 31.6088793875
1125 28 31.6088793875
1126 28 31.6088793875
1127 28 31.6088793875
1128 28 31.6088793875
1129 28 31.6088793875
1130 28 31.6088793875
1131 28 31.6088793875
1132 28 31.6088793875
1133 28 31.6088793875
1134 28 31.6088793875
1135 28 31.6088793875
1136 28 31.6088793875
1137 28 31.6088793875
1138 28 31.6088793875
1139 28 31.6088793875
1140 28 31.6088793875
1141 28 31.6088793875
1142 28 31.6088793875
1143 28 31.6088793875
1144 28 31.6088793875
1145 28 31.6088793875
1146 28 31.6088793875
