1 0 24.9517469649
2 0 24.9517469649
3 0 24.9517469649
4 0 24.9517469649
5 0 24.9517469649
6 0 24.9517469649
7 0 24.9517469649
8 0 24.9517469649
9 0 24.9517469649
10 0 24.9517469649
11 0 24.9517469649
12 0 24.9517469649
13 0 24.9517469649
14 0 24.9517469649
15 0 24.9517469649
16 0 24.9517469649
17 0 24.9517469649
18 0 24.9517469649
19 0 24.9517469649
20 0 24.9517469649
21 1 25.4176268079
22 1 25.4176268079
23 1 25.4176268079
24 1 25.4176268079
25 1 25.4176268079
26 1 25.4176268079
27 1 25.4176268079
28 1 25.4176268079
29 1 25.4176268079
30 1 25.4176268079
31 1 25.4176268079
32 1 25.4176268079
33 1 25.4176268079
34 1 25.4176268079
35 1 25.4176268079
36 1 25.4176268079
37 1 25.4176268079
38 1 25.4176268079
39 1 25.4176268079
40 1 25.4176268079
41 2 29.7913577696
42 2 29.7913577696
43 2 29.7913577696
44 2 29.7913577696
45 2 29.7913577696
46 2 29.7913577696
47 2 29.7913577696
48 2 29.7913577696
49 2 29.7913577696
50 2 29.7913577696
51 2 29.7913577696
52 2 29.7913577696
53 2 29.7913577696
54 2 29.7913577696
55 2 29.7913577696
56 2 29.7913577696
57 2 29.7913577696
58 2 29.7913577696
59 2 29.7913577696
60 2 29.7913577696
61 3 32.4370579876
62 3 32.4370579876
63 3 32.4370579876
64 3 32.4370579876
65 3 32.4370579876
66 3 32.4370579876
67 3 32.4370579876
68 3 32.4370579876
69 3 32.4370579876
70 3 32.4370579876
71 3 32.4370579876
72 3 32.4370579876
73 3 32.4370579876
74 3 32.4370579876
75 3 32.4370579876
76 3 32.4370579876
77 3 32.4370579876
78 3 32.4370579876
79 3 32.4370579876
80 3 32.4370579876
81 4 27.7039677997
82 4 27.7039677997
83 4 27.7039677997
84 4 27.7039677997
85 4 27.7039677997
86 4 27.7039677997
87 4 27.7039677997
88 4 27.7039677997
89 4 27.7039677997
90 4 27.7039677997
91 4 27.7039677997
92 4 27.7039677997
93 4 27.7039677997
94 4 27.7039677997
95 4 27.7039677997
96 4 27.7039677997
97 4 27.7039677997
98 4 27.7039677997
99 4 27.7039677997
100 4 27.7039677997
101 5 27.7153853902
102 5 27.7153853902
103 5 27.7153853902
104 5 27.7153853902
105 5 27.7153853902
106 5 27.7153853902
107 5 27.7153853902
108 5 27.7153853902
109 5 27.7153853902
110 5 27.7153853902
111 5 27.7153853902
112 5 27.7153853902
113 5 27.7153853902
114 5 27.7153853902
115 5 27.7153853902
116 5 27.7153853902
117 5 27.7153853902
118 5 27.7153853902
119 5 27.7153853902
120 5 27.7153853902
121 6 28.5107512504
122 6 28.5107512504
123 6 28.5107512504
124 6 28.5107512504
125 6 28.5107512504
126 6 28.5107512504
127 6 28.5107512504
128 6 28.5107512504
129 6 28.5107512504
130 6 28.5107512504
131 6 28.5107512504
132 6 28.5107512504
133 6 28.5107512504
134 6 28.5107512504
135 6 28.5107512504
136 6 28.5107512504
137 6 28.5107512504
138 6 28.5107512504
139 6 28.5107512504
140 6 28.5107512504
141 7 24.2144619741
142 7 24.2144619741
143 7 24.2144619741
144 7 24.2144619741
145 7 24.2144619741
146 7 24.2144619741
147 7 24.2144619741
148 7 24.2144619741
149 7 24.2144619741
150 7 24.2144619741
151 7 24.2144619741
152 7 24.2144619741
153 7 24.2144619741
154 7 24.2144619741
155 7 24.2144619741
156 7 24.2144619741
157 7 24.2144619741
158 7 24.2144619741
159 7 24.2144619741
160 7 24.2144619741
161 8 26.0260232741
162 8 26.0260232741
163 8 26.0260232741
164 8 26.0260232741
165 8 26.0260232741
166 8 26.0260232741
167 8 26.0260232741
168 8 26.0260232741
169 8 26.0260232741
170 8 26.0260232741
171 8 26.0260232741
172 8 26.0260232741
173 8 26.0260232741
174 8 26.0260232741
175 8 26.0260232741
176 8 26.0260232741
177 8 26.0260232741
178 8 26.0260232741
179 8 26.0260232741
180 8 26.0260232741
181 9 22.6604290616
182 9 22.6604290616
183 9 22.6604290616
184 9 22.6604290616
185 9 22.6604290616
186 9 22.6604290616
187 9 22.6604290616
188 9 22.6604290616
189 9 22.6604290616
190 9 22.6604290616
191 9 22.6604290616
192 9 22.6604290616
193 9 22.6604290616
194 9 22.6604290616
195 9 22.6604290616
196 9 22.6604290616
197 9 22.6604290616
198 9 22.6604290616
199 9 22.6604290616
200 9 22.6604290616
201 10 15.7567786594
202 10 15.7567786594
203 10 15.7567786594
204 10 15.7567786594
205 10 15.7567786594
206 10 15.7567786594
207 10 15.7567786594
208 10 15.7567786594
209 10 15.7567786594
210 10 15.7567786594
211 10 15.7567786594
212 10 15.7567786594
213 10 15.7567786594
214 10 15.7567786594
215 10 15.7567786594
216 10 15.7567786594
217 10 15.7567786594
218 10 15.7567786594
219 10 15.7567786594
220 10 15.7567786594
221 11 15.8810266273
222 11 15.8810266273
223 11 15.8810266273
224 11 15.8810266273
225 11 15.8810266273
226 11 15.8810266273
227 11 15.8810266273
228 11 15.8810266273
229 11 15.8810266273
230 11 15.8810266273
231 11 15.8810266273
232 11 15.8810266273
233 11 15.8810266273
234 11 15.8810266273
235 11 15.8810266273
236 11 15.8810266273
237 11 15.8810266273
238 11 15.8810266273
239 11 15.8810266273
240 11 15.8810266273
241 12 12.5477418517
242 12 12.5477418517
243 12 12.5477418517
244 12 12.5477418517
245 12 12.5477418517
246 12 12.5477418517
247 12 12.5477418517
248 12 12.5477418517
249 12 12.5477418517
250 12 12.5477418517
251 12 12.5477418517
252 12 12.5477418517
253 12 12.5477418517
254 12 12.5477418517
255 12 12.5477418517
256 12 12.5477418517
257 12 12.5477418517
258 12 12.5477418517
259 12 12.5477418517
260 12 12.5477418517
261 13 12.2336315626
262 13 12.2336315626
263 13 12.2336315626
264 13 12.2336315626
265 13 12.2336315626
266 13 12.2336315626
267 13 12.2336315626
268 13 12.2336315626
269 13 12.2336315626
270 13 12.2336315626
271 13 12.2336315626
272 13 12.2336315626
273 13 12.2336315626
274 13 12.2336315626
275 13 12.2336315626
276 13 12.2336315626
277 13 12.2336315626
278 13 12.2336315626
279 13 12.2336315626
280 13 12.2336315626
281 14 17.1682947608
282 14 17.1682947608
283 14 17.1682947608
284 14 17.1682947608
285 14 17.1682947608
286 14 17.1682947608
287 14 17.1682947608
288 14 17.1682947608
289 14 17.1682947608
290 14 17.1682947608
291 14 17.1682947608
292 14 17.1682947608
293 14 17.1682947608
294 14 17.1682947608
295 14 17.1682947608
296 14 17.1682947608
297 14 17.1682947608
298 14 17.1682947608
299 14 17.1682947608
300 14 17.1682947608
301 15 13.8991266007
302 15 13.8991266007
303 15 13.8991266007
304 15 13.8991266007
305 15 13.8991266007
306 15 13.8991266007
307 15 13.8991266007
308 15 13.8991266007
309 15 13.8991266007
310 15 13.8991266007
311 15 13.8991266007
312 15 13.8991266007
313 15 13.8991266007
314 15 13.8991266007
315 15 13.8991266007
316 15 13.8991266007
317 15 13.8991266007
318 15 13.8991266007
319 15 13.8991266007
320 15 13.8991266007
321 16 14.4553206831
322 16 14.4553206831
323 16 14.4553206831
324 16 14.4553206831
325 16 14.4553206831
326 16 14.4553206831
327 16 14.4553206831
328 16 14.4553206831
329 16 14.4553206831
330 16 14.4553206831
331 16 14.4553206831
332 16 14.4553206831
333 16 14.4553206831
334 16 14.4553206831
335 16 14.4553206831
336 16 14.4553206831
337 16 14.4553206831
338 16 14.4553206831
339 16 14.4553206831
340 16 14.4553206831
341 17 10.461280901
342 17 10.461280901
343 17 10.461280901
344 17 10.461280901
345 17 10.461280901
346 17 10.461280901
347 17 10.461280901
348 17 10.461280901
349 17 10.461280901
350 17 10.461280901
351 17 10.461280901
352 17 10.461280901
353 17 10.461280901
354 17 10.461280901
355 17 10.461280901
356 17 10.461280901
357 17 10.461280901
358 17 10.461280901
359 17 10.461280901
360 17 10.461280901
361 18 19.8591106815
362 18 19.8591106815
363 18 19.8591106815
364 18 19.8591106815
365 18 19.8591106815
366 18 19.8591106815
367 18 19.8591106815
368 18 19.8591106815
369 18 19.8591106815
370 18 19.8591106815
371 18 19.8591106815
372 18 19.8591106815
373 18 19.8591106815
374 18 19.8591106815
375 18 19.8591106815
376 18 19.8591106815
377 18 19.8591106815
378 18 19.8591106815
379 18 19.8591106815
380 18 19.8591106815
381 19 11.8030814746
382 19 11.8030814746
383 19 11.8030814746
384 19 11.8030814746
385 19 11.8030814746
386 19 11.8030814746
387 19 11.8030814746
388 19 11.8030814746
389 19 11.8030814746
390 19 11.8030814746
391 19 11.8030814746
392 19 11.8030814746
393 19 11.8030814746
394 19 11.8030814746
395 19 11.8030814746
396 19 11.8030814746
397 19 11.8030814746
398 19 11.8030814746
399 19 11.8030814746
400 19 11.8030814746
401 20 13.3416786714
402 20 13.3416786714
403 20 13.3416786714
404 20 13.3416786714
405 20 13.3416786714
406 20 13.3416786714
407 20 13.3416786714
408 20 13.3416786714
409 20 13.3416786714
410 20 13.3416786714
411 20 13.3416786714
412 20 13.3416786714
413 20 13.3416786714
414 20 13.3416786714
415 20 13.3416786714
416 20 13.3416786714
417 20 13.3416786714
418 20 13.3416786714
419 20 13.3416786714
420 20 13.3416786714
421 21 9.93808607679
422 21 9.93808607679
423 21 9.93808607679
424 21 9.93808607679
425 21 9.93808607679
426 21 9.93808607679
427 21 9.93808607679
428 21 9.93808607679
429 21 9.93808607679
430 21 9.93808607679
431 21 9.93808607679
432 21 9.93808607679
433 21 9.93808607679
434 21 9.93808607679
435 21 9.93808607679
436 21 9.93808607679
437 21 9.93808607679
438 21 9.93808607679
439 21 9.93808607679
440 21 9.93808607679
441 22 16.3789654051
442 22 16.3789654051
443 22 16.3789654051
444 22 16.3789654051
445 22 16.3789654051
446 22 16.3789654051
447 22 16.3789654051
448 22 16.3789654051
449 22 16.3789654051
450 22 16.3789654051
451 22 16.3789654051
452 22 16.3789654051
453 22 16.3789654051
454 22 16.3789654051
455 22 16.3789654051
456 22 16.3789654051
457 22 16.3789654051
458 22 16.3789654051
459 22 16.3789654051
460 22 16.3789654051
461 23 23.6944534144
462 23 23.6944534144
463 23 23.6944534144
464 23 23.6944534144
465 23 23.6944534144
466 23 23.6944534144
467 23 23.6944534144
468 23 23.6944534144
469 23 23.6944534144
470 23 23.6944534144
471 23 23.6944534144
472 23 23.6944534144
473 23 23.6944534144
474 23 23.6944534144
475 23 23.6944534144
476 23 23.6944534144
477 23 23.6944534144
478 23 23.6944534144
479 23 23.6944534144
480 23 23.6944534144
481 24 25.6293312144
482 24 25.6293312144
483 24 25.6293312144
484 24 25.6293312144
485 24 25.6293312144
486 24 25.6293312144
487 24 25.6293312144
488 24 25.6293312144
489 24 25.6293312144
490 24 25.6293312144
491 24 25.6293312144
492 24 25.6293312144
493 24 25.6293312144
494 24 25.6293312144
495 24 25.6293312144
496 24 25.6293312144
497 24 25.6293312144
498 24 25.6293312144
499 24 25.6293312144
500 24 25.6293312144
501 25 27.8481162994
502 25 27.8481162994
503 25 27.8481162994
504 25 27.8481162994
505 25 27.8481162994
506 25 27.8481162994
507 25 27.8481162994
508 25 27.8481162994
509 25 27.8481162994
510 25 27.8481162994
511 25 27.8481162994
512 25 27.8481162994
513 25 27.8481162994
514 25 27.8481162994
515 25 27.8481162994
516 25 27.8481162994
517 25 27.8481162994
518 25 27.8481162994
519 25 27.8481162994
520 25 27.8481162994
521 26 23.6098655245
522 26 23.6098655245
523 26 23.6098655245
524 26 23.6098655245
525 26 23.6098655245
526 26 23.6098655245
527 26 23.6098655245
528 26 23.6098655245
529 26 23.6098655245
530 26 23.6098655245
531 26 23.6098655245
532 26 23.6098655245
533 26 23.6098655245
534 26 23.6098655245
535 26 23.6098655245
536 26 23.6098655245
537 26 23.6098655245
538 26 23.6098655245
539 26 23.6098655245
540 26 23.6098655245
541 27 29.8185957649
542 27 29.8185957649
543 27 29.8185957649
544 27 29.8185957649
545 27 29.8185957649
546 27 29.8185957649
547 27 29.8185957649
548 27 29.8185957649
549 27 29.8185957649
550 27 29.8185957649
551 27 29.8185957649
552 27 29.8185957649
553 27 29.8185957649
554 27 29.8185957649
555 27 29.8185957649
556 27 29.8185957649
557 27 29.8185957649
558 27 29.8185957649
559 27 29.8185957649
560 27 29.8185957649
561 28 29.966105075
562 28 29.966105075
563 28 29.966105075
564 28 29.966105075
565 28 29.966105075
566 28 29.966105075
567 28 29.966105075
568 28 29.966105075
569 28 29.966105075
570 28 29.966105075
571 28 29.966105075
572 28 29.966105075
573 28 29.966105075
574 28 29.966105075
575 28 29.966105075
576 28 29.966105075
577 28 29.966105075
578 28 29.966105075
579 28 29.966105075
580 28 29.966105075
581 29 23.0600305494
582 29 23.0600305494
583 29 23.0600305494
584 29 23.0600305494
585 29 23.0600305494
586 29 23.0600305494
587 29 23.0600305494
588 29 23.0600305494
589 29 23.0600305494
590 29 23.0600305494
591 29 23.0600305494
592 29 23.0600305494
593 29 23.0600305494
594 29 23.0600305494
595 29 23.0600305494
596 29 23.0600305494
597 29 23.0600305494
598 29 23.0600305494
599 29 23.0600305494
600 29 23.0600305494
601 30 22.7859492211
602 30 22.7859492211
603 30 22.7859492211
604 30 22.7859492211
605 30 22.7859492211
606 30 22.7859492211
607 30 22.7859492211
608 30 22.7859492211
609 30 22.7859492211
610 30 22.7859492211
611 30 22.7859492211
612 30 22.7859492211
613 30 22.7859492211
614 30 22.7859492211
615 30 22.7859492211
616 30 22.7859492211
617 30 22.7859492211
618 30 22.7859492211
619 30 22.7859492211
620 30 22.7859492211
621 31 19.868185181
622 31 19.868185181
623 31 19.868185181
624 31 19.868185181
625 31 19.868185181
626 31 19.868185181
627 31 19.868185181
628 31 19.868185181
629 31 19.868185181
630 31 19.868185181
631 31 19.868185181
632 31 19.868185181
633 31 19.868185181
634 31 19.868185181
635 31 19.868185181
636 31 19.868185181
637 31 19.868185181
638 31 19.868185181
639 31 19.868185181
640 31 19.868185181
641 32 18.2600623914
642 32 18.2600623914
643 32 18.2600623914
644 32 18.2600623914
645 32 18.2600623914
646 32 18.2600623914
647 32 18.2600623914
648 32 18.2600623914
649 32 18.2600623914
650 32 18.2600623914
651 32 18.2600623914
652 32 18.2600623914
653 32 18.2600623914
654 32 18.2600623914
655 32 18.2600623914
656 32 18.2600623914
657 32 18.2600623914
658 32 18.2600623914
659 32 18.2600623914
660 32 18.2600623914
661 33 23.1975163926
662 33 23.1975163926
663 33 23.1975163926
664 33 23.1975163926
665 33 23.1975163926
666 33 23.1975163926
667 33 23.1975163926
668 33 23.1975163926
669 33 23.1975163926
670 33 23.1975163926
671 33 23.1975163926
672 33 23.1975163926
673 33 23.1975163926
674 33 23.1975163926
675 33 23.1975163926
676 33 23.1975163926
677 33 23.1975163926
678 33 23.1975163926
679 33 23.1975163926
680 33 23.1975163926
681 34 23.6558556686
682 34 23.6558556686
683 34 23.6558556686
684 34 23.6558556686
685 34 23.6558556686
686 34 23.6558556686
687 34 23.6558556686
688 34 23.6558556686
689 34 23.6558556686
690 34 23.6558556686
691 34 23.6558556686
692 34 23.6558556686
693 34 23.6558556686
694 34 23.6558556686
695 34 23.6558556686
696 34 23.6558556686
697 34 23.6558556686
698 34 23.6558556686
699 34 23.6558556686
700 34 23.6558556686
701 35 27.5707329817
702 35 27.5707329817
703 35 27.5707329817
704 35 27.5707329817
705 35 27.5707329817
706 35 27.5707329817
707 35 27.5707329817
708 35 27.5707329817
709 35 27.5707329817
710 35 27.5707329817
711 35 27.5707329817
712 36 30.651304786
713 36 30.651304786
714 36 30.651304786
715 36 30.651304786
716 36 30.651304786
717 36 30.651304786
718 36 30.651304786
719 36 30.651304786
720 36 30.651304786
721 36 30.651304786
722 36 30.651304786
723 36 30.651304786
724 36 30.651304786
725 36 30.651304786
726 36 30.651304786
727 36 30.651304786
728 36 30.651304786
729 36 30.651304786
730 36 30.651304786
731 36 30.651304786
732 36 30.651304786
733 36 30.651304786
734 36 30.651304786
735 36 30.651304786
736 36 30.651304786
737 36 30.651304786
738 36 30.651304786
739 36 30.651304786
740 36 30.651304786
741 36 30.651304786
742 36 30.651304786
743 36 30.651304786
744 36 30.651304786
745 36 30.651304786
746 36 30.651304786
747 36 30.651304786
748 36 30.651304786
749 36 30.651304786
750 36 30.651304786
751 36 30.651304786
752 37 22.8923361041
753 37 22.8923361041
754 37 22.8923361041
755 37 22.8923361041
756 37 22.8923361041
757 37 22.8923361041
758 37 22.8923361041
759 37 22.8923361041
760 37 22.8923361041
761 37 22.8923361041
762 37 22.8923361041
763 37 22.8923361041
764 37 22.8923361041
765 37 22.8923361041
766 37 22.8923361041
767 37 22.8923361041
768 37 22.8923361041
769 37 22.8923361041
770 37 22.8923361041
771 37 22.8923361041
772 37 22.8923361041
773 37 22.8923361041
774 37 22.8923361041
775 37 22.8923361041
776 37 22.8923361041
777 37 22.8923361041
778 37 22.8923361041
779 37 22.8923361041
780 37 22.8923361041
781 37 22.8923361041
782 37 22.8923361041
783 37 22.8923361041
784 37 22.8923361041
785 37 22.8923361041
786 37 22.8923361041
787 37 22.8923361041
788 37 22.8923361041
789 37 22.8923361041
790 37 22.8923361041
791 37 22.8923361041
792 38 25.36400862
793 38 25.36400862
794 38 25.36400862
795 38 25.36400862
796 38 25.36400862
797 38 25.36400862
798 38 25.36400862
799 38 25.36400862
800 38 25.36400862
801 38 25.36400862
802 38 25.36400862
803 38 25.36400862
804 38 25.36400862
805 38 25.36400862
806 38 25.36400862
807 38 25.36400862
808 38 25.36400862
809 38 25.36400862
810 38 25.36400862
811 38 25.36400862
812 38 25.36400862
813 38 25.36400862
814 38 25.36400862
815 38 25.36400862
816 38 25.36400862
817 38 25.36400862
818 38 25.36400862
819 38 25.36400862
820 38 25.36400862
821 38 25.36400862
822 38 25.36400862
823 38 25.36400862
824 38 25.36400862
825 38 25.36400862
826 38 25.36400862
827 38 25.36400862
828 38 25.36400862
829 38 25.36400862
830 38 25.36400862
831 38 25.36400862
832 39 24.3484625622
833 39 24.3484625622
834 39 24.3484625622
835 39 24.3484625622
836 39 24.3484625622
837 39 24.3484625622
838 39 24.3484625622
839 39 24.3484625622
840 39 24.3484625622
841 39 24.3484625622
842 39 24.3484625622
843 39 24.3484625622
844 39 24.3484625622
845 39 24.3484625622
846 39 24.3484625622
847 39 24.3484625622
848 39 24.3484625622
849 39 24.3484625622
850 39 24.3484625622
851 39 24.3484625622
852 39 24.3484625622
853 39 24.3484625622
854 39 24.3484625622
855 39 24.3484625622
856 39 24.3484625622
857 39 24.3484625622
858 39 24.3484625622
859 39 24.3484625622
860 39 24.3484625622
861 39 24.3484625622
862 39 24.3484625622
863 39 24.3484625622
864 39 24.3484625622
865 39 24.3484625622
866 39 24.3484625622
867 39 24.3484625622
868 39 24.3484625622
869 39 24.3484625622
870 39 24.3484625622
871 39 24.3484625622
872 40 22.4313192858
873 40 22.4313192858
874 40 22.4313192858
875 40 22.4313192858
876 40 22.4313192858
877 40 22.4313192858
878 40 22.4313192858
879 40 22.4313192858
880 40 22.4313192858
881 40 22.4313192858
882 40 22.4313192858
883 40 22.4313192858
884 40 22.4313192858
885 40 22.4313192858
886 40 22.4313192858
887 40 22.4313192858
888 40 22.4313192858
889 40 22.4313192858
890 40 22.4313192858
891 40 22.4313192858
892 40 22.4313192858
893 40 22.4313192858
894 40 22.4313192858
895 40 22.4313192858
896 40 22.4313192858
897 40 22.4313192858
898 40 22.4313192858
899 40 22.4313192858
900 40 22.4313192858
901 40 22.4313192858
902 40 22.4313192858
903 40 22.4313192858
904 40 22.4313192858
905 40 22.4313192858
906 40 22.4313192858
907 40 22.4313192858
908 40 22.4313192858
909 40 22.4313192858
910 40 22.4313192858
911 40 22.4313192858
912 41 33.7592149723
913 41 33.7592149723
914 41 33.7592149723
915 41 33.7592149723
916 41 33.7592149723
917 41 33.7592149723
918 41 33.7592149723
919 41 33.7592149723
920 41 33.7592149723
921 41 33.7592149723
922 41 33.7592149723
923 41 33.7592149723
924 41 33.7592149723
925 41 33.7592149723
926 41 33.7592149723
927 41 33.7592149723
928 41 33.7592149723
929 41 33.7592149723
930 41 33.7592149723
931 41 33.7592149723
932 41 33.7592149723
933 41 33.7592149723
934 41 33.7592149723
935 41 33.7592149723
936 41 33.7592149723
937 41 33.7592149723
938 41 33.7592149723
939 41 33.7592149723
940 41 33.7592149723
941 41 33.7592149723
942 41 33.7592149723
943 41 33.7592149723
944 41 33.7592149723
945 41 33.7592149723
946 41 33.7592149723
947 41 33.7592149723
948 41 33.7592149723
949 41 33.7592149723
950 41 33.7592149723
951 41 33.7592149723
952 42 32.1217709086
953 42 32.1217709086
954 42 32.1217709086
955 42 32.1217709086
956 42 32.1217709086
957 42 32.1217709086
958 42 32.1217709086
959 42 32.1217709086
960 42 32.1217709086
961 42 32.1217709086
962 42 32.1217709086
963 42 32.1217709086
964 42 32.1217709086
965 42 32.1217709086
966 42 32.1217709086
967 42 32.1217709086
968 42 32.1217709086
969 42 32.1217709086
970 42 32.1217709086
971 42 32.1217709086
972 42 32.1217709086
973 42 32.1217709086
974 42 32.1217709086
975 42 32.1217709086
976 42 32.1217709086
977 42 32.1217709086
978 42 32.1217709086
979 42 32.1217709086
980 42 32.1217709086
981 42 32.1217709086
982 42 32.1217709086
983 42 32.1217709086
984 42 32.1217709086
985 42 32.1217709086
986 42 32.1217709086
987 42 32.1217709086
988 42 32.1217709086
989 42 32.1217709086
990 42 32.1217709086
991 42 32.1217709086
992 43 31.4715742903
993 43 31.4715742903
994 43 31.4715742903
995 43 31.4715742903
996 43 31.4715742903
997 43 31.4715742903
998 43 31.4715742903
999 43 31.4715742903
1000 43 31.4715742903
1001 43 31.4715742903
1002 43 31.4715742903
1003 43 31.4715742903
1004 43 31.4715742903
1005 43 31.4715742903
1006 43 31.4715742903
1007 43 31.4715742903
1008 43 31.4715742903
1009 43 31.4715742903
1010 43 31.4715742903
1011 43 31.4715742903
1012 43 31.4715742903
1013 43 31.4715742903
1014 43 31.4715742903
1015 43 31.4715742903
1016 43 31.4715742903
1017 43 31.4715742903
1018 43 31.4715742903
1019 43 31.4715742903
1020 43 31.4715742903
1021 43 31.4715742903
1022 43 31.4715742903
1023 43 31.4715742903
1024 43 31.4715742903
1025 43 31.4715742903
1026 43 31.4715742903
1027 43 31.4715742903
1028 43 31.4715742903
1029 43 31.4715742903
1030 43 31.4715742903
1031 43 31.4715742903
1032 44 25.363377964
1033 44 25.363377964
1034 44 25.363377964
1035 44 25.363377964
1036 44 25.363377964
1037 44 25.363377964
1038 44 25.363377964
1039 44 25.363377964
1040 44 25.363377964
1041 44 25.363377964
1042 44 25.363377964
1043 44 25.363377964
1044 44 25.363377964
1045 44 25.363377964
1046 44 25.363377964
1047 44 25.363377964
1048 44 25.363377964
1049 44 25.363377964
1050 44 25.363377964
1051 44 25.363377964
1052 44 25.363377964
1053 44 25.363377964
1054 44 25.363377964
1055 44 25.363377964
1056 44 25.363377964
1057 44 25.363377964
1058 44 25.363377964
1059 44 25.363377964
1060 44 25.363377964
1061 44 25.363377964
1062 44 25.363377964
1063 44 25.363377964
1064 44 25.363377964
1065 44 25.363377964
1066 44 25.363377964
1067 44 25.363377964
1068 44 25.363377964
1069 44 25.363377964
1070 44 25.363377964
1071 44 25.363377964
1072 45 25.0931463452
1073 45 25.0931463452
1074 45 25.0931463452
1075 45 25.0931463452
1076 45 25.0931463452
1077 45 25.0931463452
1078 45 25.0931463452
1079 45 25.0931463452
1080 45 25.0931463452
1081 45 25.0931463452
1082 45 25.0931463452
