1 0 33.7906766424
2 0 33.7906766424
3 0 33.7906766424
4 0 33.7906766424
5 0 33.7906766424
6 0 33.7906766424
7 0 33.7906766424
8 0 33.7906766424
9 0 33.7906766424
10 0 33.7906766424
11 0 33.7906766424
12 1 28.655331433
13 2 27.0456340365
14 3 26.5859402372
15 4 26.2604326975
16 5 24.8860698801
17 6 24.9398965264
18 7 26.1431507064
19 8 25.0967412524
20 9 24.6397235565
21 10 26.0817283335
22 11 25.6399105587
23 12 24.2301739607
24 13 25.2162390167
25 14 24.6189125219
26 15 25.9037041283
27 16 25.4084266658
28 17 23.6606012315
29 18 24.2977369224
30 19 25.4540941914
31 20 24.0335085628
32 21 23.3102995268
33 22 25.2120839464
34 23 25.6605125729
35 24 24.1042319993
36 25 24.7757107206
37 26 26.6545604427
38 27 25.875903317
39 28 24.9044110566
40 29 26.4430804821
41 30 27.4753489967
42 31 29.4351511394
43 32 30.438939582
44 33 32.0563118405
45 34 32.9788598917
46 35 31.8499292532
47 36 30.1803460316
48 37 28.6297780735
49 38 27.3981485773
50 39 25.9775128973
51 40 24.2784610562
52 41 22.9564876307
53 42 23.4313972651
54 43 23.9120551849
55 44 25.3470080711
56 45 25.7239151005
57 46 26.8977714876
58 47 27.0251360866
59 48 28.3644629164
60 49 28.0212303698
61 50 26.9625170117
62 51 25.6477766072
63 52 25.1238105238
64 53 24.3726985581
65 54 23.1563225736
66 55 22.4670610981
67 56 21.527395901
68 57 22.3190793376
69 58 21.9295844676
70 59 21.0013607
71 60 21.9984784266
72 61 21.9433406656
73 62 22.1161144103
74 63 20.6449923415
75 64 21.476743233
76 65 20.8819163942
77 66 19.3898027404
78 67 19.322859168
79 68 19.6146339107
80 69 18.9525975301
81 70 20.0002002005
82 71 20.569787982
83 72 19.2946020177
84 73 18.9211215382
85 74 11.6954870925
86 74 11.6954870925
87 74 11.6954870925
88 74 11.6954870925
89 74 11.6954870925
90 74 11.6954870925
91 74 11.6954870925
92 74 11.6954870925
93 74 11.6954870925
94 74 11.6954870925
95 74 11.6954870925
96 74 11.6954870925
97 74 11.6954870925
98 74 11.6954870925
99 74 11.6954870925
100 74 11.6954870925
101 74 11.6954870925
102 74 11.6954870925
103 74 11.6954870925
104 74 11.6954870925
105 75 13.1862436577
106 75 13.1862436577
107 75 13.1862436577
108 75 13.1862436577
109 75 13.1862436577
110 75 13.1862436577
111 75 13.1862436577
112 76 11.1711004763
113 77 10.595290964
114 78 11.1472129939
115 79 11.8695428148
116 80 10.5759326566
117 81 10.0226438076
118 82 10.7699496638
119 83 10.021470173
120 84 8.4324947966
121 85 8.66098913786
122 86 9.24850015515
123 87 8.65453434654
124 88 8.21597035018
125 89 8.63995513847
126 90 9.76286052567
127 91 10.1042735224
128 92 9.82031665076
129 93 10.7469518492
130 94 12.2429952445
131 95 12.5712490215
132 96 12.5910779515
133 97 13.9565428592
134 98 15.2249505149
135 99 15.6486880109
136 100 15.1045833318
137 101 13.5932678727
138 102 13.6331295412
139 103 12.8304057393
140 104 13.8158961122
141 105 15.5105414664
142 106 14.9416855282
143 107 13.3850277705
144 108 14.8485559013
145 109 14.9753964004
146 110 13.048218002
147 111 12.6749071631
148 112 14.1445477974
149 113 13.6607802014
150 114 11.9831021071
151 115 12.247171498
152 116 13.0132916903
153 117 12.4264888602
154 118 11.1986725044
155 119 11.5978295918
156 120 12.2845071521
157 121 11.7663052804
158 122 10.878214552
159 123 11.4096910897
160 124 11.8701120709
161 125 11.4751205633
162 126 10.8460855826
163 127 11.3647672735
164 128 11.4991232888
165 129 11.0967517016
166 130 10.8783659901
167 131 11.0153215947
168 132 10.8182106008
169 133 10.540454901
170 134 10.4984276634
171 135 10.411888059
172 136 10.4237835951
173 137 10.0817126079
174 138 10.1158423551
175 139 9.96702735079
176 140 9.82686988206
177 141 9.73426104216
178 142 9.67261513947
179 143 9.67613425669
180 144 9.11713863863
181 145 9.34428363848
182 146 9.38199022136
183 147 8.71349386134
184 148 8.62498304815
185 149 9.3999648287
186 150 8.97897701158
187 151 8.34925435055
188 152 8.84796211537
189 153 9.42680269082
190 154 8.95426137849
191 155 8.32501816548
192 156 9.2487076464
193 157 9.92542443237
194 158 9.46930729381
195 159 9.1114467137
196 160 10.4531408873
197 161 10.9623502245
198 162 10.2013698409
199 163 10.5033070337
200 164 11.9604422958
201 165 11.8605936812
202 166 11.206642931
203 167 12.3920416556
204 168 13.4820082304
205 169 13.3293161318
206 170 13.0150073753
207 171 22.7304083761
208 171 22.7304083761
209 171 22.7304083761
210 171 22.7304083761
211 171 22.7304083761
212 171 22.7304083761
213 171 22.7304083761
214 171 22.7304083761
215 171 22.7304083761
216 171 22.7304083761
217 171 22.7304083761
218 171 22.7304083761
219 171 22.7304083761
220 171 22.7304083761
221 171 22.7304083761
222 171 22.7304083761
