1 0 17.9852170052
2 0 17.9852170052
3 0 17.9852170052
4 0 17.9852170052
5 0 17.9852170052
6 0 17.9852170052
7 0 17.9852170052
8 0 17.9852170052
9 0 17.9852170052
10 0 17.9852170052
11 0 17.9852170052
12 0 17.9852170052
13 0 17.9852170052
14 0 17.9852170052
15 0 17.9852170052
16 0 17.9852170052
17 0 17.9852170052
18 0 17.9852170052
19 0 17.9852170052
20 0 17.9852170052
21 1 10.7108118634
22 1 10.7108118634
23 1 10.7108118634
24 1 10.7108118634
25 1 10.7108118634
26 1 10.7108118634
27 1 10.7108118634
28 1 10.7108118634
29 1 10.7108118634
30 1 10.7108118634
31 1 10.7108118634
32 1 10.7108118634
33 1 10.7108118634
34 1 10.7108118634
35 1 10.7108118634
36 1 10.7108118634
37 1 10.7108118634
38 1 10.7108118634
39 1 10.7108118634
40 1 10.7108118634
41 2 11.0937666304
42 2 11.0937666304
43 2 11.0937666304
44 2 11.0937666304
45 2 11.0937666304
46 2 11.0937666304
47 2 11.0937666304
48 2 11.0937666304
49 2 11.0937666304
50 2 11.0937666304
51 2 11.0937666304
52 2 11.0937666304
53 2 11.0937666304
54 2 11.0937666304
55 2 11.0937666304
56 2 11.0937666304
57 2 11.0937666304
58 2 11.0937666304
59 2 11.0937666304
60 2 11.0937666304
61 3 11.6532809671
62 3 11.6532809671
63 3 11.6532809671
64 3 11.6532809671
65 4 9.12649922204
66 5 9.49049857919
67 6 9.46988178286
68 7 9.06516786152
69 8 9.17192784783
70 9 9.4883630144
71 10 9.24997288404
72 11 8.94317161692
73 12 9.26649294685
74 13 9.4091397601
75 14 9.01767110942
76 15 9.0356770786
77 16 9.46186806
78 17 9.32827294988
79 18 8.97241992937
80 19 9.19604787886
81 20 9.15706401445
82 21 9.27675012283
83 25 9.678529604
84 26 10.4270884403
85 27 10.6960790186
86 28 9.70074716241
87 29 9.57212250316
88 30 9.96222411204
89 31 9.55968262659
90 32 9.01355915738
91 33 9.28164154981
92 34 9.39933776101
93 35 8.8288778746
94 36 8.97052982347
95 37 9.31829322765
96 38 8.96065189484
97 39 8.74023603212
98 40 9.24471636399
99 41 9.23942675797
100 42 8.73253119127
101 43 9.01541118613
102 44 9.47955492315
103 45 9.11587395668
104 46 8.89664204556
105 47 9.34452228373
106 48 9.47708896498
107 49 8.99973794691
108 50 9.25284067876
109 51 9.37872035792
110 52 9.83368333675
111 53 10.2817196865
112 54 11.083753924
113 55 11.3255966135
114 56 10.8691603138
115 57 10.0142931763
116 58 10.2732628641
117 59 10.9480678831
118 60 11.911931487
119 61 12.2775277434
120 62 13.249270782
121 63 12.2244311938
122 64 11.4921739281
123 65 12.5505676793
124 66 12.6544546148
125 67 11.4742393409
126 68 11.8213515578
127 69 12.8816731071
128 70 12.1818347922
129 71 11.5323448128
130 72 12.5485271889
131 73 12.9470682604
132 74 11.905312159
133 75 12.1801303384
134 76 13.2949658081
135 77 12.6906238711
136 78 11.9132458134
137 79 12.87916728
138 80 13.4374996278
139 81 12.4365896638
140 82 12.6417324924
141 83 13.8865536683
142 84 13.4978214728
143 85 12.7252447756
144 86 13.7711064692
145 87 14.6476878457
146 88 13.860585327
147 89 13.781977355
148 90 15.2387687066
149 91 15.4024781479
