1 0 31.1366427897
2 0 31.1366427897
3 0 31.1366427897
4 0 31.1366427897
5 0 31.1366427897
6 0 31.1366427897
7 0 31.1366427897
8 0 31.1366427897
9 0 31.1366427897
10 0 31.1366427897
11 0 31.1366427897
12 0 31.1366427897
13 0 31.1366427897
14 0 31.1366427897
15 0 31.1366427897
16 0 31.1366427897
17 0 31.1366427897
18 0 31.1366427897
19 0 31.1366427897
20 0 31.1366427897
21 0 31.1366427897
22 0 31.1366427897
23 0 31.1366427897
24 0 31.1366427897
25 0 31.1366427897
26 0 31.1366427897
27 0 31.1366427897
28 0 31.1366427897
29 0 31.1366427897
30 0 31.1366427897
31 0 31.1366427897
32 0 31.1366427897
33 0 31.1366427897
34 0 31.1366427897
35 0 31.1366427897
36 0 31.1366427897
37 0 31.1366427897
38 0 31.1366427897
39 0 31.1366427897
40 0 31.1366427897
41 1 29.9632554344
42 1 29.9632554344
43 1 29.9632554344
44 1 29.9632554344
45 1 29.9632554344
46 1 29.9632554344
47 1 29.9632554344
48 1 29.9632554344
49 1 29.9632554344
50 1 29.9632554344
51 1 29.9632554344
52 1 29.9632554344
53 1 29.9632554344
54 1 29.9632554344
55 1 29.9632554344
56 1 29.9632554344
57 1 29.9632554344
58 1 29.9632554344
59 1 29.9632554344
60 1 29.9632554344
61 1 29.9632554344
62 1 29.9632554344
63 1 29.9632554344
64 1 29.9632554344
65 1 29.9632554344
66 1 29.9632554344
67 1 29.9632554344
68 1 29.9632554344
69 1 29.9632554344
70 1 29.9632554344
71 1 29.9632554344
72 1 29.9632554344
73 1 29.9632554344
74 1 29.9632554344
75 1 29.9632554344
76 1 29.9632554344
77 1 29.9632554344
78 1 29.9632554344
79 1 29.9632554344
80 1 29.9632554344
81 2 31.6769340621
82 2 31.6769340621
83 2 31.6769340621
84 2 31.6769340621
85 2 31.6769340621
86 2 31.6769340621
87 2 31.6769340621
88 2 31.6769340621
89 2 31.6769340621
90 2 31.6769340621
91 2 31.6769340621
92 2 31.6769340621
93 2 31.6769340621
94 2 31.6769340621
95 2 31.6769340621
96 2 31.6769340621
97 2 31.6769340621
98 2 31.6769340621
99 2 31.6769340621
100 2 31.6769340621
101 2 31.6769340621
102 2 31.6769340621
103 2 31.6769340621
104 2 31.6769340621
105 2 31.6769340621
106 2 31.6769340621
107 2 31.6769340621
108 2 31.6769340621
109 2 31.6769340621
110 2 31.6769340621
111 2 31.6769340621
112 2 31.6769340621
113 2 31.6769340621
114 2 31.6769340621
115 2 31.6769340621
116 2 31.6769340621
117 2 31.6769340621
118 2 31.6769340621
119 2 31.6769340621
120 2 31.6769340621
121 3 35.8618799973
122 3 35.8618799973
123 3 35.8618799973
124 3 35.8618799973
125 3 35.8618799973
126 3 35.8618799973
127 3 35.8618799973
128 3 35.8618799973
129 3 35.8618799973
130 3 35.8618799973
131 3 35.8618799973
132 3 35.8618799973
133 3 35.8618799973
134 3 35.8618799973
135 3 35.8618799973
136 3 35.8618799973
137 3 35.8618799973
138 3 35.8618799973
139 3 35.8618799973
140 3 35.8618799973
141 3 35.8618799973
142 3 35.8618799973
143 3 35.8618799973
144 3 35.8618799973
145 3 35.8618799973
146 3 35.8618799973
147 3 35.8618799973
148 3 35.8618799973
149 3 35.8618799973
150 3 35.8618799973
151 3 35.8618799973
152 3 35.8618799973
153 3 35.8618799973
154 3 35.8618799973
155 3 35.8618799973
156 3 35.8618799973
157 3 35.8618799973
158 3 35.8618799973
159 3 35.8618799973
160 3 35.8618799973
161 4 35.0122050987
162 4 35.0122050987
163 4 35.0122050987
164 4 35.0122050987
165 4 35.0122050987
166 4 35.0122050987
167 4 35.0122050987
168 4 35.0122050987
169 4 35.0122050987
170 4 35.0122050987
171 4 35.0122050987
172 4 35.0122050987
173 4 35.0122050987
174 4 35.0122050987
175 4 35.0122050987
176 4 35.0122050987
177 4 35.0122050987
178 4 35.0122050987
179 4 35.0122050987
180 4 35.0122050987
181 4 35.0122050987
182 4 35.0122050987
183 4 35.0122050987
184 4 35.0122050987
185 4 35.0122050987
186 4 35.0122050987
187 4 35.0122050987
188 4 35.0122050987
189 4 35.0122050987
190 4 35.0122050987
191 4 35.0122050987
192 4 35.0122050987
193 4 35.0122050987
194 4 35.0122050987
195 4 35.0122050987
196 4 35.0122050987
197 4 35.0122050987
198 4 35.0122050987
199 4 35.0122050987
200 4 35.0122050987
201 5 35.5626537516
202 5 35.5626537516
203 5 35.5626537516
204 5 35.5626537516
205 5 35.5626537516
206 5 35.5626537516
207 5 35.5626537516
208 5 35.5626537516
209 5 35.5626537516
210 5 35.5626537516
211 5 35.5626537516
212 5 35.5626537516
213 5 35.5626537516
214 5 35.5626537516
215 5 35.5626537516
216 5 35.5626537516
217 5 35.5626537516
218 5 35.5626537516
219 5 35.5626537516
220 5 35.5626537516
221 5 35.5626537516
222 5 35.5626537516
223 5 35.5626537516
224 5 35.5626537516
225 5 35.5626537516
226 5 35.5626537516
227 5 35.5626537516
228 5 35.5626537516
229 5 35.5626537516
230 5 35.5626537516
231 5 35.5626537516
232 5 35.5626537516
233 5 35.5626537516
234 5 35.5626537516
235 5 35.5626537516
236 5 35.5626537516
237 5 35.5626537516
238 5 35.5626537516
239 5 35.5626537516
240 5 35.5626537516
241 6 32.6987961295
242 6 32.6987961295
243 6 32.6987961295
244 6 32.6987961295
245 6 32.6987961295
246 6 32.6987961295
247 6 32.6987961295
248 6 32.6987961295
249 6 32.6987961295
250 6 32.6987961295
251 6 32.6987961295
252 6 32.6987961295
253 6 32.6987961295
254 6 32.6987961295
255 6 32.6987961295
256 6 32.6987961295
257 6 32.6987961295
258 6 32.6987961295
259 6 32.6987961295
260 6 32.6987961295
261 6 32.6987961295
262 6 32.6987961295
263 6 32.6987961295
264 6 32.6987961295
265 6 32.6987961295
266 6 32.6987961295
267 6 32.6987961295
268 6 32.6987961295
269 6 32.6987961295
270 6 32.6987961295
271 6 32.6987961295
272 6 32.6987961295
273 6 32.6987961295
274 6 32.6987961295
275 6 32.6987961295
276 6 32.6987961295
277 6 32.6987961295
278 6 32.6987961295
279 6 32.6987961295
280 6 32.6987961295
281 7 39.7081719668
282 7 39.7081719668
283 7 39.7081719668
284 7 39.7081719668
285 7 39.7081719668
286 7 39.7081719668
287 7 39.7081719668
288 7 39.7081719668
289 7 39.7081719668
290 7 39.7081719668
291 7 39.7081719668
292 7 39.7081719668
293 7 39.7081719668
294 7 39.7081719668
295 7 39.7081719668
296 7 39.7081719668
297 7 39.7081719668
298 7 39.7081719668
299 7 39.7081719668
300 7 39.7081719668
301 7 39.7081719668
302 7 39.7081719668
303 7 39.7081719668
304 7 39.7081719668
305 7 39.7081719668
306 7 39.7081719668
307 7 39.7081719668
308 7 39.7081719668
309 7 39.7081719668
310 7 39.7081719668
311 7 39.7081719668
312 7 39.7081719668
313 7 39.7081719668
314 7 39.7081719668
315 7 39.7081719668
316 7 39.7081719668
317 7 39.7081719668
318 7 39.7081719668
319 7 39.7081719668
320 7 39.7081719668
321 8 36.7765907739
322 8 36.7765907739
323 8 36.7765907739
324 8 36.7765907739
325 8 36.7765907739
326 8 36.7765907739
327 8 36.7765907739
328 8 36.7765907739
329 8 36.7765907739
330 8 36.7765907739
331 8 36.7765907739
332 8 36.7765907739
333 8 36.7765907739
334 8 36.7765907739
335 8 36.7765907739
336 8 36.7765907739
337 8 36.7765907739
338 8 36.7765907739
339 8 36.7765907739
340 8 36.7765907739
341 8 36.7765907739
342 8 36.7765907739
343 8 36.7765907739
344 8 36.7765907739
345 8 36.7765907739
346 8 36.7765907739
347 8 36.7765907739
348 8 36.7765907739
349 8 36.7765907739
350 8 36.7765907739
351 8 36.7765907739
352 8 36.7765907739
353 8 36.7765907739
354 8 36.7765907739
355 8 36.7765907739
356 8 36.7765907739
357 8 36.7765907739
358 8 36.7765907739
359 8 36.7765907739
360 8 36.7765907739
361 9 35.7354363586
362 9 35.7354363586
363 9 35.7354363586
364 9 35.7354363586
365 9 35.7354363586
366 9 35.7354363586
367 9 35.7354363586
368 9 35.7354363586
369 9 35.7354363586
370 9 35.7354363586
371 9 35.7354363586
372 9 35.7354363586
373 9 35.7354363586
374 9 35.7354363586
375 9 35.7354363586
376 9 35.7354363586
377 9 35.7354363586
378 9 35.7354363586
379 9 35.7354363586
380 9 35.7354363586
381 9 35.7354363586
382 9 35.7354363586
383 9 35.7354363586
384 9 35.7354363586
385 9 35.7354363586
386 9 35.7354363586
387 9 35.7354363586
388 9 35.7354363586
389 9 35.7354363586
390 9 35.7354363586
391 9 35.7354363586
392 9 35.7354363586
393 9 35.7354363586
394 9 35.7354363586
395 9 35.7354363586
396 9 35.7354363586
397 9 35.7354363586
398 9 35.7354363586
399 9 35.7354363586
400 9 35.7354363586
401 10 29.1469007501
402 10 29.1469007501
403 10 29.1469007501
404 10 29.1469007501
405 10 29.1469007501
406 10 29.1469007501
407 10 29.1469007501
408 10 29.1469007501
409 10 29.1469007501
410 10 29.1469007501
411 10 29.1469007501
412 10 29.1469007501
413 10 29.1469007501
414 10 29.1469007501
415 10 29.1469007501
416 10 29.1469007501
417 10 29.1469007501
418 10 29.1469007501
419 10 29.1469007501
420 10 29.1469007501
421 10 29.1469007501
422 10 29.1469007501
423 10 29.1469007501
424 10 29.1469007501
425 10 29.1469007501
426 10 29.1469007501
427 10 29.1469007501
428 10 29.1469007501
429 10 29.1469007501
430 10 29.1469007501
431 10 29.1469007501
432 10 29.1469007501
433 10 29.1469007501
434 10 29.1469007501
435 10 29.1469007501
436 10 29.1469007501
437 10 29.1469007501
438 10 29.1469007501
439 10 29.1469007501
440 10 29.1469007501
441 11 29.3904066687
442 11 29.3904066687
443 11 29.3904066687
444 11 29.3904066687
445 11 29.3904066687
446 11 29.3904066687
447 11 29.3904066687
448 11 29.3904066687
449 11 29.3904066687
450 11 29.3904066687
451 11 29.3904066687
452 11 29.3904066687
453 11 29.3904066687
454 11 29.3904066687
455 11 29.3904066687
456 11 29.3904066687
457 11 29.3904066687
458 11 29.3904066687
459 11 29.3904066687
460 11 29.3904066687
461 11 29.3904066687
462 11 29.3904066687
463 11 29.3904066687
464 11 29.3904066687
465 11 29.3904066687
466 11 29.3904066687
467 11 29.3904066687
468 11 29.3904066687
469 11 29.3904066687
470 11 29.3904066687
471 11 29.3904066687
472 11 29.3904066687
473 11 29.3904066687
474 11 29.3904066687
475 11 29.3904066687
476 11 29.3904066687
477 11 29.3904066687
478 11 29.3904066687
479 11 29.3904066687
480 11 29.3904066687
481 12 32.4611259441
482 12 32.4611259441
483 12 32.4611259441
484 12 32.4611259441
485 12 32.4611259441
486 12 32.4611259441
487 12 32.4611259441
488 12 32.4611259441
489 12 32.4611259441
490 12 32.4611259441
491 12 32.4611259441
492 12 32.4611259441
493 12 32.4611259441
494 12 32.4611259441
495 12 32.4611259441
496 12 32.4611259441
497 12 32.4611259441
498 12 32.4611259441
499 12 32.4611259441
500 12 32.4611259441
501 12 32.4611259441
502 12 32.4611259441
503 12 32.4611259441
504 12 32.4611259441
505 12 32.4611259441
506 12 32.4611259441
507 12 32.4611259441
508 12 32.4611259441
509 12 32.4611259441
510 12 32.4611259441
511 12 32.4611259441
512 12 32.4611259441
513 12 32.4611259441
514 12 32.4611259441
515 12 32.4611259441
516 12 32.4611259441
517 12 32.4611259441
518 12 32.4611259441
519 12 32.4611259441
520 12 32.4611259441
521 13 30.9706979109
522 13 30.9706979109
523 13 30.9706979109
524 13 30.9706979109
525 13 30.9706979109
526 13 30.9706979109
527 13 30.9706979109
528 13 30.9706979109
529 13 30.9706979109
530 13 30.9706979109
531 13 30.9706979109
532 13 30.9706979109
533 13 30.9706979109
534 13 30.9706979109
535 13 30.9706979109
536 13 30.9706979109
537 13 30.9706979109
538 13 30.9706979109
539 13 30.9706979109
540 13 30.9706979109
541 13 30.9706979109
542 13 30.9706979109
543 13 30.9706979109
544 13 30.9706979109
545 13 30.9706979109
546 13 30.9706979109
547 13 30.9706979109
548 13 30.9706979109
549 13 30.9706979109
550 13 30.9706979109
551 13 30.9706979109
552 13 30.9706979109
553 13 30.9706979109
554 13 30.9706979109
555 13 30.9706979109
556 13 30.9706979109
557 13 30.9706979109
558 13 30.9706979109
559 13 30.9706979109
560 13 30.9706979109
561 14 29.4552626464
562 14 29.4552626464
563 14 29.4552626464
564 14 29.4552626464
565 14 29.4552626464
566 14 29.4552626464
567 14 29.4552626464
568 14 29.4552626464
569 14 29.4552626464
570 14 29.4552626464
571 14 29.4552626464
572 14 29.4552626464
573 14 29.4552626464
574 14 29.4552626464
575 14 29.4552626464
576 14 29.4552626464
577 14 29.4552626464
578 14 29.4552626464
579 14 29.4552626464
580 14 29.4552626464
581 14 29.4552626464
582 14 29.4552626464
583 14 29.4552626464
584 14 29.4552626464
585 14 29.4552626464
586 14 29.4552626464
587 14 29.4552626464
588 14 29.4552626464
589 14 29.4552626464
590 14 29.4552626464
591 14 29.4552626464
592 14 29.4552626464
593 14 29.4552626464
594 14 29.4552626464
595 14 29.4552626464
596 14 29.4552626464
597 14 29.4552626464
598 14 29.4552626464
599 14 29.4552626464
600 14 29.4552626464
601 15 24.2532450445
602 15 24.2532450445
603 15 24.2532450445
604 15 24.2532450445
605 15 24.2532450445
606 15 24.2532450445
607 15 24.2532450445
608 15 24.2532450445
609 15 24.2532450445
610 15 24.2532450445
611 15 24.2532450445
612 15 24.2532450445
613 15 24.2532450445
614 15 24.2532450445
615 15 24.2532450445
616 15 24.2532450445
617 15 24.2532450445
618 15 24.2532450445
619 15 24.2532450445
620 15 24.2532450445
621 15 24.2532450445
622 15 24.2532450445
623 15 24.2532450445
624 15 24.2532450445
625 15 24.2532450445
626 15 24.2532450445
627 15 24.2532450445
628 15 24.2532450445
629 15 24.2532450445
630 15 24.2532450445
631 15 24.2532450445
632 15 24.2532450445
633 15 24.2532450445
634 15 24.2532450445
635 15 24.2532450445
636 15 24.2532450445
637 15 24.2532450445
638 15 24.2532450445
639 15 24.2532450445
640 15 24.2532450445
641 16 18.216770179
642 16 18.216770179
643 16 18.216770179
644 16 18.216770179
645 16 18.216770179
646 16 18.216770179
647 16 18.216770179
648 16 18.216770179
649 16 18.216770179
650 16 18.216770179
651 16 18.216770179
652 16 18.216770179
653 16 18.216770179
654 16 18.216770179
655 16 18.216770179
656 16 18.216770179
657 16 18.216770179
658 16 18.216770179
659 16 18.216770179
660 16 18.216770179
661 16 18.216770179
662 16 18.216770179
663 16 18.216770179
664 16 18.216770179
665 16 18.216770179
666 16 18.216770179
667 16 18.216770179
668 16 18.216770179
669 16 18.216770179
670 16 18.216770179
671 16 18.216770179
672 16 18.216770179
673 16 18.216770179
674 16 18.216770179
675 16 18.216770179
676 16 18.216770179
677 16 18.216770179
678 16 18.216770179
679 16 18.216770179
680 16 18.216770179
681 17 18.3447894786
682 17 18.3447894786
683 17 18.3447894786
684 17 18.3447894786
685 17 18.3447894786
686 17 18.3447894786
687 17 18.3447894786
688 17 18.3447894786
689 17 18.3447894786
690 17 18.3447894786
691 17 18.3447894786
692 17 18.3447894786
693 17 18.3447894786
694 17 18.3447894786
695 17 18.3447894786
696 17 18.3447894786
697 17 18.3447894786
698 17 18.3447894786
699 17 18.3447894786
700 17 18.3447894786
701 17 18.3447894786
702 17 18.3447894786
703 17 18.3447894786
704 17 18.3447894786
705 17 18.3447894786
706 17 18.3447894786
707 17 18.3447894786
708 17 18.3447894786
709 17 18.3447894786
710 17 18.3447894786
711 17 18.3447894786
712 17 18.3447894786
713 17 18.3447894786
714 17 18.3447894786
715 17 18.3447894786
716 17 18.3447894786
717 17 18.3447894786
718 17 18.3447894786
719 17 18.3447894786
720 17 18.3447894786
721 18 18.0277685787
722 18 18.0277685787
723 18 18.0277685787
724 18 18.0277685787
725 18 18.0277685787
726 18 18.0277685787
727 18 18.0277685787
728 18 18.0277685787
729 18 18.0277685787
730 18 18.0277685787
731 18 18.0277685787
732 18 18.0277685787
733 18 18.0277685787
734 18 18.0277685787
735 18 18.0277685787
736 18 18.0277685787
737 18 18.0277685787
738 18 18.0277685787
739 18 18.0277685787
740 18 18.0277685787
741 18 18.0277685787
742 18 18.0277685787
743 18 18.0277685787
744 18 18.0277685787
745 18 18.0277685787
746 18 18.0277685787
747 18 18.0277685787
748 18 18.0277685787
749 18 18.0277685787
750 18 18.0277685787
751 18 18.0277685787
752 18 18.0277685787
753 18 18.0277685787
754 18 18.0277685787
755 18 18.0277685787
756 18 18.0277685787
757 18 18.0277685787
758 18 18.0277685787
759 18 18.0277685787
760 18 18.0277685787
761 19 17.3434518956
762 19 17.3434518956
763 19 17.3434518956
764 19 17.3434518956
765 19 17.3434518956
766 19 17.3434518956
767 19 17.3434518956
768 19 17.3434518956
769 19 17.3434518956
770 19 17.3434518956
771 19 17.3434518956
772 19 17.3434518956
773 19 17.3434518956
774 19 17.3434518956
775 19 17.3434518956
776 19 17.3434518956
777 19 17.3434518956
778 19 17.3434518956
779 19 17.3434518956
780 19 17.3434518956
781 19 17.3434518956
782 19 17.3434518956
783 19 17.3434518956
784 19 17.3434518956
785 19 17.3434518956
786 19 17.3434518956
787 19 17.3434518956
788 19 17.3434518956
789 19 17.3434518956
790 19 17.3434518956
791 19 17.3434518956
792 19 17.3434518956
793 19 17.3434518956
794 19 17.3434518956
795 19 17.3434518956
796 19 17.3434518956
797 19 17.3434518956
798 19 17.3434518956
799 19 17.3434518956
800 19 17.3434518956
801 20 15.9228932407
802 20 15.9228932407
803 20 15.9228932407
804 20 15.9228932407
805 20 15.9228932407
806 20 15.9228932407
807 20 15.9228932407
808 20 15.9228932407
809 20 15.9228932407
810 20 15.9228932407
811 20 15.9228932407
812 20 15.9228932407
813 20 15.9228932407
814 20 15.9228932407
815 20 15.9228932407
816 20 15.9228932407
817 20 15.9228932407
818 20 15.9228932407
819 20 15.9228932407
820 20 15.9228932407
821 20 15.9228932407
822 20 15.9228932407
823 20 15.9228932407
824 20 15.9228932407
825 20 15.9228932407
826 20 15.9228932407
827 20 15.9228932407
828 20 15.9228932407
829 20 15.9228932407
830 20 15.9228932407
831 20 15.9228932407
832 20 15.9228932407
833 20 15.9228932407
834 20 15.9228932407
835 20 15.9228932407
836 20 15.9228932407
837 20 15.9228932407
838 20 15.9228932407
839 20 15.9228932407
840 20 15.9228932407
841 21 15.3018162088
842 21 15.3018162088
843 21 15.3018162088
844 21 15.3018162088
845 21 15.3018162088
846 21 15.3018162088
847 21 15.3018162088
848 21 15.3018162088
849 21 15.3018162088
850 21 15.3018162088
851 21 15.3018162088
852 21 15.3018162088
853 21 15.3018162088
854 21 15.3018162088
855 21 15.3018162088
856 21 15.3018162088
857 21 15.3018162088
858 21 15.3018162088
859 21 15.3018162088
860 21 15.3018162088
861 21 15.3018162088
862 21 15.3018162088
863 21 15.3018162088
864 21 15.3018162088
865 21 15.3018162088
866 21 15.3018162088
867 21 15.3018162088
868 21 15.3018162088
869 21 15.3018162088
870 21 15.3018162088
871 21 15.3018162088
872 21 15.3018162088
873 21 15.3018162088
874 21 15.3018162088
875 21 15.3018162088
876 21 15.3018162088
877 21 15.3018162088
878 21 15.3018162088
879 21 15.3018162088
880 21 15.3018162088
881 22 16.7950291092
882 22 16.7950291092
883 22 16.7950291092
884 22 16.7950291092
885 22 16.7950291092
886 22 16.7950291092
887 22 16.7950291092
888 22 16.7950291092
889 22 16.7950291092
890 22 16.7950291092
891 22 16.7950291092
892 22 16.7950291092
893 22 16.7950291092
894 22 16.7950291092
895 22 16.7950291092
896 22 16.7950291092
897 22 16.7950291092
898 22 16.7950291092
899 22 16.7950291092
900 22 16.7950291092
901 22 16.7950291092
902 22 16.7950291092
903 22 16.7950291092
904 22 16.7950291092
905 22 16.7950291092
906 22 16.7950291092
907 22 16.7950291092
908 22 16.7950291092
909 22 16.7950291092
910 22 16.7950291092
911 22 16.7950291092
912 22 16.7950291092
913 22 16.7950291092
914 22 16.7950291092
915 22 16.7950291092
916 22 16.7950291092
917 22 16.7950291092
918 22 16.7950291092
919 22 16.7950291092
920 22 16.7950291092
921 23 15.2080237167
922 23 15.2080237167
923 23 15.2080237167
924 23 15.2080237167
925 23 15.2080237167
926 23 15.2080237167
927 23 15.2080237167
928 23 15.2080237167
929 23 15.2080237167
930 23 15.2080237167
931 23 15.2080237167
932 23 15.2080237167
933 23 15.2080237167
934 23 15.2080237167
935 23 15.2080237167
936 23 15.2080237167
937 23 15.2080237167
938 23 15.2080237167
939 23 15.2080237167
940 23 15.2080237167
941 23 15.2080237167
942 23 15.2080237167
943 23 15.2080237167
944 23 15.2080237167
945 23 15.2080237167
946 23 15.2080237167
947 23 15.2080237167
948 23 15.2080237167
949 23 15.2080237167
950 23 15.2080237167
951 23 15.2080237167
952 23 15.2080237167
953 23 15.2080237167
954 23 15.2080237167
955 23 15.2080237167
956 23 15.2080237167
957 23 15.2080237167
958 23 15.2080237167
959 23 15.2080237167
960 23 15.2080237167
961 24 13.0450181369
962 24 13.0450181369
963 24 13.0450181369
964 24 13.0450181369
965 24 13.0450181369
966 24 13.0450181369
967 24 13.0450181369
968 24 13.0450181369
969 24 13.0450181369
970 24 13.0450181369
971 24 13.0450181369
972 24 13.0450181369
973 24 13.0450181369
974 24 13.0450181369
975 24 13.0450181369
976 24 13.0450181369
977 24 13.0450181369
978 24 13.0450181369
979 24 13.0450181369
980 24 13.0450181369
981 24 13.0450181369
982 24 13.0450181369
983 24 13.0450181369
984 24 13.0450181369
985 24 13.0450181369
986 24 13.0450181369
987 24 13.0450181369
988 24 13.0450181369
989 24 13.0450181369
990 24 13.0450181369
991 24 13.0450181369
992 24 13.0450181369
993 24 13.0450181369
994 24 13.0450181369
995 24 13.0450181369
996 24 13.0450181369
997 24 13.0450181369
998 24 13.0450181369
999 24 13.0450181369
1000 24 13.0450181369
1001 25 17.3608368027
1002 25 17.3608368027
1003 25 17.3608368027
1004 25 17.3608368027
1005 25 17.3608368027
1006 25 17.3608368027
1007 25 17.3608368027
1008 25 17.3608368027
1009 25 17.3608368027
1010 25 17.3608368027
1011 25 17.3608368027
1012 25 17.3608368027
1013 25 17.3608368027
1014 25 17.3608368027
1015 25 17.3608368027
1016 25 17.3608368027
1017 25 17.3608368027
1018 25 17.3608368027
1019 25 17.3608368027
1020 25 17.3608368027
1021 25 17.3608368027
1022 25 17.3608368027
1023 25 17.3608368027
1024 25 17.3608368027
1025 25 17.3608368027
1026 25 17.3608368027
1027 25 17.3608368027
1028 25 17.3608368027
1029 25 17.3608368027
1030 25 17.3608368027
1031 25 17.3608368027
1032 25 17.3608368027
1033 25 17.3608368027
1034 25 17.3608368027
1035 25 17.3608368027
1036 25 17.3608368027
1037 25 17.3608368027
1038 25 17.3608368027
1039 25 17.3608368027
1040 25 17.3608368027
1041 26 17.0204381146
1042 26 17.0204381146
1043 26 17.0204381146
1044 26 17.0204381146
1045 26 17.0204381146
1046 26 17.0204381146
1047 26 17.0204381146
1048 26 17.0204381146
1049 26 17.0204381146
1050 26 17.0204381146
1051 26 17.0204381146
1052 26 17.0204381146
1053 26 17.0204381146
1054 26 17.0204381146
1055 26 17.0204381146
1056 26 17.0204381146
1057 26 17.0204381146
1058 26 17.0204381146
1059 26 17.0204381146
1060 26 17.0204381146
1061 26 17.0204381146
1062 26 17.0204381146
1063 26 17.0204381146
1064 26 17.0204381146
1065 26 17.0204381146
1066 26 17.0204381146
1067 26 17.0204381146
1068 26 17.0204381146
1069 26 17.0204381146
1070 26 17.0204381146
1071 26 17.0204381146
1072 26 17.0204381146
1073 26 17.0204381146
1074 26 17.0204381146
1075 26 17.0204381146
1076 26 17.0204381146
1077 26 17.0204381146
1078 26 17.0204381146
1079 26 17.0204381146
1080 26 17.0204381146
1081 27 30.4416025929
1082 27 30.4416025929
1083 27 30.4416025929
1084 27 30.4416025929
1085 27 30.4416025929
1086 27 30.4416025929
1087 27 30.4416025929
1088 27 30.4416025929
1089 27 30.4416025929
1090 27 30.4416025929
1091 27 30.4416025929
1092 27 30.4416025929
1093 27 30.4416025929
1094 27 30.4416025929
