1 0 11.9436195742
2 1 0.0
3 2 0.0
4 3 0.0
5 4 0.0
6 5 0.0
7 6 0.0
8 7 0.0
9 8 0.0
10 9 0.0
11 10 0.0
12 11 0.0
13 12 0.0
14 13 0.0
15 14 0.0
16 15 0.0
17 16 0.0
18 17 0.0
19 18 0.0
20 19 0.0
21 20 0.0
22 21 0.0
23 22 0.0
24 23 0.0
25 24 0.0
26 25 0.0
27 26 0.0
28 27 0.0
29 28 0.0
30 29 0.0
31 30 0.0
32 31 0.0
33 32 0.0
34 33 0.0
35 34 0.0
36 35 0.0
37 36 0.0
38 37 0.0
39 38 0.0
40 39 0.0
41 40 0.0
42 41 0.0
43 42 0.0
44 43 0.0
45 44 0.0
46 45 0.0
47 46 0.0
48 47 0.0
49 48 0.0
50 49 0.0
51 50 0.0
52 51 0.0
53 52 0.0
54 53 0.0
55 54 0.0
56 55 0.0
57 56 0.0
58 57 0.0
59 58 0.0
60 59 0.0
61 60 0.0
62 61 0.0
63 62 0.0
64 63 0.0
65 64 0.0
66 65 0.0
67 66 0.0
68 67 0.0
69 68 0.0
70 69 0.0
71 70 0.0
72 71 0.0
73 72 0.0
74 73 0.0
75 74 0.0
76 75 0.0
77 76 0.0
78 77 0.0
79 78 0.0
80 79 0.0
81 80 0.0
82 81 0.0
83 82 0.0
84 83 0.0
85 84 0.0
86 85 0.0
87 86 0.0
88 87 0.0
89 88 0.0
90 89 0.0
91 90 0.0
92 91 0.0
93 92 0.0
94 93 0.0
95 94 0.0
96 95 0.0
97 96 0.0
98 97 0.0
99 98 0.0
100 99 0.0
101 100 0.0
102 101 0.0
103 102 0.0
104 103 0.0
105 104 0.0
106 105 0.0
107 106 0.0
108 107 0.0
109 108 0.0
110 109 0.0
111 110 3.01268443064
112 110 3.01268443064
113 110 3.01268443064
114 110 3.01268443064
115 110 3.01268443064
116 110 3.01268443064
117 110 3.01268443064
118 110 3.01268443064
119 110 3.01268443064
120 110 3.01268443064
121 110 3.01268443064
122 110 3.01268443064
123 110 3.01268443064
124 110 3.01268443064
125 110 3.01268443064
126 110 3.01268443064
127 110 3.01268443064
128 110 3.01268443064
129 110 3.01268443064
130 110 3.01268443064
131 111 7.91447214559
132 111 7.91447214559
133 111 7.91447214559
134 111 7.91447214559
135 111 7.91447214559
136 111 7.91447214559
137 111 7.91447214559
138 111 7.91447214559
139 111 7.91447214559
140 111 7.91447214559
141 111 7.91447214559
142 111 7.91447214559
143 111 7.91447214559
144 111 7.91447214559
145 111 7.91447214559
146 111 7.91447214559
147 111 7.91447214559
148 111 7.91447214559
149 111 7.91447214559
150 111 7.91447214559
151 112 10.230575419
152 112 10.230575419
153 112 10.230575419
154 112 10.230575419
155 112 10.230575419
156 112 10.230575419
157 112 10.230575419
158 113 0.0
159 114 0.0
160 115 0.0
161 116 0.0
162 117 0.0
163 118 0.0
164 119 0.0
165 120 0.0
166 121 0.0
167 122 0.0
168 123 0.0
169 124 0.0
170 125 0.0
171 126 0.0
172 127 0.0
173 128 0.0
174 129 0.0
175 130 0.0
176 131 0.0
177 132 0.0
178 133 0.0
179 134 0.0
180 135 0.0
181 136 0.0
182 137 0.0
183 138 0.0
184 139 0.0
185 140 0.0
186 141 0.0
187 142 0.0
188 143 0.0
189 144 0.0
190 145 0.0
191 146 0.0
192 147 0.0
193 148 0.0
194 149 0.0
195 150 0.0
196 151 0.0
197 152 0.0
198 153 0.0
199 154 0.0
200 155 0.0
201 156 0.0
202 157 0.0
203 158 0.0
204 159 0.0
205 160 0.0
206 161 0.0
207 162 0.0
208 163 0.0
209 164 0.0
210 165 0.0
211 166 0.0
212 167 0.0
213 168 0.0
214 169 0.0
215 170 0.0
216 171 0.0
217 172 0.0
218 173 0.0
219 174 0.0
220 175 0.0
221 176 0.0
222 177 0.0
223 178 0.0
224 179 0.0
225 180 0.0
226 181 0.0
227 182 0.0
228 183 0.0
229 184 0.0
230 185 0.0
231 186 0.0
232 187 0.0
233 188 0.0
234 189 0.0
235 190 0.0
236 191 0.0
237 192 0.0
238 193 0.0
239 194 0.0
240 195 0.0
241 196 0.0
242 197 0.0
243 198 0.0
244 199 0.0
245 200 0.0
246 201 0.0
247 202 0.0
248 203 0.0
249 204 0.0
250 205 0.0
251 206 0.0
252 207 0.0
253 208 0.0
254 209 0.0
255 210 0.0
256 211 0.0
257 212 0.0
258 213 0.0
259 214 0.0
260 215 0.0
261 216 0.0
262 217 0.0
263 218 0.0
264 219 0.0
265 220 0.0
266 221 0.0
267 222 0.0
268 223 0.0
269 224 0.0
270 225 0.0
271 226 0.0
272 227 0.0
273 228 0.0
274 229 0.0
275 230 0.0
276 231 0.0
277 232 0.0
278 233 0.0
279 234 0.0
280 235 0.0
281 236 0.0
282 237 0.0
283 238 0.0
284 239 0.0
285 240 0.0
286 241 0.0
287 242 0.0
288 243 0.0
289 244 0.0
290 245 0.0
291 246 0.0
292 247 0.0
293 248 0.0
294 249 0.0
295 250 0.0
296 251 0.0
297 252 0.0
298 253 0.0
299 254 0.0
300 255 0.0
301 256 0.0
302 257 12.9364994605
303 257 12.9364994605
304 257 12.9364994605
305 257 12.9364994605
306 257 12.9364994605
307 257 12.9364994605
