8 0 16.7678063263
9 1 17.0791125792
10 2 18.8083829992
11 3 19.353578822
12 4 20.6022313862
13 5 22.0732857453
14 6 22.0109504287
15 7 20.9578240894
16 8 19.5907393656
17 9 17.72648411
18 10 16.8725054742
19 11 15.1009074887
20 12 14.3764975652
21 13 13.521339765
22 14 12.2943661753
23 15 12.9898751535
24 16 14.3790776428
25 17 13.9351192874
26 18 15.6505795018
27 19 16.0780924207
28 20 14.7650749571
29 21 15.0998070597
30 22 16.8318757741
31 23 16.9645290812
32 24 15.7629906004
33 25 15.1646034017
34 26 13.7342457486
35 27 13.838238396
36 28 14.1079161908
37 29 15.5125696047
38 30 15.911195577
39 31 17.6629144505
40 32 19.1715076199
41 33 20.9722508565
42 34 22.8891727742
43 35 24.1465946472
44 36 25.8048922793
45 37 25.38429891
46 38 26.1815264303
47 39 25.4910789843
48 40 23.6180478776
49 41 22.6798919506
50 42 24.052741665
51 42 24.052741665
52 42 24.052741665
53 42 24.052741665
54 42 24.052741665
55 42 24.052741665
56 42 24.052741665
57 42 24.052741665
58 42 24.052741665
59 42 24.052741665
60 42 24.052741665
61 42 24.052741665
62 42 24.052741665
63 42 24.052741665
64 42 24.052741665
65 42 24.052741665
66 42 24.052741665
67 42 24.052741665
68 42 24.052741665
69 42 24.052741665
70 42 24.052741665
71 42 24.052741665
72 42 24.052741665
73 42 24.052741665
74 42 24.052741665
75 42 24.052741665
76 42 24.052741665
77 42 24.052741665
78 42 24.052741665
79 42 24.052741665
80 42 24.052741665
81 42 24.052741665
82 42 24.052741665
83 42 24.052741665
84 42 24.052741665
85 42 24.052741665
86 42 24.052741665
87 42 24.052741665
88 42 24.052741665
89 42 24.052741665
90 43 18.0125862926
91 43 18.0125862926
92 43 18.0125862926
93 43 18.0125862926
94 44 21.8535571888
95 45 20.5799664445
96 46 21.3607163392
97 47 19.8189594353
98 48 18.029075536
99 49 16.9276269308
100 50 15.530224433
101 51 14.2663030521
102 52 12.9590445365
103 53 12.0349211974
104 54 12.2813268757
105 55 12.5606877429
106 56 12.0408415444
107 57 13.1348477126
108 58 14.4444095158
109 59 15.1931676129
110 60 16.5596267082
111 61 16.3797394245
112 62 17.8646518013
113 63 18.3856380743
114 64 20.3752729725
115 65 20.6303705224
116 66 19.6738957338
117 67 20.9506358225
118 68 19.5996299974
119 69 18.3564276051
120 70 16.6800907579
121 71 15.8232394487
122 72 14.1925432094
123 73 13.3766163229
124 74 11.9047524644
125 75 11.5586696577
126 76 10.6592205589
127 77 10.4234297406
128 78 10.1581981462
129 79 11.7951788744
130 80 12.5727704199
131 81 14.1700788409
132 82 15.0412979499
133 83 16.3291491863
134 84 17.6844473696
135 85 19.0637219874
136 86 20.3947917894
137 87 21.5517461619
138 88 21.520553569
139 89 22.434824843
140 90 22.1994511352
141 91 20.5338896196
142 92 18.8195183556
143 93 18.2071385294
144 94 17.0118023042
145 95 16.5905835598
146 96 15.6910344298
147 97 14.7901395158
148 98 13.44283863
149 99 12.1549906055
150 100 11.2389592675
151 101 14.0994525935
152 101 14.0994525935
153 101 14.0994525935
154 101 14.0994525935
155 101 14.0994525935
156 101 14.0994525935
157 101 14.0994525935
158 101 14.0994525935
159 101 14.0994525935
160 101 14.0994525935
161 101 14.0994525935
162 101 14.0994525935
163 101 14.0994525935
164 101 14.0994525935
165 102 9.86420016575
166 103 9.16070209549
167 104 9.32328966656
168 105 9.22311006057
169 106 10.0798851516
170 107 10.6872808586
171 108 11.7611071057
172 109 12.5105303152
173 110 13.3254821479
174 111 14.3188105509
175 112 16.1651580627
176 112 16.1651580627
177 112 16.1651580627
178 112 16.1651580627
179 112 16.1651580627
180 112 16.1651580627
181 112 16.1651580627
182 112 16.1651580627
183 112 16.1651580627
184 112 16.1651580627
185 112 16.1651580627
186 112 16.1651580627
187 112 16.1651580627
188 112 16.1651580627
189 112 16.1651580627
190 112 16.1651580627
191 112 16.1651580627
192 112 16.1651580627
193 112 16.1651580627
194 112 16.1651580627
195 112 16.1651580627
196 112 16.1651580627
197 112 16.1651580627
198 112 16.1651580627
199 112 16.1651580627
200 112 16.1651580627
201 112 16.1651580627
202 112 16.1651580627
203 112 16.1651580627
204 112 16.1651580627
205 112 16.1651580627
206 112 16.1651580627
207 112 16.1651580627
208 112 16.1651580627
209 112 16.1651580627
210 112 16.1651580627
211 112 16.1651580627
212 112 16.1651580627
213 112 16.1651580627
214 112 16.1651580627
215 113 18.1323691311
216 113 18.1323691311
217 113 18.1323691311
218 113 18.1323691311
219 113 18.1323691311
220 113 18.1323691311
221 113 18.1323691311
222 113 18.1323691311
223 113 18.1323691311
224 113 18.1323691311
225 113 18.1323691311
226 113 18.1323691311
227 113 18.1323691311
228 113 18.1323691311
229 113 18.1323691311
230 113 18.1323691311
231 114 14.5440128829
232 115 16.3405850377
233 116 17.6885749786
234 117 17.6044236818
235 118 16.2075990432
236 119 16.4670940535
237 120 15.7047498522
238 121 13.8398497823
239 122 12.9510018526
240 123 11.7097502735
241 124 11.0538856549
242 125 10.3362901446
243 126 9.22545922299
244 127 8.76553795206
245 128 8.23469975233
246 129 8.98330814321
247 130 8.7458256161
248 131 9.75684363913
249 132 10.027862822
250 133 11.0302900058
251 134 12.3862229433
252 135 13.9718661362
253 136 15.5633195703
254 137 16.9205414617
255 138 16.2789781644
256 139 16.6750088511
257 140 14.9001646847
258 141 15.1941177341
259 142 16.3765583901
260 143 15.7970627656
261 144 14.7648198209
262 145 14.6850426958
263 146 13.3930933086
264 147 13.4918260096
265 148 11.9617895919
266 149 11.16141315
267 150 10.1433460647
268 151 9.0321667832
269 152 9.38720525816
270 153 9.08931053788
271 154 10.3142576089
272 155 10.7581281853
273 156 10.3651561261
274 157 9.26122829901
275 158 10.005224998
276 159 9.90069854229
277 160 8.80743207287
278 161 9.28148310674
279 162 9.78782869286
280 163 9.71900927075
281 164 10.5629467692
282 165 11.3852567514
283 166 12.3346279878
284 167 12.4261494638
285 168 13.3093418595
286 169 13.4529475959
287 170 14.2141080183
288 171 16.0041676292
289 172 17.5522535325
290 173 17.9685575216
291 174 16.0047560866
292 175 15.1638706358
293 176 14.459979263
294 177 13.3434242404
295 178 12.6195886826
296 179 12.3056570961
297 180 12.20575062
298 181 11.7532085617
299 182 11.9388899379
300 183 11.3716504967
301 184 11.6138743682
302 185 12.1641961323
303 186 11.158190998
304 187 11.8635415787
305 188 12.8796984945
306 189 12.9003572291
307 190 12.7242747609
308 191 12.2828304667
309 192 12.2545095431
310 193 11.4246684885
311 194 11.6207392574
312 195 11.2974990399
313 196 12.4276725978
314 197 13.5855612803
315 198 15.2660189664
316 199 16.3631223701
317 200 18.240546799
318 201 19.4427346127
319 202 20.0770529544
320 203 18.1477630129
321 204 17.0534354894
322 205 16.3049106822
323 206 15.598062229
324 207 14.5207365555
325 208 12.8860390575
326 209 11.6525394391
327 210 10.4573980778
328 211 10.3630442204
329 212 11.3010430461
330 213 12.3629720672
331 214 13.2497588161
332 215 13.7029407806
333 216 13.9611776947
334 217 14.4350869
335 218 15.3250563519
336 219 16.0856633985
337 220 17.4197925994
338 221 17.637338275
339 222 19.1226811875
340 223 18.8903599904
341 224 17.8390872455
342 225 16.4922723594
343 226 15.0846149979
344 227 14.7289043891
345 228 13.4074825704
346 229 13.9411352981
347 230 15.0078618646
348 231 15.3741527186
349 232 15.1998164671
350 233 14.4057820294
351 234 13.47744861
352 235 13.0699800934
353 236 13.056676397
354 237 12.715722248
355 238 13.3917699516
356 239 13.5167893785
357 240 14.5707004886
358 241 14.9744346346
359 242 16.551990316
360 243 17.8320801343
361 244 18.4086582316
362 245 18.9574594366
363 246 20.5723627508
364 247 20.5522575944
365 248 22.1549799241
366 249 21.778706266
367 250 21.5286375011
368 251 21.0467174515
369 252 19.3857106336
370 253 17.971302937
371 254 17.3377614935
372 255 16.1224807877
373 256 15.8284537452
374 257 14.629937056
375 258 14.9956752938
376 259 14.2636155474
377 260 14.6466412372
378 261 14.5866525209
379 262 14.1576648161
380 263 15.1938942835
381 264 16.3454577394
382 265 17.4613617745
383 266 17.7574714914
384 267 16.6006137061
385 268 16.5496587284
386 269 16.1436635699
387 270 16.1228917598
388 271 16.254809303
389 272 15.5539058306
390 273 15.9945487097
391 274 15.0491436996
392 275 16.2824471565
393 276 16.4473456092
394 277 15.4510653851
395 278 16.53529168
396 279 16.9233428212
397 280 16.624870426
398 281 17.5738680941
399 282 17.9543442166
400 283 17.748212561
401 284 18.264079928
402 285 18.8084003258
403 286 19.7213017657
404 287 19.5283705987
405 288 18.5315494006
406 289 18.773220927
407 290 27.7857505303
408 290 27.7857505303
409 290 27.7857505303
410 290 27.7857505303
411 290 27.7857505303
412 290 27.7857505303
413 290 27.7857505303
414 290 27.7857505303
415 290 27.7857505303
416 290 27.7857505303
417 290 27.7857505303
418 290 27.7857505303
419 290 27.7857505303
420 290 27.7857505303
421 290 27.7857505303
422 290 27.7857505303
423 290 27.7857505303
424 290 27.7857505303
425 290 27.7857505303
426 290 27.7857505303
427 290 27.7857505303
428 290 27.7857505303
429 290 27.7857505303
430 290 27.7857505303
431 290 27.7857505303
432 290 27.7857505303
433 290 27.7857505303
434 290 27.7857505303
435 290 27.7857505303
436 290 27.7857505303
437 291 17.3678943951
438 292 15.7789842391
439 293 15.4910455468
440 294 14.7094270262
441 295 15.267608477
442 296 15.8589041298
443 297 16.9580645182
444 298 17.7753272311
445 299 19.264265955
446 300 20.1209490568
447 301 21.0978901885
448 302 19.766904599
449 303 20.738274274
450 304 20.3395542453
451 305 18.6471110471
452 306 18.487640413
453 307 17.5134823834
454 308 17.0727335005
455 309 16.3136060506
456 310 16.3499746881
457 311 18.1367911828
458 312 19.4264579267
459 313 19.6742490069
460 314 19.3936753989
461 315 19.7021137478
462 316 20.2142244845
463 317 19.9495941843
464 318 20.543164541
465 319 18.9547119994
466 320 20.0708344762
467 321 20.8729355543
468 322 20.1791648233
469 323 21.7259711243
470 324 21.4052859143
471 325 22.546701983
472 326 22.6633424223
473 327 21.9193921286
474 328 21.9034307473
475 329 21.8627381838
476 330 20.3062573337
477 331 22.7708142571
478 331 22.7708142571
479 331 22.7708142571
480 331 22.7708142571
481 331 22.7708142571
482 331 22.7708142571
483 331 22.7708142571
484 331 22.7708142571
485 331 22.7708142571
486 331 22.7708142571
487 331 22.7708142571
488 331 22.7708142571
489 331 22.7708142571
490 331 22.7708142571
491 331 22.7708142571
492 331 22.7708142571
493 331 22.7708142571
494 331 22.7708142571
495 331 22.7708142571
496 331 22.7708142571
497 331 22.7708142571
498 331 22.7708142571
499 331 22.7708142571
500 331 22.7708142571
501 331 22.7708142571
502 331 22.7708142571
503 332 19.9445869642
504 333 20.0561947233
505 334 18.5374189124
506 335 16.7739950097
507 336 16.6043544473
508 337 15.1185766642
509 338 15.9729078839
510 339 17.5424274792
511 340 18.2449784333
512 341 19.8771664898
513 342 20.6541229174
514 343 20.1027055463
515 344 22.0643473133
516 345 23.1128807281
517 346 22.3632871114
518 347 23.6111730397
519 348 22.5686350536
520 349 20.7718563817
521 350 19.7168727521
522 351 18.6164193498
523 352 17.1748903489
524 353 16.9348433419
525 354 16.0217401344
526 355 17.8013330052
527 356 18.4841655778
528 357 18.7014509221
529 358 18.7146090956
530 359 20.3685032932
531 360 21.3845589486
532 361 22.4772982671
533 362 23.6446744221
534 363 23.2208961528
535 364 24.9747416566
536 365 25.9997791428
537 366 27.5021853567
538 367 28.6688145652
539 368 26.6408513415
540 368 26.6408513415
541 368 26.6408513415
542 368 26.6408513415
543 368 26.6408513415
544 368 26.6408513415
545 368 26.6408513415
546 368 26.6408513415
547 368 26.6408513415
548 368 26.6408513415
549 368 26.6408513415
550 368 26.6408513415
551 368 26.6408513415
552 368 26.6408513415
553 368 26.6408513415
554 368 26.6408513415
555 368 26.6408513415
556 368 26.6408513415
557 368 26.6408513415
558 368 26.6408513415
559 368 26.6408513415
560 368 26.6408513415
561 368 26.6408513415
562 368 26.6408513415
563 368 26.6408513415
564 368 26.6408513415
565 368 26.6408513415
566 368 26.6408513415
567 368 26.6408513415
568 368 26.6408513415
569 368 26.6408513415
570 368 26.6408513415
571 368 26.6408513415
572 368 26.6408513415
573 368 26.6408513415
574 368 26.6408513415
575 368 26.6408513415
576 368 26.6408513415
577 368 26.6408513415
578 368 26.6408513415
579 369 25.5388942899
580 369 25.5388942899
581 369 25.5388942899
582 369 25.5388942899
583 369 25.5388942899
584 369 25.5388942899
585 369 25.5388942899
586 369 25.5388942899
587 369 25.5388942899
588 369 25.5388942899
589 369 25.5388942899
590 369 25.5388942899
591 369 25.5388942899
592 369 25.5388942899
593 369 25.5388942899
594 369 25.5388942899
595 369 25.5388942899
596 369 25.5388942899
597 369 25.5388942899
598 369 25.5388942899
599 369 25.5388942899
600 369 25.5388942899
601 369 25.5388942899
602 369 25.5388942899
603 369 25.5388942899
604 369 25.5388942899
605 369 25.5388942899
606 369 25.5388942899
607 369 25.5388942899
608 369 25.5388942899
609 369 25.5388942899
610 369 25.5388942899
611 369 25.5388942899
612 369 25.5388942899
613 369 25.5388942899
614 369 25.5388942899
615 369 25.5388942899
616 369 25.5388942899
617 369 25.5388942899
618 369 25.5388942899
619 370 18.5816383361
620 370 18.5816383361
621 370 18.5816383361
622 370 18.5816383361
623 370 18.5816383361
624 370 18.5816383361
625 370 18.5816383361
626 370 18.5816383361
627 370 18.5816383361
628 370 18.5816383361
629 370 18.5816383361
630 370 18.5816383361
631 370 18.5816383361
632 370 18.5816383361
633 370 18.5816383361
634 370 18.5816383361
635 370 18.5816383361
636 370 18.5816383361
637 370 18.5816383361
638 370 18.5816383361
639 370 18.5816383361
640 370 18.5816383361
641 370 18.5816383361
642 370 18.5816383361
643 370 18.5816383361
644 370 18.5816383361
645 370 18.5816383361
646 370 18.5816383361
647 370 18.5816383361
648 370 18.5816383361
649 370 18.5816383361
650 370 18.5816383361
651 370 18.5816383361
652 370 18.5816383361
653 370 18.5816383361
654 370 18.5816383361
655 370 18.5816383361
656 370 18.5816383361
657 370 18.5816383361
658 370 18.5816383361
659 371 13.2189164976
660 371 13.2189164976
661 371 13.2189164976
662 371 13.2189164976
663 371 13.2189164976
664 371 13.2189164976
665 371 13.2189164976
666 371 13.2189164976
667 371 13.2189164976
668 371 13.2189164976
669 371 13.2189164976
670 371 13.2189164976
671 371 13.2189164976
672 371 13.2189164976
673 371 13.2189164976
674 371 13.2189164976
675 371 13.2189164976
676 371 13.2189164976
677 371 13.2189164976
678 371 13.2189164976
679 371 13.2189164976
680 371 13.2189164976
681 371 13.2189164976
682 371 13.2189164976
683 371 13.2189164976
684 371 13.2189164976
685 371 13.2189164976
686 371 13.2189164976
687 371 13.2189164976
688 371 13.2189164976
689 371 13.2189164976
690 371 13.2189164976
691 371 13.2189164976
692 371 13.2189164976
693 371 13.2189164976
694 371 13.2189164976
695 371 13.2189164976
696 371 13.2189164976
697 371 13.2189164976
698 371 13.2189164976
699 372 22.8009507495
700 372 22.8009507495
701 372 22.8009507495
702 372 22.8009507495
703 372 22.8009507495
704 372 22.8009507495
705 372 22.8009507495
706 372 22.8009507495
707 372 22.8009507495
708 372 22.8009507495
709 372 22.8009507495
710 372 22.8009507495
711 372 22.8009507495
712 372 22.8009507495
713 372 22.8009507495
714 372 22.8009507495
715 372 22.8009507495
716 372 22.8009507495
717 372 22.8009507495
718 372 22.8009507495
719 372 22.8009507495
720 372 22.8009507495
721 372 22.8009507495
722 372 22.8009507495
723 372 22.8009507495
724 372 22.8009507495
725 372 22.8009507495
726 372 22.8009507495
727 372 22.8009507495
728 372 22.8009507495
729 372 22.8009507495
730 372 22.8009507495
731 372 22.8009507495
732 372 22.8009507495
733 372 22.8009507495
734 372 22.8009507495
735 372 22.8009507495
736 372 22.8009507495
737 372 22.8009507495
738 372 22.8009507495
739 373 32.5077685051
740 373 32.5077685051
741 373 32.5077685051
742 373 32.5077685051
743 373 32.5077685051
744 373 32.5077685051
745 373 32.5077685051
746 373 32.5077685051
747 373 32.5077685051
748 373 32.5077685051
749 373 32.5077685051
750 373 32.5077685051
751 373 32.5077685051
752 373 32.5077685051
753 373 32.5077685051
754 373 32.5077685051
755 373 32.5077685051
756 373 32.5077685051
757 373 32.5077685051
758 373 32.5077685051
759 373 32.5077685051
760 373 32.5077685051
761 373 32.5077685051
762 373 32.5077685051
763 373 32.5077685051
764 373 32.5077685051
765 373 32.5077685051
766 373 32.5077685051
767 373 32.5077685051
768 373 32.5077685051
769 373 32.5077685051
770 373 32.5077685051
771 373 32.5077685051
772 373 32.5077685051
773 373 32.5077685051
774 373 32.5077685051
775 373 32.5077685051
776 373 32.5077685051
777 373 32.5077685051
778 373 32.5077685051
779 374 28.5688380823
780 374 28.5688380823
781 374 28.5688380823
782 374 28.5688380823
783 374 28.5688380823
784 374 28.5688380823
785 374 28.5688380823
786 374 28.5688380823
787 374 28.5688380823
788 374 28.5688380823
789 374 28.5688380823
790 374 28.5688380823
791 374 28.5688380823
792 374 28.5688380823
793 374 28.5688380823
794 374 28.5688380823
795 374 28.5688380823
796 374 28.5688380823
797 374 28.5688380823
798 374 28.5688380823
799 374 28.5688380823
800 374 28.5688380823
801 374 28.5688380823
802 374 28.5688380823
803 374 28.5688380823
804 374 28.5688380823
805 374 28.5688380823
806 374 28.5688380823
807 374 28.5688380823
808 374 28.5688380823
809 374 28.5688380823
810 374 28.5688380823
811 374 28.5688380823
812 374 28.5688380823
813 374 28.5688380823
814 374 28.5688380823
815 374 28.5688380823
816 374 28.5688380823
817 374 28.5688380823
818 374 28.5688380823
819 375 28.6474902205
820 375 28.6474902205
821 375 28.6474902205
822 375 28.6474902205
823 375 28.6474902205
824 375 28.6474902205
825 375 28.6474902205
826 375 28.6474902205
827 375 28.6474902205
828 375 28.6474902205
829 375 28.6474902205
830 375 28.6474902205
831 375 28.6474902205
832 375 28.6474902205
833 375 28.6474902205
834 375 28.6474902205
835 375 28.6474902205
836 375 28.6474902205
837 375 28.6474902205
838 375 28.6474902205
839 375 28.6474902205
840 375 28.6474902205
841 375 28.6474902205
842 375 28.6474902205
843 375 28.6474902205
844 375 28.6474902205
845 375 28.6474902205
846 375 28.6474902205
847 375 28.6474902205
848 375 28.6474902205
849 375 28.6474902205
850 375 28.6474902205
851 375 28.6474902205
852 375 28.6474902205
853 375 28.6474902205
854 375 28.6474902205
855 375 28.6474902205
856 375 28.6474902205
857 375 28.6474902205
858 375 28.6474902205
859 376 20.6377921847
860 376 20.6377921847
861 376 20.6377921847
862 376 20.6377921847
863 376 20.6377921847
864 376 20.6377921847
865 376 20.6377921847
866 376 20.6377921847
867 376 20.6377921847
868 376 20.6377921847
869 376 20.6377921847
870 376 20.6377921847
871 376 20.6377921847
872 376 20.6377921847
873 376 20.6377921847
874 376 20.6377921847
875 376 20.6377921847
876 376 20.6377921847
877 376 20.6377921847
878 376 20.6377921847
879 376 20.6377921847
880 376 20.6377921847
881 376 20.6377921847
882 376 20.6377921847
883 376 20.6377921847
884 376 20.6377921847
885 376 20.6377921847
886 376 20.6377921847
887 376 20.6377921847
888 376 20.6377921847
889 376 20.6377921847
890 376 20.6377921847
891 376 20.6377921847
892 376 20.6377921847
893 376 20.6377921847
894 376 20.6377921847
895 376 20.6377921847
896 376 20.6377921847
897 376 20.6377921847
898 376 20.6377921847
899 377 12.7218449824
900 377 12.7218449824
901 377 12.7218449824
902 377 12.7218449824
903 377 12.7218449824
904 377 12.7218449824
905 377 12.7218449824
906 377 12.7218449824
907 377 12.7218449824
908 377 12.7218449824
909 377 12.7218449824
910 377 12.7218449824
911 377 12.7218449824
912 377 12.7218449824
913 377 12.7218449824
914 377 12.7218449824
915 377 12.7218449824
916 377 12.7218449824
917 377 12.7218449824
918 377 12.7218449824
919 377 12.7218449824
920 377 12.7218449824
921 377 12.7218449824
922 377 12.7218449824
923 377 12.7218449824
924 377 12.7218449824
925 377 12.7218449824
926 377 12.7218449824
927 377 12.7218449824
928 377 12.7218449824
929 377 12.7218449824
930 377 12.7218449824
931 377 12.7218449824
932 377 12.7218449824
933 377 12.7218449824
934 377 12.7218449824
935 377 12.7218449824
936 377 12.7218449824
937 377 12.7218449824
938 377 12.7218449824
939 378 11.3294264183
940 378 11.3294264183
941 378 11.3294264183
942 378 11.3294264183
943 378 11.3294264183
944 378 11.3294264183
945 378 11.3294264183
946 378 11.3294264183
947 378 11.3294264183
948 378 11.3294264183
949 378 11.3294264183
950 378 11.3294264183
951 378 11.3294264183
952 378 11.3294264183
953 378 11.3294264183
954 378 11.3294264183
955 378 11.3294264183
956 378 11.3294264183
957 378 11.3294264183
958 378 11.3294264183
959 378 11.3294264183
960 378 11.3294264183
961 378 11.3294264183
962 378 11.3294264183
963 378 11.3294264183
964 378 11.3294264183
965 378 11.3294264183
966 378 11.3294264183
967 378 11.3294264183
968 378 11.3294264183
969 378 11.3294264183
970 378 11.3294264183
971 378 11.3294264183
972 378 11.3294264183
973 378 11.3294264183
974 378 11.3294264183
975 378 11.3294264183
976 378 11.3294264183
977 378 11.3294264183
978 378 11.3294264183
979 379 14.0238691355
980 379 14.0238691355
981 379 14.0238691355
982 379 14.0238691355
983 379 14.0238691355
984 379 14.0238691355
985 379 14.0238691355
986 379 14.0238691355
