1 0 34.0855523445
2 0 34.0855523445
3 0 34.0855523445
4 0 34.0855523445
5 0 34.0855523445
6 0 34.0855523445
7 0 34.0855523445
8 0 34.0855523445
9 0 34.0855523445
10 0 34.0855523445
11 0 34.0855523445
12 1 20.2198006391
13 2 19.486727342
14 3 19.7520276853
15 4 21.3223087115
16 5 21.228622451
17 6 20.8704925569
18 7 22.7388943454
19 8 23.1115790727
20 9 24.4923255857
21 10 26.5960164446
22 11 27.0511067847
23 12 27.6356352901
24 13 30.2547381219
25 14 32.19332941
26 15 33.2628377121
27 16 31.0357815992
28 17 31.0455734528
29 18 33.4979346613
30 19 32.8031917039
31 20 30.8754653273
32 21 32.3035769326
33 22 33.3156238031
34 23 31.0399231104
35 24 30.0004700432
36 25 31.9987341612
37 26 31.6842714632
38 27 29.1364277495
39 28 29.6327991685
40 29 31.1596968158
41 30 29.4627807931
42 31 30.2189014032
43 32 30.1603897177
44 33 29.5173289504
45 34 28.216431409
46 35 26.0188575251
47 36 24.3501203621
48 37 25.2186814434
49 38 24.2373129267
50 39 22.7542259248
51 40 23.3402811029
52 41 21.3931353673
53 42 18.8530253117
54 43 17.2953850759
55 44 18.4365966177
56 45 19.5647482546
57 46 21.6901013652
58 47 23.1513958329
59 48 25.3623383784
60 49 26.8115522045
61 50 27.1073805716
62 51 27.6810494001
63 52 25.3293170629
64 53 24.1952008619
65 54 25.7672033088
66 55 24.7141147517
67 56 22.160740688
68 57 20.0909793305
69 58 19.4521303927
70 59 17.349098049
71 60 15.5741384279
72 61 15.1960370999
73 62 13.9049532634
74 63 13.5155754312
75 64 13.3974682549
76 65 13.2449526597
77 66 13.0860300265
78 67 12.7527497825
79 68 13.342664484
80 69 13.142258205
81 70 13.3913397125
82 71 13.5312222823
83 72 13.2082430047
84 73 13.5090184872
85 74 10.2780003669
86 74 10.2780003669
87 74 10.2780003669
88 74 10.2780003669
89 74 10.2780003669
90 74 10.2780003669
91 74 10.2780003669
92 74 10.2780003669
93 74 10.2780003669
94 74 10.2780003669
95 74 10.2780003669
96 74 10.2780003669
97 74 10.2780003669
98 74 10.2780003669
99 74 10.2780003669
100 74 10.2780003669
101 74 10.2780003669
102 74 10.2780003669
103 74 10.2780003669
104 74 10.2780003669
105 75 24.1840261996
106 75 24.1840261996
107 75 24.1840261996
108 75 24.1840261996
109 75 24.1840261996
110 75 24.1840261996
111 75 24.1840261996
112 76 8.53991037556
113 77 9.83094984729
114 78 10.2570438302
115 79 8.32731333405
116 80 8.76745941425
117 81 10.5587187772
118 82 9.79663143259
119 83 8.91666668812
120 84 10.8129667395
121 85 11.8619803753
122 86 10.7139586869
123 87 11.5648237949
124 88 13.6622114275
125 89 13.6235971331
126 90 12.9141036535
127 91 15.0147640203
128 92 16.257302767
129 93 15.4918062301
130 94 16.2870030608
131 95 18.5588214319
132 96 19.0126926372
133 97 18.3265277141
134 98 19.968415542
135 99 21.9833295247
136 100 22.2931215276
137 101 21.7760543766
138 102 22.3498304205
139 103 20.562055265
140 104 21.2875973819
141 105 20.6547020871
142 106 18.5962425412
143 107 17.230731393
144 108 17.5210812205
145 109 15.2423936159
146 110 13.8657346315
147 111 14.7249905713
148 112 14.1316704734
149 113 11.9458963486
150 114 11.6468840628
151 115 12.2936006591
152 116 10.7258884648
153 117 9.12708541491
154 118 9.59981645789
155 119 9.57040722104
156 120 8.20638162664
157 121 7.55053244031
158 122 7.96786189427
159 123 7.62910878382
160 124 6.80463604027
161 125 6.8029279911
162 126 6.89738612141
163 127 6.87226158212
164 128 6.7565278842
165 129 6.73266504022
166 130 6.99571193837
167 131 7.80630911048
168 132 7.49239699868
169 133 6.91246417461
170 134 7.76421769633
171 135 8.45618624505
172 136 7.45377104904
173 137 7.5838282813
174 138 8.88868137798
175 139 8.56394605809
176 140 7.55648523981
177 141 8.6663194361
178 142 9.72254175675
179 143 8.55947061453
180 144 8.00081704335
181 145 9.594533819
182 146 9.94471626301
183 147 8.45381998265
184 148 8.77738203122
185 149 10.4557502897
186 150 9.93546795821
187 151 8.6652826095
188 152 10.0161129734
189 153 10.9862012789
190 154 9.36983067773
191 155 9.01090843744
192 156 10.646830647
193 157 10.572342421
194 158 8.94669019846
195 159 9.6943000325
196 160 11.0092436391
197 161 9.79935879791
198 162 8.91517805359
199 163 10.2752603746
200 164 10.6327570067
201 165 9.15808709016
202 166 9.31288012556
203 167 10.6155021382
204 168 10.3570724767
205 169 9.0399742868
206 170 8.62850387095
207 171 20.1902632397
208 171 20.1902632397
209 171 20.1902632397
210 171 20.1902632397
211 171 20.1902632397
212 171 20.1902632397
213 171 20.1902632397
214 171 20.1902632397
215 171 20.1902632397
216 171 20.1902632397
217 171 20.1902632397
218 171 20.1902632397
219 171 20.1902632397
220 171 20.1902632397
221 171 20.1902632397
222 171 20.1902632397
