8 0 26.5782269937
9 1 26.0450800738
10 2 27.1096204877
11 3 28.2982729336
12 4 28.8437596234
13 5 31.170018268
14 6 30.5117475824
15 7 31.0177363032
16 8 29.7622065138
17 9 28.947558563
18 10 28.5484148573
19 11 27.4153666692
20 12 27.1096400775
21 13 25.214270581
22 14 24.0663563055
23 15 24.1626757803
24 16 26.3366427715
25 17 26.8818044008
26 18 29.0294199769
27 19 29.4099738144
28 20 28.728768373
29 21 30.1240354675
30 22 31.8565705618
31 23 31.8102782646
32 24 31.2944981966
33 25 31.4718686566
34 26 29.2412706977
35 27 29.4615565948
36 28 28.548720149
37 29 30.1296752202
38 30 29.2978714738
39 31 31.3574581645
40 32 31.9458307574
41 33 32.8214850549
42 34 33.8447808804
43 35 33.9123517976
44 36 36.3732416144
45 37 37.6572906867
46 38 39.0466491612
47 39 37.6774126702
48 40 35.7383448731
49 41 36.1689546295
50 42 46.6004194039
51 42 46.6004194039
52 42 46.6004194039
53 42 46.6004194039
54 42 46.6004194039
55 42 46.6004194039
56 42 46.6004194039
57 42 46.6004194039
58 42 46.6004194039
59 42 46.6004194039
60 42 46.6004194039
61 42 46.6004194039
62 42 46.6004194039
63 42 46.6004194039
64 42 46.6004194039
65 42 46.6004194039
66 42 46.6004194039
67 42 46.6004194039
68 42 46.6004194039
69 42 46.6004194039
70 42 46.6004194039
71 42 46.6004194039
72 42 46.6004194039
73 42 46.6004194039
74 42 46.6004194039
75 42 46.6004194039
76 42 46.6004194039
77 42 46.6004194039
78 42 46.6004194039
79 42 46.6004194039
80 42 46.6004194039
81 42 46.6004194039
82 42 46.6004194039
83 42 46.6004194039
84 42 46.6004194039
85 42 46.6004194039
86 42 46.6004194039
87 42 46.6004194039
88 42 46.6004194039
89 42 46.6004194039
90 43 41.5752104562
91 43 41.5752104562
92 43 41.5752104562
93 43 41.5752104562
94 44 36.3144008961
95 45 34.6531333613
96 46 35.5186252489
97 47 34.6562861206
98 48 32.9254834955
99 49 31.7038729873
100 50 30.8035994701
101 51 28.5028744769
102 52 27.1354753599
103 53 25.4706431048
104 54 25.135072208
105 55 24.1897687496
106 56 22.3314089617
107 57 22.6970480736
108 58 24.1651496451
109 59 24.0222055983
110 60 25.7997517985
111 61 25.4040880216
112 62 26.0907506705
113 63 27.2437959145
114 64 29.3987494948
115 65 30.5173390144
116 66 30.4550208586
117 67 32.7747389746
118 68 31.6937871942
119 69 29.4648158146
120 70 27.639847053
121 71 26.6422705593
122 72 24.4358783146
123 73 24.0219314218
124 74 22.04275187
125 75 22.7111815695
126 76 22.1268625482
127 77 21.3669346835
128 78 19.8249689896
129 79 21.3691674631
130 80 22.3872531188
131 81 24.7104029753
132 82 26.0765192394
133 83 28.3828187769
134 84 30.293555921
135 85 32.221419376
136 86 34.166813336
137 87 34.5804869328
138 88 33.7452490682
139 89 35.4749531123
140 90 36.4189872261
141 91 35.0374691871
142 92 32.5832261383
143 93 32.0017397038
144 94 29.8183253751
145 95 28.7913170895
146 96 26.7980666309
147 97 24.8411742877
148 98 22.5779138489
149 99 20.5800972096
150 100 19.0856402616
151 101 23.1599366268
152 101 23.1599366268
153 101 23.1599366268
154 101 23.1599366268
155 101 23.1599366268
156 101 23.1599366268
157 101 23.1599366268
158 101 23.1599366268
159 101 23.1599366268
160 101 23.1599366268
161 101 23.1599366268
162 101 23.1599366268
163 101 23.1599366268
164 101 23.1599366268
165 102 17.9058822195
166 103 16.8654557649
167 104 18.1724838859
168 105 18.5009894909
169 106 19.3397066966
170 107 19.4470499652
171 108 19.8046720015
172 109 20.8551643063
173 110 20.9276440747
174 111 22.2591540374
175 112 16.3757678606
176 112 16.3757678606
177 112 16.3757678606
178 112 16.3757678606
179 112 16.3757678606
180 112 16.3757678606
181 112 16.3757678606
182 112 16.3757678606
183 112 16.3757678606
184 112 16.3757678606
185 112 16.3757678606
186 112 16.3757678606
187 112 16.3757678606
188 112 16.3757678606
189 112 16.3757678606
190 112 16.3757678606
191 112 16.3757678606
192 112 16.3757678606
193 112 16.3757678606
194 112 16.3757678606
195 112 16.3757678606
196 112 16.3757678606
197 112 16.3757678606
198 112 16.3757678606
199 112 16.3757678606
200 112 16.3757678606
201 112 16.3757678606
202 112 16.3757678606
203 112 16.3757678606
204 112 16.3757678606
205 112 16.3757678606
206 112 16.3757678606
207 112 16.3757678606
208 112 16.3757678606
209 112 16.3757678606
210 112 16.3757678606
211 112 16.3757678606
212 112 16.3757678606
213 112 16.3757678606
214 112 16.3757678606
215 113 24.1734982769
216 113 24.1734982769
217 113 24.1734982769
218 113 24.1734982769
219 113 24.1734982769
220 113 24.1734982769
221 113 24.1734982769
222 113 24.1734982769
223 113 24.1734982769
224 113 24.1734982769
225 113 24.1734982769
226 113 24.1734982769
227 113 24.1734982769
228 113 24.1734982769
229 113 24.1734982769
230 113 24.1734982769
231 114 22.0086112579
232 115 23.1501693391
233 116 24.5508934268
234 117 24.8839856951
235 118 24.2739290971
236 119 24.8004942813
237 120 24.8510238763
238 121 22.5580711432
239 122 21.5799836526
240 123 19.7029579347
241 124 18.9959411476
242 125 17.6505395531
243 126 17.1411466403
244 127 16.4902091747
245 128 15.4304655286
246 129 15.6957520648
247 130 15.9895390416
248 131 16.7577631649
249 132 18.0426734268
250 133 19.5051428518
251 134 21.4979616426
252 135 23.4085893103
253 136 25.5291806881
254 137 27.1632240681
255 138 26.3635964482
256 139 27.0093755762
257 140 24.7459042302
258 141 25.3558661691
259 142 27.4326979526
260 143 26.5778598817
261 144 25.0272423741
262 145 24.5478906033
263 146 22.2877448412
264 147 22.6491651857
265 148 20.5946074397
266 149 19.959293841
267 150 18.6998734684
268 151 17.005827503
269 152 16.7907307618
270 153 15.9810279036
271 154 16.5228055452
272 155 16.8681387649
273 156 17.3380208204
274 157 16.2121292201
275 158 17.308294862
276 159 16.7038210395
277 160 15.5902190707
278 161 16.2409177672
279 162 16.7521500738
280 163 16.9538103275
281 164 17.1990619758
282 165 18.5632534618
283 166 18.891620071
284 167 18.8228380164
285 168 19.536674968
286 169 19.8841756189
287 170 20.5433607322
288 171 21.9154948915
289 172 23.3189310003
290 173 23.8621775429
291 174 22.2568829611
292 175 22.025028833
293 176 21.6950674956
294 177 20.8509120849
295 178 19.5808635639
296 179 18.7883572572
297 180 18.2369855
298 181 17.4935620585
299 182 18.0574483454
300 183 18.0364347841
301 184 18.8203175509
302 185 19.6822059599
303 186 18.4192759844
304 187 19.0420215889
305 188 20.3455712291
306 189 19.5980405033
307 190 18.9953410747
308 191 18.0167083098
309 192 18.5055447036
310 193 17.9599262178
311 194 18.8860864243
312 195 19.1002575466
313 196 20.7683336046
314 197 21.9791176425
315 198 24.1319156139
316 199 25.4960978088
317 200 27.8344614751
318 201 29.6552369787
319 202 30.5952537529
320 203 28.1710346756
321 204 26.8769931411
322 205 26.0218366056
323 206 24.9257474319
324 207 23.5450904334
325 208 21.3938140482
326 209 19.7100719644
327 210 18.3188390522
328 211 17.4392826673
329 212 17.6391515579
330 213 19.2503414501
331 214 20.1041209442
332 215 20.4047385025
333 216 21.2954412586
334 217 22.4677997196
335 218 24.2806441333
336 219 25.7893092722
337 220 27.984471058
338 221 27.8442194284
339 222 30.2746930981
340 223 29.6229831978
341 224 28.4129009124
342 225 26.2500371004
343 226 24.0783294057
344 227 23.229877276
345 228 21.3932017693
346 229 22.377599315
347 230 23.6828173462
348 231 24.0738626503
349 232 23.9074301777
350 233 23.2098879904
351 234 21.9925893844
352 235 21.0167385318
353 236 20.5787532526
354 237 19.6631080642
355 238 20.0239692016
356 239 19.7735774985
357 240 20.6115053824
358 241 20.9626972072
359 242 22.3236868727
360 243 23.0056883352
361 244 23.5703902904
362 245 24.3412487922
363 246 25.8874002128
364 247 26.6427255981
365 248 28.6038492415
366 249 29.2723266661
367 250 29.7102577197
368 251 28.664180183
369 252 27.0372707498
370 253 25.06225598
371 254 24.5128285747
372 255 22.8319153006
373 256 22.7605684813
374 257 21.2287697818
375 258 21.6571071055
376 259 21.2460575488
377 260 21.865075014
378 261 22.361446849
379 262 22.0666791345
380 263 23.6699191257
381 264 25.0853793984
382 265 26.524360806
383 266 26.8925972771
384 267 25.043541404
385 268 24.774994575
386 269 23.7106618593
387 270 24.2083017482
388 271 23.975331432
389 272 23.5656679981
390 273 24.1762359001
391 274 23.1292950591
392 275 25.1633342131
393 276 26.072119729
394 277 24.3415785287
395 278 26.6344218147
396 279 27.2694979404
397 280 26.0191632451
398 281 26.9789403654
399 282 26.9025444855
400 283 26.5936240101
401 284 26.4067309467
402 285 27.6304256642
403 286 28.6731480269
404 287 27.7603776308
405 288 26.8054505554
406 289 27.5776725803
407 290 32.2584963024
408 290 32.2584963024
409 290 32.2584963024
410 290 32.2584963024
411 290 32.2584963024
412 290 32.2584963024
413 290 32.2584963024
414 290 32.2584963024
415 290 32.2584963024
416 290 32.2584963024
417 290 32.2584963024
418 290 32.2584963024
419 290 32.2584963024
420 290 32.2584963024
421 290 32.2584963024
422 290 32.2584963024
423 290 32.2584963024
424 290 32.2584963024
425 290 32.2584963024
426 290 32.2584963024
427 290 32.2584963024
428 290 32.2584963024
429 290 32.2584963024
430 290 32.2584963024
431 290 32.2584963024
432 290 32.2584963024
433 290 32.2584963024
434 290 32.2584963024
435 290 32.2584963024
436 290 32.2584963024
437 291 26.1064372045
438 292 24.0691431965
439 293 23.2564366431
440 294 22.3031954596
441 295 22.3196460439
442 296 22.2860647691
443 297 22.9062040865
444 298 23.2089504922
445 299 24.1740130029
446 300 24.5392175396
447 301 25.2952474721
448 302 24.6724266171
449 303 25.8330918591
450 304 25.4682782501
451 305 24.4149862279
452 306 24.6160578642
453 307 24.3196299591
454 308 24.5253736611
455 309 24.2724187956
456 310 24.9471291302
457 311 26.8932111218
458 312 28.3186947983
459 313 27.8415159933
460 314 26.856803161
461 315 26.6727636833
462 316 26.4516486921
463 317 26.3429587458
464 318 26.7090310031
465 319 25.6105999667
466 320 26.9343741476
467 321 28.7524772676
468 322 27.9302381577
469 323 29.1429812162
470 324 28.5497931494
471 325 28.8219311446
472 326 29.184571907
473 327 29.1016450171
474 328 29.2333941987
475 329 30.0560892202
476 330 28.9995571353
477 331 25.0261337894
478 331 25.0261337894
479 331 25.0261337894
480 331 25.0261337894
481 331 25.0261337894
482 331 25.0261337894
483 331 25.0261337894
484 331 25.0261337894
485 331 25.0261337894
486 331 25.0261337894
487 331 25.0261337894
488 331 25.0261337894
489 331 25.0261337894
490 331 25.0261337894
491 331 25.0261337894
492 331 25.0261337894
493 331 25.0261337894
494 331 25.0261337894
495 331 25.0261337894
496 331 25.0261337894
497 331 25.0261337894
498 331 25.0261337894
499 331 25.0261337894
500 331 25.0261337894
501 331 25.0261337894
502 331 25.0261337894
503 332 29.5658179863
504 333 29.8960728203
505 334 28.0285589549
506 335 25.9392566387
507 336 25.3323408369
508 337 23.5805264129
509 338 23.9131660663
510 339 24.7973662865
511 340 24.8482655796
512 341 25.8474339207
513 342 27.1560418466
514 343 26.1886127296
515 344 27.8570472511
516 345 28.7253949615
517 346 27.318460183
518 347 28.7218058447
519 348 28.7642729949
520 349 27.442669141
521 350 27.4640560568
522 351 26.8343829797
523 352 26.3443969699
524 353 26.6763633056
525 354 26.6342380531
526 355 28.5494379665
527 356 29.93775593
528 357 29.9008018467
529 358 28.9202485679
530 359 29.6834479617
531 360 29.7518924676
532 361 29.9051169897
533 362 30.0281647265
534 363 28.8328581144
535 364 30.5828289888
536 365 32.274436582
537 366 33.382185905
538 367 35.1393758643
539 368 25.914170521
540 368 25.914170521
541 368 25.914170521
542 368 25.914170521
543 368 25.914170521
544 368 25.914170521
545 368 25.914170521
546 368 25.914170521
547 368 25.914170521
548 368 25.914170521
549 368 25.914170521
550 368 25.914170521
551 368 25.914170521
552 368 25.914170521
553 368 25.914170521
554 368 25.914170521
555 368 25.914170521
556 368 25.914170521
557 368 25.914170521
558 368 25.914170521
559 368 25.914170521
560 368 25.914170521
561 368 25.914170521
562 368 25.914170521
563 368 25.914170521
564 368 25.914170521
565 368 25.914170521
566 368 25.914170521
567 368 25.914170521
568 368 25.914170521
569 368 25.914170521
570 368 25.914170521
571 368 25.914170521
572 368 25.914170521
573 368 25.914170521
574 368 25.914170521
575 368 25.914170521
576 368 25.914170521
577 368 25.914170521
578 368 25.914170521
579 369 28.4662359946
580 369 28.4662359946
581 369 28.4662359946
582 369 28.4662359946
583 369 28.4662359946
584 369 28.4662359946
585 369 28.4662359946
586 369 28.4662359946
587 369 28.4662359946
588 369 28.4662359946
589 369 28.4662359946
590 369 28.4662359946
591 369 28.4662359946
592 369 28.4662359946
593 369 28.4662359946
594 369 28.4662359946
595 369 28.4662359946
596 369 28.4662359946
597 369 28.4662359946
598 369 28.4662359946
599 369 28.4662359946
600 369 28.4662359946
601 369 28.4662359946
602 369 28.4662359946
603 369 28.4662359946
604 369 28.4662359946
605 369 28.4662359946
606 369 28.4662359946
607 369 28.4662359946
608 369 28.4662359946
609 369 28.4662359946
610 369 28.4662359946
611 369 28.4662359946
612 369 28.4662359946
613 369 28.4662359946
614 369 28.4662359946
615 369 28.4662359946
616 369 28.4662359946
617 369 28.4662359946
618 369 28.4662359946
619 370 20.7374314637
620 370 20.7374314637
621 370 20.7374314637
622 370 20.7374314637
623 370 20.7374314637
624 370 20.7374314637
625 370 20.7374314637
626 370 20.7374314637
627 370 20.7374314637
628 370 20.7374314637
629 370 20.7374314637
630 370 20.7374314637
631 370 20.7374314637
632 370 20.7374314637
633 370 20.7374314637
634 370 20.7374314637
635 370 20.7374314637
636 370 20.7374314637
637 370 20.7374314637
638 370 20.7374314637
639 370 20.7374314637
640 370 20.7374314637
641 370 20.7374314637
642 370 20.7374314637
643 370 20.7374314637
644 370 20.7374314637
645 370 20.7374314637
646 370 20.7374314637
647 370 20.7374314637
648 370 20.7374314637
649 370 20.7374314637
650 370 20.7374314637
651 370 20.7374314637
652 370 20.7374314637
653 370 20.7374314637
654 370 20.7374314637
655 370 20.7374314637
656 370 20.7374314637
657 370 20.7374314637
658 370 20.7374314637
659 371 16.6014320618
660 371 16.6014320618
661 371 16.6014320618
662 371 16.6014320618
663 371 16.6014320618
664 371 16.6014320618
665 371 16.6014320618
666 371 16.6014320618
667 371 16.6014320618
668 371 16.6014320618
669 371 16.6014320618
670 371 16.6014320618
671 371 16.6014320618
672 371 16.6014320618
673 371 16.6014320618
674 371 16.6014320618
675 371 16.6014320618
676 371 16.6014320618
677 371 16.6014320618
678 371 16.6014320618
679 371 16.6014320618
680 371 16.6014320618
681 371 16.6014320618
682 371 16.6014320618
683 371 16.6014320618
684 371 16.6014320618
685 371 16.6014320618
686 371 16.6014320618
687 371 16.6014320618
688 371 16.6014320618
689 371 16.6014320618
690 371 16.6014320618
691 371 16.6014320618
692 371 16.6014320618
693 371 16.6014320618
694 371 16.6014320618
695 371 16.6014320618
696 371 16.6014320618
697 371 16.6014320618
698 371 16.6014320618
699 372 18.8248770181
700 372 18.8248770181
701 372 18.8248770181
702 372 18.8248770181
703 372 18.8248770181
704 372 18.8248770181
705 372 18.8248770181
706 372 18.8248770181
707 372 18.8248770181
708 372 18.8248770181
709 372 18.8248770181
710 372 18.8248770181
711 372 18.8248770181
712 372 18.8248770181
713 372 18.8248770181
714 372 18.8248770181
715 372 18.8248770181
716 372 18.8248770181
717 372 18.8248770181
718 372 18.8248770181
719 372 18.8248770181
720 372 18.8248770181
721 372 18.8248770181
722 372 18.8248770181
723 372 18.8248770181
724 372 18.8248770181
725 372 18.8248770181
726 372 18.8248770181
727 372 18.8248770181
728 372 18.8248770181
729 372 18.8248770181
730 372 18.8248770181
731 372 18.8248770181
732 372 18.8248770181
733 372 18.8248770181
734 372 18.8248770181
735 372 18.8248770181
736 372 18.8248770181
737 372 18.8248770181
738 372 18.8248770181
739 373 27.9708507775
740 373 27.9708507775
741 373 27.9708507775
742 373 27.9708507775
743 373 27.9708507775
744 373 27.9708507775
745 373 27.9708507775
746 373 27.9708507775
747 373 27.9708507775
748 373 27.9708507775
749 373 27.9708507775
750 373 27.9708507775
751 373 27.9708507775
752 373 27.9708507775
753 373 27.9708507775
754 373 27.9708507775
755 373 27.9708507775
756 373 27.9708507775
757 373 27.9708507775
758 373 27.9708507775
759 373 27.9708507775
760 373 27.9708507775
761 373 27.9708507775
762 373 27.9708507775
763 373 27.9708507775
764 373 27.9708507775
765 373 27.9708507775
766 373 27.9708507775
767 373 27.9708507775
768 373 27.9708507775
769 373 27.9708507775
770 373 27.9708507775
771 373 27.9708507775
772 373 27.9708507775
773 373 27.9708507775
774 373 27.9708507775
775 373 27.9708507775
776 373 27.9708507775
777 373 27.9708507775
778 373 27.9708507775
779 374 34.6731569952
780 374 34.6731569952
781 374 34.6731569952
782 374 34.6731569952
783 374 34.6731569952
784 374 34.6731569952
785 374 34.6731569952
786 374 34.6731569952
787 374 34.6731569952
788 374 34.6731569952
789 374 34.6731569952
790 374 34.6731569952
791 374 34.6731569952
792 374 34.6731569952
793 374 34.6731569952
794 374 34.6731569952
795 374 34.6731569952
796 374 34.6731569952
797 374 34.6731569952
798 374 34.6731569952
799 374 34.6731569952
800 374 34.6731569952
801 374 34.6731569952
802 374 34.6731569952
803 374 34.6731569952
804 374 34.6731569952
805 374 34.6731569952
806 374 34.6731569952
807 374 34.6731569952
808 374 34.6731569952
809 374 34.6731569952
810 374 34.6731569952
811 374 34.6731569952
812 374 34.6731569952
813 374 34.6731569952
814 374 34.6731569952
815 374 34.6731569952
816 374 34.6731569952
817 374 34.6731569952
818 374 34.6731569952
819 375 40.2152213709
820 375 40.2152213709
821 375 40.2152213709
822 375 40.2152213709
823 375 40.2152213709
824 375 40.2152213709
825 375 40.2152213709
826 375 40.2152213709
827 375 40.2152213709
828 375 40.2152213709
829 375 40.2152213709
830 375 40.2152213709
831 375 40.2152213709
832 375 40.2152213709
833 375 40.2152213709
834 375 40.2152213709
835 375 40.2152213709
836 375 40.2152213709
837 375 40.2152213709
838 375 40.2152213709
839 375 40.2152213709
840 375 40.2152213709
841 375 40.2152213709
842 375 40.2152213709
843 375 40.2152213709
844 375 40.2152213709
845 375 40.2152213709
846 375 40.2152213709
847 375 40.2152213709
848 375 40.2152213709
849 375 40.2152213709
850 375 40.2152213709
851 375 40.2152213709
852 375 40.2152213709
853 375 40.2152213709
854 375 40.2152213709
855 375 40.2152213709
856 375 40.2152213709
857 375 40.2152213709
858 375 40.2152213709
859 376 25.4338454598
860 376 25.4338454598
861 376 25.4338454598
862 376 25.4338454598
863 376 25.4338454598
864 376 25.4338454598
865 376 25.4338454598
866 376 25.4338454598
867 376 25.4338454598
868 376 25.4338454598
869 376 25.4338454598
870 376 25.4338454598
871 376 25.4338454598
872 376 25.4338454598
873 376 25.4338454598
874 376 25.4338454598
875 376 25.4338454598
876 376 25.4338454598
877 376 25.4338454598
878 376 25.4338454598
879 376 25.4338454598
880 376 25.4338454598
881 376 25.4338454598
882 376 25.4338454598
883 376 25.4338454598
884 376 25.4338454598
885 376 25.4338454598
886 376 25.4338454598
887 376 25.4338454598
888 376 25.4338454598
889 376 25.4338454598
890 376 25.4338454598
891 376 25.4338454598
892 376 25.4338454598
893 376 25.4338454598
894 376 25.4338454598
895 376 25.4338454598
896 376 25.4338454598
897 376 25.4338454598
898 376 25.4338454598
899 377 20.3593513031
900 377 20.3593513031
901 377 20.3593513031
902 377 20.3593513031
903 377 20.3593513031
904 377 20.3593513031
905 377 20.3593513031
906 377 20.3593513031
907 377 20.3593513031
908 377 20.3593513031
909 377 20.3593513031
910 377 20.3593513031
911 377 20.3593513031
912 377 20.3593513031
913 377 20.3593513031
914 377 20.3593513031
915 377 20.3593513031
916 377 20.3593513031
917 377 20.3593513031
918 377 20.3593513031
919 377 20.3593513031
920 377 20.3593513031
921 377 20.3593513031
922 377 20.3593513031
923 377 20.3593513031
924 377 20.3593513031
925 377 20.3593513031
926 377 20.3593513031
927 377 20.3593513031
928 377 20.3593513031
929 377 20.3593513031
930 377 20.3593513031
931 377 20.3593513031
932 377 20.3593513031
933 377 20.3593513031
934 377 20.3593513031
935 377 20.3593513031
936 377 20.3593513031
937 377 20.3593513031
938 377 20.3593513031
939 378 17.094327663
940 378 17.094327663
941 378 17.094327663
942 378 17.094327663
943 378 17.094327663
944 378 17.094327663
945 378 17.094327663
946 378 17.094327663
947 378 17.094327663
948 378 17.094327663
949 378 17.094327663
950 378 17.094327663
951 378 17.094327663
952 378 17.094327663
953 378 17.094327663
954 378 17.094327663
955 378 17.094327663
956 378 17.094327663
957 378 17.094327663
958 378 17.094327663
959 378 17.094327663
960 378 17.094327663
961 378 17.094327663
962 378 17.094327663
963 378 17.094327663
964 378 17.094327663
965 378 17.094327663
966 378 17.094327663
967 378 17.094327663
968 378 17.094327663
969 378 17.094327663
970 378 17.094327663
971 378 17.094327663
972 378 17.094327663
973 378 17.094327663
974 378 17.094327663
975 378 17.094327663
976 378 17.094327663
977 378 17.094327663
978 378 17.094327663
979 379 27.9858837179
980 379 27.9858837179
981 379 27.9858837179
982 379 27.9858837179
983 379 27.9858837179
984 379 27.9858837179
985 379 27.9858837179
986 379 27.9858837179
