1 0 13.4305505287
2 0 13.4305505287
3 0 13.4305505287
4 0 13.4305505287
5 0 13.4305505287
6 0 13.4305505287
7 0 13.4305505287
8 0 13.4305505287
9 0 13.4305505287
10 0 13.4305505287
11 0 13.4305505287
12 0 13.4305505287
13 0 13.4305505287
14 0 13.4305505287
15 0 13.4305505287
16 0 13.4305505287
17 0 13.4305505287
18 0 13.4305505287
19 0 13.4305505287
20 0 13.4305505287
21 0 13.4305505287
22 0 13.4305505287
23 0 13.4305505287
24 0 13.4305505287
25 0 13.4305505287
26 0 13.4305505287
27 0 13.4305505287
28 0 13.4305505287
29 0 13.4305505287
30 0 13.4305505287
31 0 13.4305505287
32 0 13.4305505287
33 0 13.4305505287
34 0 13.4305505287
35 0 13.4305505287
36 0 13.4305505287
37 0 13.4305505287
38 0 13.4305505287
39 0 13.4305505287
40 0 13.4305505287
41 1 19.8950232756
42 1 19.8950232756
43 1 19.8950232756
44 1 19.8950232756
45 1 19.8950232756
46 1 19.8950232756
47 1 19.8950232756
48 1 19.8950232756
49 1 19.8950232756
50 1 19.8950232756
51 1 19.8950232756
52 1 19.8950232756
53 1 19.8950232756
54 1 19.8950232756
55 1 19.8950232756
56 1 19.8950232756
57 1 19.8950232756
58 1 19.8950232756
59 1 19.8950232756
60 1 19.8950232756
61 1 19.8950232756
62 1 19.8950232756
63 1 19.8950232756
64 1 19.8950232756
65 1 19.8950232756
66 1 19.8950232756
67 1 19.8950232756
68 1 19.8950232756
69 1 19.8950232756
70 1 19.8950232756
71 1 19.8950232756
72 1 19.8950232756
73 1 19.8950232756
74 1 19.8950232756
75 1 19.8950232756
76 1 19.8950232756
77 1 19.8950232756
78 1 19.8950232756
79 1 19.8950232756
80 1 19.8950232756
81 2 32.7149719987
82 2 32.7149719987
83 2 32.7149719987
84 2 32.7149719987
85 2 32.7149719987
86 2 32.7149719987
87 2 32.7149719987
88 2 32.7149719987
89 2 32.7149719987
90 2 32.7149719987
91 2 32.7149719987
92 2 32.7149719987
93 2 32.7149719987
94 2 32.7149719987
95 2 32.7149719987
96 2 32.7149719987
97 2 32.7149719987
98 2 32.7149719987
99 2 32.7149719987
100 2 32.7149719987
101 2 32.7149719987
102 2 32.7149719987
103 2 32.7149719987
104 2 32.7149719987
105 2 32.7149719987
106 2 32.7149719987
107 2 32.7149719987
108 2 32.7149719987
109 2 32.7149719987
110 2 32.7149719987
111 2 32.7149719987
112 2 32.7149719987
113 2 32.7149719987
114 2 32.7149719987
115 2 32.7149719987
116 2 32.7149719987
117 2 32.7149719987
118 2 32.7149719987
119 2 32.7149719987
120 2 32.7149719987
121 3 34.5051776755
122 3 34.5051776755
123 3 34.5051776755
124 3 34.5051776755
125 3 34.5051776755
126 3 34.5051776755
127 3 34.5051776755
128 3 34.5051776755
129 3 34.5051776755
130 3 34.5051776755
131 3 34.5051776755
132 3 34.5051776755
133 3 34.5051776755
134 3 34.5051776755
135 3 34.5051776755
136 3 34.5051776755
137 3 34.5051776755
138 3 34.5051776755
139 3 34.5051776755
140 3 34.5051776755
141 3 34.5051776755
142 3 34.5051776755
143 3 34.5051776755
144 3 34.5051776755
145 3 34.5051776755
146 3 34.5051776755
147 3 34.5051776755
148 3 34.5051776755
149 3 34.5051776755
150 3 34.5051776755
151 3 34.5051776755
152 3 34.5051776755
153 3 34.5051776755
154 3 34.5051776755
155 3 34.5051776755
156 3 34.5051776755
157 3 34.5051776755
158 3 34.5051776755
159 3 34.5051776755
160 3 34.5051776755
161 4 43.3419701379
162 4 43.3419701379
163 4 43.3419701379
164 4 43.3419701379
165 4 43.3419701379
166 4 43.3419701379
167 4 43.3419701379
168 4 43.3419701379
169 4 43.3419701379
170 4 43.3419701379
171 4 43.3419701379
172 4 43.3419701379
173 4 43.3419701379
174 4 43.3419701379
175 4 43.3419701379
176 4 43.3419701379
177 4 43.3419701379
178 4 43.3419701379
179 4 43.3419701379
180 4 43.3419701379
181 4 43.3419701379
182 4 43.3419701379
183 4 43.3419701379
184 4 43.3419701379
185 4 43.3419701379
186 4 43.3419701379
187 4 43.3419701379
188 4 43.3419701379
189 4 43.3419701379
190 4 43.3419701379
191 4 43.3419701379
192 4 43.3419701379
193 4 43.3419701379
194 4 43.3419701379
195 4 43.3419701379
196 4 43.3419701379
197 4 43.3419701379
198 4 43.3419701379
199 4 43.3419701379
200 4 43.3419701379
201 5 48.9524804715
202 5 48.9524804715
203 5 48.9524804715
204 5 48.9524804715
205 5 48.9524804715
206 5 48.9524804715
207 5 48.9524804715
208 5 48.9524804715
209 5 48.9524804715
210 5 48.9524804715
211 5 48.9524804715
212 5 48.9524804715
213 5 48.9524804715
214 5 48.9524804715
215 5 48.9524804715
216 5 48.9524804715
217 5 48.9524804715
218 5 48.9524804715
219 5 48.9524804715
220 5 48.9524804715
221 5 48.9524804715
222 5 48.9524804715
223 5 48.9524804715
224 5 48.9524804715
225 5 48.9524804715
226 5 48.9524804715
227 5 48.9524804715
228 5 48.9524804715
229 5 48.9524804715
230 5 48.9524804715
231 5 48.9524804715
232 5 48.9524804715
233 5 48.9524804715
234 5 48.9524804715
235 5 48.9524804715
236 5 48.9524804715
237 5 48.9524804715
238 5 48.9524804715
239 5 48.9524804715
240 5 48.9524804715
241 6 60.1697767271
242 6 60.1697767271
243 6 60.1697767271
244 6 60.1697767271
245 6 60.1697767271
246 6 60.1697767271
247 6 60.1697767271
248 6 60.1697767271
249 6 60.1697767271
250 6 60.1697767271
251 6 60.1697767271
252 6 60.1697767271
253 6 60.1697767271
254 6 60.1697767271
255 6 60.1697767271
256 6 60.1697767271
257 6 60.1697767271
258 6 60.1697767271
259 6 60.1697767271
260 6 60.1697767271
261 6 60.1697767271
262 6 60.1697767271
263 6 60.1697767271
264 6 60.1697767271
265 6 60.1697767271
266 6 60.1697767271
267 6 60.1697767271
268 6 60.1697767271
269 6 60.1697767271
270 6 60.1697767271
271 6 60.1697767271
272 6 60.1697767271
273 6 60.1697767271
274 6 60.1697767271
275 6 60.1697767271
276 6 60.1697767271
277 6 60.1697767271
278 6 60.1697767271
279 6 60.1697767271
280 6 60.1697767271
281 7 59.685594113
282 7 59.685594113
283 7 59.685594113
284 7 59.685594113
285 7 59.685594113
286 7 59.685594113
287 7 59.685594113
288 7 59.685594113
289 7 59.685594113
290 7 59.685594113
291 7 59.685594113
292 7 59.685594113
293 7 59.685594113
294 7 59.685594113
295 7 59.685594113
296 7 59.685594113
297 7 59.685594113
298 7 59.685594113
299 7 59.685594113
300 7 59.685594113
301 7 59.685594113
302 7 59.685594113
303 7 59.685594113
304 7 59.685594113
305 7 59.685594113
306 7 59.685594113
307 7 59.685594113
308 7 59.685594113
309 7 59.685594113
310 7 59.685594113
311 7 59.685594113
312 7 59.685594113
313 7 59.685594113
314 7 59.685594113
315 7 59.685594113
316 7 59.685594113
317 7 59.685594113
318 7 59.685594113
319 7 59.685594113
320 7 59.685594113
321 8 57.1094645937
322 8 57.1094645937
323 8 57.1094645937
324 8 57.1094645937
325 8 57.1094645937
326 8 57.1094645937
327 8 57.1094645937
328 8 57.1094645937
329 8 57.1094645937
330 8 57.1094645937
331 8 57.1094645937
332 8 57.1094645937
333 8 57.1094645937
334 8 57.1094645937
335 8 57.1094645937
336 8 57.1094645937
337 8 57.1094645937
338 8 57.1094645937
339 8 57.1094645937
340 8 57.1094645937
341 8 57.1094645937
342 8 57.1094645937
343 8 57.1094645937
344 8 57.1094645937
345 8 57.1094645937
346 8 57.1094645937
347 8 57.1094645937
348 8 57.1094645937
349 8 57.1094645937
350 8 57.1094645937
351 8 57.1094645937
352 8 57.1094645937
353 8 57.1094645937
354 8 57.1094645937
355 8 57.1094645937
356 8 57.1094645937
357 8 57.1094645937
358 8 57.1094645937
359 8 57.1094645937
360 8 57.1094645937
361 9 66.1154161208
362 9 66.1154161208
363 9 66.1154161208
364 9 66.1154161208
365 9 66.1154161208
366 9 66.1154161208
367 9 66.1154161208
368 9 66.1154161208
369 9 66.1154161208
370 9 66.1154161208
371 9 66.1154161208
372 9 66.1154161208
373 9 66.1154161208
374 9 66.1154161208
375 9 66.1154161208
376 9 66.1154161208
377 9 66.1154161208
378 9 66.1154161208
379 9 66.1154161208
380 9 66.1154161208
381 9 66.1154161208
382 9 66.1154161208
383 9 66.1154161208
384 9 66.1154161208
385 9 66.1154161208
386 9 66.1154161208
387 9 66.1154161208
388 9 66.1154161208
389 9 66.1154161208
390 9 66.1154161208
391 9 66.1154161208
392 9 66.1154161208
393 9 66.1154161208
394 9 66.1154161208
395 9 66.1154161208
396 9 66.1154161208
397 9 66.1154161208
398 9 66.1154161208
399 9 66.1154161208
400 9 66.1154161208
401 10 67.7318344532
402 10 67.7318344532
403 10 67.7318344532
404 10 67.7318344532
405 10 67.7318344532
406 10 67.7318344532
407 10 67.7318344532
408 10 67.7318344532
409 10 67.7318344532
410 10 67.7318344532
411 10 67.7318344532
412 10 67.7318344532
413 10 67.7318344532
414 10 67.7318344532
415 10 67.7318344532
416 10 67.7318344532
417 10 67.7318344532
418 10 67.7318344532
419 10 67.7318344532
420 10 67.7318344532
421 10 67.7318344532
422 10 67.7318344532
423 10 67.7318344532
424 10 67.7318344532
425 10 67.7318344532
426 10 67.7318344532
427 10 67.7318344532
428 10 67.7318344532
429 10 67.7318344532
430 10 67.7318344532
431 10 67.7318344532
432 10 67.7318344532
433 10 67.7318344532
434 10 67.7318344532
435 10 67.7318344532
436 10 67.7318344532
