1 0 22.5332452838
2 0 22.5332452838
3 0 22.5332452838
4 0 22.5332452838
5 0 22.5332452838
6 0 22.5332452838
7 0 22.5332452838
8 0 22.5332452838
9 0 22.5332452838
10 0 22.5332452838
11 0 22.5332452838
12 0 22.5332452838
13 0 22.5332452838
14 0 22.5332452838
15 0 22.5332452838
16 0 22.5332452838
17 0 22.5332452838
18 0 22.5332452838
19 0 22.5332452838
20 0 22.5332452838
21 1 17.2956335448
22 1 17.2956335448
23 1 17.2956335448
24 1 17.2956335448
25 1 17.2956335448
26 1 17.2956335448
27 1 17.2956335448
28 1 17.2956335448
29 1 17.2956335448
30 1 17.2956335448
31 1 17.2956335448
32 1 17.2956335448
33 1 17.2956335448
34 1 17.2956335448
35 1 17.2956335448
36 1 17.2956335448
37 1 17.2956335448
38 1 17.2956335448
39 1 17.2956335448
40 1 17.2956335448
41 2 14.7417156946
42 2 14.7417156946
43 2 14.7417156946
44 2 14.7417156946
45 2 14.7417156946
46 2 14.7417156946
47 2 14.7417156946
48 2 14.7417156946
49 2 14.7417156946
50 2 14.7417156946
51 2 14.7417156946
52 2 14.7417156946
53 2 14.7417156946
54 2 14.7417156946
55 2 14.7417156946
56 2 14.7417156946
57 2 14.7417156946
58 2 14.7417156946
59 2 14.7417156946
60 2 14.7417156946
61 3 12.5853540561
62 3 12.5853540561
63 3 12.5853540561
64 3 12.5853540561
65 3 12.5853540561
66 3 12.5853540561
67 3 12.5853540561
68 3 12.5853540561
69 3 12.5853540561
70 3 12.5853540561
71 3 12.5853540561
72 3 12.5853540561
73 3 12.5853540561
74 3 12.5853540561
75 3 12.5853540561
76 3 12.5853540561
77 3 12.5853540561
78 3 12.5853540561
79 3 12.5853540561
80 3 12.5853540561
81 4 18.0347117864
82 4 18.0347117864
83 4 18.0347117864
84 4 18.0347117864
85 4 18.0347117864
86 4 18.0347117864
87 4 18.0347117864
88 4 18.0347117864
89 4 18.0347117864
90 4 18.0347117864
91 4 18.0347117864
92 4 18.0347117864
93 4 18.0347117864
94 4 18.0347117864
95 4 18.0347117864
96 4 18.0347117864
97 4 18.0347117864
98 4 18.0347117864
99 4 18.0347117864
100 4 18.0347117864
101 5 14.2174909688
102 5 14.2174909688
103 5 14.2174909688
104 5 14.2174909688
105 5 14.2174909688
106 5 14.2174909688
107 5 14.2174909688
108 5 14.2174909688
109 5 14.2174909688
110 5 14.2174909688
111 5 14.2174909688
112 5 14.2174909688
113 5 14.2174909688
114 5 14.2174909688
115 5 14.2174909688
116 5 14.2174909688
117 5 14.2174909688
118 5 14.2174909688
119 5 14.2174909688
120 5 14.2174909688
121 6 15.2232178237
122 6 15.2232178237
123 6 15.2232178237
124 6 15.2232178237
125 6 15.2232178237
126 6 15.2232178237
127 6 15.2232178237
128 6 15.2232178237
129 6 15.2232178237
130 6 15.2232178237
131 6 15.2232178237
132 6 15.2232178237
133 6 15.2232178237
134 6 15.2232178237
135 6 15.2232178237
136 6 15.2232178237
137 6 15.2232178237
138 6 15.2232178237
139 6 15.2232178237
140 6 15.2232178237
141 7 8.89735777227
142 7 8.89735777227
143 7 8.89735777227
144 7 8.89735777227
145 7 8.89735777227
146 7 8.89735777227
147 7 8.89735777227
148 7 8.89735777227
149 7 8.89735777227
150 7 8.89735777227
151 7 8.89735777227
152 7 8.89735777227
153 7 8.89735777227
154 7 8.89735777227
155 7 8.89735777227
156 7 8.89735777227
157 7 8.89735777227
