1 0 14.1841237484
2 0 14.1841237484
3 0 14.1841237484
4 0 14.1841237484
5 0 14.1841237484
6 0 14.1841237484
7 0 14.1841237484
8 0 14.1841237484
9 0 14.1841237484
10 0 14.1841237484
11 0 14.1841237484
12 0 14.1841237484
13 0 14.1841237484
14 0 14.1841237484
15 0 14.1841237484
16 0 14.1841237484
17 0 14.1841237484
18 0 14.1841237484
19 0 14.1841237484
20 0 14.1841237484
21 0 14.1841237484
22 0 14.1841237484
23 0 14.1841237484
24 0 14.1841237484
25 0 14.1841237484
26 0 14.1841237484
27 0 14.1841237484
28 0 14.1841237484
29 0 14.1841237484
30 0 14.1841237484
31 0 14.1841237484
32 0 14.1841237484
33 0 14.1841237484
34 0 14.1841237484
35 0 14.1841237484
36 0 14.1841237484
37 0 14.1841237484
38 0 14.1841237484
39 0 14.1841237484
40 0 14.1841237484
41 1 15.3474046581
42 1 15.3474046581
43 1 15.3474046581
44 1 15.3474046581
45 1 15.3474046581
46 1 15.3474046581
47 1 15.3474046581
48 1 15.3474046581
49 1 15.3474046581
50 1 15.3474046581
51 1 15.3474046581
52 1 15.3474046581
53 1 15.3474046581
54 1 15.3474046581
55 1 15.3474046581
56 1 15.3474046581
57 1 15.3474046581
58 1 15.3474046581
59 1 15.3474046581
60 1 15.3474046581
61 1 15.3474046581
62 1 15.3474046581
63 1 15.3474046581
64 1 15.3474046581
65 1 15.3474046581
66 1 15.3474046581
67 1 15.3474046581
68 1 15.3474046581
69 1 15.3474046581
70 1 15.3474046581
71 1 15.3474046581
72 1 15.3474046581
73 1 15.3474046581
74 1 15.3474046581
75 1 15.3474046581
76 1 15.3474046581
77 1 15.3474046581
78 1 15.3474046581
79 1 15.3474046581
80 1 15.3474046581
81 2 14.7104262878
82 2 14.7104262878
83 2 14.7104262878
84 2 14.7104262878
85 2 14.7104262878
86 2 14.7104262878
87 2 14.7104262878
88 2 14.7104262878
89 2 14.7104262878
90 2 14.7104262878
91 2 14.7104262878
92 2 14.7104262878
93 2 14.7104262878
94 2 14.7104262878
95 2 14.7104262878
96 2 14.7104262878
97 2 14.7104262878
98 2 14.7104262878
99 2 14.7104262878
100 2 14.7104262878
101 2 14.7104262878
102 2 14.7104262878
103 2 14.7104262878
104 2 14.7104262878
105 2 14.7104262878
106 2 14.7104262878
107 2 14.7104262878
108 2 14.7104262878
109 2 14.7104262878
110 2 14.7104262878
111 2 14.7104262878
112 2 14.7104262878
113 2 14.7104262878
114 2 14.7104262878
115 2 14.7104262878
116 2 14.7104262878
117 2 14.7104262878
118 2 14.7104262878
119 2 14.7104262878
120 2 14.7104262878
121 3 16.0644266021
122 3 16.0644266021
123 3 16.0644266021
124 3 16.0644266021
125 3 16.0644266021
126 3 16.0644266021
127 3 16.0644266021
128 3 16.0644266021
129 3 16.0644266021
130 3 16.0644266021
131 3 16.0644266021
132 3 16.0644266021
133 3 16.0644266021
134 3 16.0644266021
135 3 16.0644266021
136 3 16.0644266021
137 3 16.0644266021
138 3 16.0644266021
139 3 16.0644266021
140 3 16.0644266021
141 3 16.0644266021
142 3 16.0644266021
143 3 16.0644266021
144 3 16.0644266021
145 3 16.0644266021
146 3 16.0644266021
147 3 16.0644266021
148 3 16.0644266021
149 3 16.0644266021
150 3 16.0644266021
151 3 16.0644266021
152 3 16.0644266021
153 3 16.0644266021
154 3 16.0644266021
155 3 16.0644266021
156 3 16.0644266021
157 3 16.0644266021
158 3 16.0644266021
159 3 16.0644266021
160 3 16.0644266021
161 4 20.8611148517
162 4 20.8611148517
163 4 20.8611148517
164 4 20.8611148517
165 4 20.8611148517
166 4 20.8611148517
167 4 20.8611148517
168 4 20.8611148517
169 4 20.8611148517
170 4 20.8611148517
171 4 20.8611148517
172 4 20.8611148517
173 4 20.8611148517
174 4 20.8611148517
175 4 20.8611148517
176 4 20.8611148517
177 4 20.8611148517
178 4 20.8611148517
179 4 20.8611148517
180 4 20.8611148517
181 4 20.8611148517
182 4 20.8611148517
183 4 20.8611148517
184 4 20.8611148517
185 4 20.8611148517
186 4 20.8611148517
187 4 20.8611148517
188 4 20.8611148517
189 4 20.8611148517
190 4 20.8611148517
191 4 20.8611148517
192 4 20.8611148517
193 4 20.8611148517
194 4 20.8611148517
195 4 20.8611148517
196 4 20.8611148517
197 4 20.8611148517
198 4 20.8611148517
199 4 20.8611148517
200 4 20.8611148517
201 5 26.3330133104
202 5 26.3330133104
203 5 26.3330133104
204 5 26.3330133104
205 5 26.3330133104
206 5 26.3330133104
207 5 26.3330133104
208 5 26.3330133104
209 5 26.3330133104
210 5 26.3330133104
211 5 26.3330133104
212 5 26.3330133104
213 5 26.3330133104
214 5 26.3330133104
215 5 26.3330133104
216 5 26.3330133104
217 5 26.3330133104
218 5 26.3330133104
219 5 26.3330133104
220 5 26.3330133104
221 5 26.3330133104
222 5 26.3330133104
223 5 26.3330133104
224 5 26.3330133104
225 5 26.3330133104
226 5 26.3330133104
227 5 26.3330133104
228 5 26.3330133104
229 5 26.3330133104
230 5 26.3330133104
231 5 26.3330133104
232 5 26.3330133104
233 5 26.3330133104
234 5 26.3330133104
235 5 26.3330133104
236 5 26.3330133104
237 5 26.3330133104
238 5 26.3330133104
239 5 26.3330133104
240 5 26.3330133104
241 6 23.872401238
242 6 23.872401238
243 6 23.872401238
244 6 23.872401238
245 6 23.872401238
246 6 23.872401238
247 6 23.872401238
248 6 23.872401238
249 6 23.872401238
250 6 23.872401238
251 6 23.872401238
252 6 23.872401238
253 6 23.872401238
254 6 23.872401238
255 6 23.872401238
256 6 23.872401238
257 6 23.872401238
258 6 23.872401238
259 6 23.872401238
260 6 23.872401238
261 6 23.872401238
262 6 23.872401238
263 6 23.872401238
264 6 23.872401238
265 6 23.872401238
266 6 23.872401238
267 6 23.872401238
268 6 23.872401238
269 6 23.872401238
270 6 23.872401238
271 6 23.872401238
272 6 23.872401238
273 6 23.872401238
274 6 23.872401238
275 6 23.872401238
276 6 23.872401238
277 6 23.872401238
278 6 23.872401238
279 6 23.872401238
280 6 23.872401238
281 7 20.7188817855
282 7 20.7188817855
283 7 20.7188817855
284 7 20.7188817855
285 7 20.7188817855
286 7 20.7188817855
287 7 20.7188817855
288 7 20.7188817855
289 7 20.7188817855
290 7 20.7188817855
291 7 20.7188817855
292 7 20.7188817855
293 7 20.7188817855
294 7 20.7188817855
295 7 20.7188817855
296 7 20.7188817855
297 7 20.7188817855
298 7 20.7188817855
299 7 20.7188817855
300 7 20.7188817855
301 7 20.7188817855
302 7 20.7188817855
303 7 20.7188817855
304 7 20.7188817855
305 7 20.7188817855
306 7 20.7188817855
307 7 20.7188817855
308 7 20.7188817855
309 7 20.7188817855
310 7 20.7188817855
311 7 20.7188817855
312 7 20.7188817855
313 7 20.7188817855
314 7 20.7188817855
315 7 20.7188817855
316 7 20.7188817855
317 7 20.7188817855
318 7 20.7188817855
319 7 20.7188817855
320 7 20.7188817855
321 8 31.1946939082
322 8 31.1946939082
323 8 31.1946939082
324 8 31.1946939082
325 8 31.1946939082
326 8 31.1946939082
327 8 31.1946939082
328 8 31.1946939082
329 8 31.1946939082
330 8 31.1946939082
331 8 31.1946939082
332 8 31.1946939082
333 8 31.1946939082
334 8 31.1946939082
335 8 31.1946939082
336 8 31.1946939082
337 8 31.1946939082
338 8 31.1946939082
339 8 31.1946939082
340 8 31.1946939082
341 8 31.1946939082
342 8 31.1946939082
343 8 31.1946939082
344 8 31.1946939082
345 8 31.1946939082
346 8 31.1946939082
347 8 31.1946939082
348 8 31.1946939082
349 8 31.1946939082
350 8 31.1946939082
351 8 31.1946939082
352 8 31.1946939082
353 8 31.1946939082
354 8 31.1946939082
355 8 31.1946939082
356 8 31.1946939082
357 8 31.1946939082
358 8 31.1946939082
359 8 31.1946939082
360 8 31.1946939082
361 9 24.6656694942
362 9 24.6656694942
363 9 24.6656694942
364 9 24.6656694942
365 9 24.6656694942
366 9 24.6656694942
367 9 24.6656694942
368 9 24.6656694942
369 9 24.6656694942
370 9 24.6656694942
371 9 24.6656694942
372 9 24.6656694942
373 9 24.6656694942
374 9 24.6656694942
375 9 24.6656694942
376 9 24.6656694942
377 9 24.6656694942
378 9 24.6656694942
379 9 24.6656694942
380 9 24.6656694942
381 9 24.6656694942
382 9 24.6656694942
383 9 24.6656694942
384 9 24.6656694942
385 9 24.6656694942
386 9 24.6656694942
387 9 24.6656694942
388 9 24.6656694942
389 9 24.6656694942
390 9 24.6656694942
391 9 24.6656694942
392 9 24.6656694942
393 9 24.6656694942
394 9 24.6656694942
395 9 24.6656694942
396 9 24.6656694942
397 9 24.6656694942
398 9 24.6656694942
399 9 24.6656694942
400 9 24.6656694942
401 10 69.4731024469
