1 0 51.6163604778
2 0 51.6163604778
3 0 51.6163604778
4 0 51.6163604778
5 0 51.6163604778
6 0 51.6163604778
7 0 51.6163604778
8 0 51.6163604778
9 0 51.6163604778
10 0 51.6163604778
11 0 51.6163604778
12 0 51.6163604778
13 0 51.6163604778
14 0 51.6163604778
15 0 51.6163604778
16 0 51.6163604778
17 0 51.6163604778
18 0 51.6163604778
19 0 51.6163604778
20 0 51.6163604778
21 1 49.0699526123
22 1 49.0699526123
23 1 49.0699526123
24 1 49.0699526123
25 1 49.0699526123
26 1 49.0699526123
27 1 49.0699526123
28 1 49.0699526123
29 1 49.0699526123
30 1 49.0699526123
31 1 49.0699526123
32 1 49.0699526123
33 1 49.0699526123
34 1 49.0699526123
35 1 49.0699526123
36 1 49.0699526123
37 1 49.0699526123
38 1 49.0699526123
39 1 49.0699526123
40 1 49.0699526123
41 2 42.3504384764
42 2 42.3504384764
43 2 42.3504384764
44 2 42.3504384764
45 2 42.3504384764
46 2 42.3504384764
47 2 42.3504384764
48 2 42.3504384764
49 2 42.3504384764
50 2 42.3504384764
51 2 42.3504384764
52 2 42.3504384764
53 2 42.3504384764
54 2 42.3504384764
55 2 42.3504384764
56 2 42.3504384764
57 2 42.3504384764
58 2 42.3504384764
59 2 42.3504384764
60 2 42.3504384764
61 3 37.6989033401
62 3 37.6989033401
63 3 37.6989033401
64 3 37.6989033401
65 3 37.6989033401
66 3 37.6989033401
67 3 37.6989033401
68 3 37.6989033401
69 3 37.6989033401
70 3 37.6989033401
71 3 37.6989033401
72 3 37.6989033401
73 3 37.6989033401
74 3 37.6989033401
75 3 37.6989033401
76 3 37.6989033401
77 3 37.6989033401
78 3 37.6989033401
79 3 37.6989033401
80 3 37.6989033401
81 4 28.5530313832
82 4 28.5530313832
83 4 28.5530313832
84 4 28.5530313832
85 4 28.5530313832
86 4 28.5530313832
87 4 28.5530313832
88 4 28.5530313832
89 4 28.5530313832
90 4 28.5530313832
91 4 28.5530313832
92 4 28.5530313832
93 4 28.5530313832
94 4 28.5530313832
95 4 28.5530313832
96 4 28.5530313832
97 4 28.5530313832
98 4 28.5530313832
99 4 28.5530313832
100 4 28.5530313832
101 5 41.875173283
102 5 41.875173283
103 5 41.875173283
104 5 41.875173283
105 5 41.875173283
106 5 41.875173283
107 5 41.875173283
108 5 41.875173283
109 5 41.875173283
110 5 41.875173283
111 5 41.875173283
112 5 41.875173283
113 5 41.875173283
114 5 41.875173283
115 5 41.875173283
116 5 41.875173283
117 5 41.875173283
118 5 41.875173283
119 5 41.875173283
120 5 41.875173283
121 6 29.3330207471
122 6 29.3330207471
123 6 29.3330207471
124 6 29.3330207471
125 6 29.3330207471
126 6 29.3330207471
127 6 29.3330207471
128 6 29.3330207471
129 6 29.3330207471
130 6 29.3330207471
131 6 29.3330207471
132 6 29.3330207471
133 6 29.3330207471
134 6 29.3330207471
135 6 29.3330207471
136 6 29.3330207471
137 6 29.3330207471
138 6 29.3330207471
139 6 29.3330207471
140 6 29.3330207471
141 7 31.6840832712
142 7 31.6840832712
143 7 31.6840832712
144 7 31.6840832712
145 7 31.6840832712
146 7 31.6840832712
147 7 31.6840832712
148 7 31.6840832712
149 7 31.6840832712
150 7 31.6840832712
151 7 31.6840832712
152 7 31.6840832712
153 7 31.6840832712
154 7 31.6840832712
155 7 31.6840832712
156 7 31.6840832712
157 7 31.6840832712
158 7 31.6840832712
159 7 31.6840832712
160 7 31.6840832712
161 8 23.683748302
162 8 23.683748302
163 8 23.683748302
164 8 23.683748302
165 8 23.683748302
166 8 23.683748302
167 8 23.683748302
168 8 23.683748302
169 8 23.683748302
170 8 23.683748302
171 8 23.683748302
172 8 23.683748302
173 8 23.683748302
174 8 23.683748302
175 8 23.683748302
176 8 23.683748302
177 8 23.683748302
178 8 23.683748302
179 8 23.683748302
180 8 23.683748302
181 9 9.26033924881
182 9 9.26033924881
183 9 9.26033924881
184 9 9.26033924881
185 9 9.26033924881
186 9 9.26033924881
187 9 9.26033924881
188 9 9.26033924881
189 9 9.26033924881
190 9 9.26033924881
191 9 9.26033924881
192 9 9.26033924881
193 9 9.26033924881
194 9 9.26033924881
195 9 9.26033924881
196 9 9.26033924881
197 9 9.26033924881
198 9 9.26033924881
199 9 9.26033924881
200 9 9.26033924881
201 10 17.9566262294
202 10 17.9566262294
203 10 17.9566262294
204 10 17.9566262294
205 10 17.9566262294
206 10 17.9566262294
207 10 17.9566262294
208 10 17.9566262294
209 10 17.9566262294
210 10 17.9566262294
211 10 17.9566262294
212 10 17.9566262294
213 10 17.9566262294
214 10 17.9566262294
215 10 17.9566262294
216 10 17.9566262294
217 10 17.9566262294
218 10 17.9566262294
219 10 17.9566262294
220 10 17.9566262294
