1 0 15.6611165885
2 0 15.6611165885
3 0 15.6611165885
4 0 15.6611165885
5 0 15.6611165885
6 0 15.6611165885
7 0 15.6611165885
8 0 15.6611165885
9 0 15.6611165885
10 0 15.6611165885
11 0 15.6611165885
12 0 15.6611165885
13 0 15.6611165885
14 0 15.6611165885
15 0 15.6611165885
16 0 15.6611165885
17 0 15.6611165885
18 0 15.6611165885
19 0 15.6611165885
20 0 15.6611165885
21 1 9.57268092283
22 1 9.57268092283
23 1 9.57268092283
24 1 9.57268092283
25 1 9.57268092283
26 1 9.57268092283
27 1 9.57268092283
28 1 9.57268092283
29 1 9.57268092283
30 1 9.57268092283
31 1 9.57268092283
32 1 9.57268092283
33 1 9.57268092283
34 1 9.57268092283
35 1 9.57268092283
36 1 9.57268092283
37 1 9.57268092283
38 1 9.57268092283
39 1 9.57268092283
40 1 9.57268092283
41 2 10.9781558715
42 2 10.9781558715
43 2 10.9781558715
44 2 10.9781558715
45 2 10.9781558715
46 2 10.9781558715
47 2 10.9781558715
48 2 10.9781558715
49 2 10.9781558715
50 2 10.9781558715
51 2 10.9781558715
52 2 10.9781558715
53 2 10.9781558715
54 2 10.9781558715
55 2 10.9781558715
56 2 10.9781558715
57 2 10.9781558715
58 2 10.9781558715
59 2 10.9781558715
60 2 10.9781558715
61 3 13.2173581906
62 3 13.2173581906
63 3 13.2173581906
64 3 13.2173581906
65 3 13.2173581906
66 3 13.2173581906
67 3 13.2173581906
68 3 13.2173581906
69 3 13.2173581906
70 3 13.2173581906
71 3 13.2173581906
72 3 13.2173581906
73 3 13.2173581906
74 3 13.2173581906
75 3 13.2173581906
76 3 13.2173581906
77 3 13.2173581906
78 3 13.2173581906
79 3 13.2173581906
80 3 13.2173581906
81 4 13.9614751082
82 4 13.9614751082
83 4 13.9614751082
84 4 13.9614751082
85 4 13.9614751082
86 4 13.9614751082
87 4 13.9614751082
88 4 13.9614751082
89 4 13.9614751082
90 4 13.9614751082
91 4 13.9614751082
92 4 13.9614751082
93 4 13.9614751082
94 4 13.9614751082
95 4 13.9614751082
96 4 13.9614751082
97 4 13.9614751082
98 4 13.9614751082
99 4 13.9614751082
100 4 13.9614751082
101 5 10.4429187831
102 5 10.4429187831
103 5 10.4429187831
104 5 10.4429187831
105 5 10.4429187831
106 5 10.4429187831
107 5 10.4429187831
108 5 10.4429187831
109 5 10.4429187831
110 5 10.4429187831
111 5 10.4429187831
112 5 10.4429187831
113 5 10.4429187831
114 5 10.4429187831
115 5 10.4429187831
116 5 10.4429187831
117 5 10.4429187831
118 5 10.4429187831
119 5 10.4429187831
120 5 10.4429187831
121 6 8.40697207233
122 6 8.40697207233
123 6 8.40697207233
124 6 8.40697207233
125 6 8.40697207233
126 6 8.40697207233
127 6 8.40697207233
128 6 8.40697207233
129 6 8.40697207233
130 6 8.40697207233
131 6 8.40697207233
132 6 8.40697207233
133 6 8.40697207233
134 6 8.40697207233
135 6 8.40697207233
136 6 8.40697207233
137 6 8.40697207233
138 6 8.40697207233
139 6 8.40697207233
140 6 8.40697207233
141 7 9.63566761348
142 7 9.63566761348
143 7 9.63566761348
144 7 9.63566761348
145 7 9.63566761348
146 7 9.63566761348
147 7 9.63566761348
148 7 9.63566761348
149 7 9.63566761348
150 7 9.63566761348
151 7 9.63566761348
152 7 9.63566761348
153 7 9.63566761348
154 7 9.63566761348
155 7 9.63566761348
156 7 9.63566761348
157 7 9.63566761348
158 7 9.63566761348
159 7 9.63566761348
160 7 9.63566761348
161 8 9.16706077042
162 8 9.16706077042
163 8 9.16706077042
164 8 9.16706077042
165 8 9.16706077042
166 8 9.16706077042
167 8 9.16706077042
168 8 9.16706077042
169 8 9.16706077042
170 8 9.16706077042
171 8 9.16706077042
172 8 9.16706077042
173 8 9.16706077042
174 8 9.16706077042
175 8 9.16706077042
176 8 9.16706077042
177 8 9.16706077042
178 8 9.16706077042
179 8 9.16706077042
180 8 9.16706077042
181 9 12.1493158214
182 9 12.1493158214
183 9 12.1493158214
184 9 12.1493158214
185 9 12.1493158214
186 9 12.1493158214
187 9 12.1493158214
188 9 12.1493158214
189 9 12.1493158214
190 9 12.1493158214
191 9 12.1493158214
192 9 12.1493158214
193 9 12.1493158214
194 9 12.1493158214
195 9 12.1493158214
196 9 12.1493158214
197 9 12.1493158214
198 9 12.1493158214
199 9 12.1493158214
200 9 12.1493158214
201 10 8.82002812095
202 10 8.82002812095
203 10 8.82002812095
204 10 8.82002812095
205 10 8.82002812095
206 10 8.82002812095
207 10 8.82002812095
208 10 8.82002812095
209 10 8.82002812095
210 10 8.82002812095
211 10 8.82002812095
212 10 8.82002812095
213 10 8.82002812095
214 10 8.82002812095
215 10 8.82002812095
216 10 8.82002812095
217 10 8.82002812095
218 10 8.82002812095
219 10 8.82002812095
220 10 8.82002812095
221 11 14.8638993523
222 11 14.8638993523
223 11 14.8638993523
224 11 14.8638993523
225 11 14.8638993523
226 11 14.8638993523
227 11 14.8638993523
228 11 14.8638993523
229 11 14.8638993523
230 11 14.8638993523
231 11 14.8638993523
232 11 14.8638993523
233 11 14.8638993523
234 11 14.8638993523
235 11 14.8638993523
236 11 14.8638993523
237 11 14.8638993523
238 11 14.8638993523
239 11 14.8638993523
240 11 14.8638993523
241 12 15.7286306273
242 12 15.7286306273
243 12 15.7286306273
244 12 15.7286306273
245 12 15.7286306273
246 12 15.7286306273
247 12 15.7286306273
248 12 15.7286306273
249 12 15.7286306273
250 12 15.7286306273
251 12 15.7286306273
252 12 15.7286306273
253 12 15.7286306273
254 12 15.7286306273
255 12 15.7286306273
256 12 15.7286306273
257 12 15.7286306273
258 12 15.7286306273
259 12 15.7286306273
260 12 15.7286306273
261 13 13.3587984912
262 13 13.3587984912
263 13 13.3587984912
264 13 13.3587984912
265 13 13.3587984912
266 13 13.3587984912
267 13 13.3587984912
268 13 13.3587984912
269 13 13.3587984912
270 13 13.3587984912
271 13 13.3587984912
272 13 13.3587984912
273 13 13.3587984912
274 13 13.3587984912
275 13 13.3587984912
276 13 13.3587984912
277 13 13.3587984912
278 13 13.3587984912
279 13 13.3587984912
280 13 13.3587984912
281 14 18.9617452056
282 14 18.9617452056
283 14 18.9617452056
284 14 18.9617452056
285 14 18.9617452056
286 14 18.9617452056
287 14 18.9617452056
288 14 18.9617452056
289 14 18.9617452056
290 14 18.9617452056
291 14 18.9617452056
292 14 18.9617452056
293 14 18.9617452056
294 14 18.9617452056
295 14 18.9617452056
296 14 18.9617452056
297 14 18.9617452056
298 14 18.9617452056
299 14 18.9617452056
300 14 18.9617452056
301 15 17.3771587181
302 15 17.3771587181
303 15 17.3771587181
304 15 17.3771587181
305 15 17.3771587181
306 15 17.3771587181
307 15 17.3771587181
308 15 17.3771587181
309 15 17.3771587181
310 15 17.3771587181
311 15 17.3771587181
312 15 17.3771587181
313 15 17.3771587181
314 15 17.3771587181
315 15 17.3771587181
316 15 17.3771587181
317 15 17.3771587181
318 15 17.3771587181
319 15 17.3771587181
320 15 17.3771587181
321 16 22.982898118
322 16 22.982898118
323 16 22.982898118
324 16 22.982898118
325 16 22.982898118
326 16 22.982898118
327 16 22.982898118
328 16 22.982898118
329 16 22.982898118
330 16 22.982898118
331 16 22.982898118
332 16 22.982898118
333 16 22.982898118
334 16 22.982898118
335 16 22.982898118
336 16 22.982898118
337 16 22.982898118
338 16 22.982898118
339 16 22.982898118
340 16 22.982898118
341 17 18.8635961385
342 17 18.8635961385
343 17 18.8635961385
344 17 18.8635961385
345 17 18.8635961385
346 17 18.8635961385
347 17 18.8635961385
348 17 18.8635961385
349 17 18.8635961385
350 17 18.8635961385
351 17 18.8635961385
352 17 18.8635961385
353 17 18.8635961385
354 17 18.8635961385
355 17 18.8635961385
356 17 18.8635961385
357 17 18.8635961385
358 17 18.8635961385
359 17 18.8635961385
360 17 18.8635961385
361 18 21.0715061687
362 18 21.0715061687
363 18 21.0715061687
364 18 21.0715061687
365 18 21.0715061687
366 18 21.0715061687
367 18 21.0715061687
368 18 21.0715061687
369 18 21.0715061687
370 18 21.0715061687
371 18 21.0715061687
372 18 21.0715061687
373 18 21.0715061687
374 18 21.0715061687
375 18 21.0715061687
376 18 21.0715061687
377 18 21.0715061687
378 18 21.0715061687
379 18 21.0715061687
380 18 21.0715061687
381 19 18.06790101
382 19 18.06790101
383 19 18.06790101
384 19 18.06790101
385 19 18.06790101
386 19 18.06790101
387 19 18.06790101
388 19 18.06790101
389 19 18.06790101
390 19 18.06790101
391 19 18.06790101
392 19 18.06790101
393 19 18.06790101
394 19 18.06790101
395 19 18.06790101
396 19 18.06790101
397 19 18.06790101
398 19 18.06790101
399 19 18.06790101
400 19 18.06790101
401 20 21.1321508862
402 20 21.1321508862
403 20 21.1321508862
404 20 21.1321508862
405 20 21.1321508862
406 20 21.1321508862
407 20 21.1321508862
408 20 21.1321508862
409 20 21.1321508862
410 20 21.1321508862
411 20 21.1321508862
412 20 21.1321508862
413 20 21.1321508862
414 20 21.1321508862
415 20 21.1321508862
416 20 21.1321508862
417 20 21.1321508862
418 20 21.1321508862
419 20 21.1321508862
420 20 21.1321508862
421 21 20.2255959857
422 21 20.2255959857
423 21 20.2255959857
424 21 20.2255959857
425 21 20.2255959857
426 21 20.2255959857
427 21 20.2255959857
428 21 20.2255959857
429 21 20.2255959857
430 21 20.2255959857
431 21 20.2255959857
432 21 20.2255959857
433 21 20.2255959857
434 21 20.2255959857
435 21 20.2255959857
436 21 20.2255959857
437 21 20.2255959857
438 21 20.2255959857
439 21 20.2255959857
440 21 20.2255959857
441 22 21.9393280734
442 22 21.9393280734
443 22 21.9393280734
444 22 21.9393280734
445 22 21.9393280734
446 22 21.9393280734
447 22 21.9393280734
448 22 21.9393280734
449 22 21.9393280734
450 22 21.9393280734
451 22 21.9393280734
452 22 21.9393280734
453 22 21.9393280734
454 22 21.9393280734
455 22 21.9393280734
456 22 21.9393280734
457 22 21.9393280734
458 22 21.9393280734
459 22 21.9393280734
460 22 21.9393280734
461 23 25.3534163209
462 23 25.3534163209
463 23 25.3534163209
464 23 25.3534163209
465 23 25.3534163209
466 23 25.3534163209
467 23 25.3534163209
468 23 25.3534163209
469 23 25.3534163209
470 23 25.3534163209
471 23 25.3534163209
472 23 25.3534163209
473 23 25.3534163209
474 23 25.3534163209
475 23 25.3534163209
476 23 25.3534163209
477 23 25.3534163209
478 23 25.3534163209
479 23 25.3534163209
480 23 25.3534163209
481 24 17.8069903029
482 24 17.8069903029
483 24 17.8069903029
484 24 17.8069903029
485 24 17.8069903029
486 24 17.8069903029
487 24 17.8069903029
488 24 17.8069903029
489 24 17.8069903029
490 24 17.8069903029
491 24 17.8069903029
492 24 17.8069903029
493 24 17.8069903029
494 24 17.8069903029
495 24 17.8069903029
496 24 17.8069903029
497 24 17.8069903029
498 24 17.8069903029
499 24 17.8069903029
500 24 17.8069903029
501 25 20.1512949964
502 25 20.1512949964
503 25 20.1512949964
504 25 20.1512949964
505 25 20.1512949964
506 25 20.1512949964
507 25 20.1512949964
508 25 20.1512949964
509 25 20.1512949964
510 25 20.1512949964
511 25 20.1512949964
512 25 20.1512949964
513 25 20.1512949964
514 25 20.1512949964
515 25 20.1512949964
516 25 20.1512949964
517 25 20.1512949964
518 25 20.1512949964
519 25 20.1512949964
520 25 20.1512949964
521 26 29.5016727844
522 26 29.5016727844
523 26 29.5016727844
524 26 29.5016727844
525 26 29.5016727844
526 26 29.5016727844
527 26 29.5016727844
528 26 29.5016727844
529 26 29.5016727844
530 26 29.5016727844
531 26 29.5016727844
532 26 29.5016727844
533 26 29.5016727844
534 26 29.5016727844
535 26 29.5016727844
536 26 29.5016727844
537 26 29.5016727844
538 26 29.5016727844
539 26 29.5016727844
540 26 29.5016727844
541 27 33.104518343
542 27 33.104518343
543 27 33.104518343
544 27 33.104518343
545 27 33.104518343
546 27 33.104518343
547 27 33.104518343
548 27 33.104518343
549 27 33.104518343
550 27 33.104518343
551 27 33.104518343
552 27 33.104518343
553 27 33.104518343
554 27 33.104518343
555 27 33.104518343
556 27 33.104518343
557 27 33.104518343
558 27 33.104518343
559 27 33.104518343
560 27 33.104518343
561 28 45.0705984295
562 28 45.0705984295
563 28 45.0705984295
564 28 45.0705984295
565 28 45.0705984295
566 28 45.0705984295
