1 0 21.8649819932
2 0 21.8649819932
3 0 21.8649819932
4 0 21.8649819932
5 0 21.8649819932
6 0 21.8649819932
7 0 21.8649819932
8 0 21.8649819932
9 0 21.8649819932
10 0 21.8649819932
11 0 21.8649819932
12 0 21.8649819932
13 0 21.8649819932
14 0 21.8649819932
15 0 21.8649819932
16 0 21.8649819932
17 0 21.8649819932
18 0 21.8649819932
19 1 18.4639637928
20 2 17.0643180663
21 3 17.1462728098
22 4 18.3751442341
23 5 17.094740985
24 6 15.7125388382
25 7 17.0721567164
26 8 17.6075349956
27 9 15.6233606988
28 10 15.3462772581
29 11 16.9531012223
30 12 17.0366344979
31 13 14.996937982
32 14 15.7556774802
33 15 16.8785896887
34 16 15.1657836232
35 17 15.6599485381
36 18 16.8921584364
37 19 17.9309124185
38 20 18.2912673313
39 21 19.2514602909
40 22 20.4939780806
41 23 21.2341018167
42 24 22.1490403706
43 25 23.4690017158
44 26 24.5615532171
45 27 25.3140556661
46 28 27.8864984782
47 29 28.2903009248
48 30 26.7519581534
49 31 28.3692760379
50 32 30.7493880943
51 33 30.5002886551
52 34 29.8465966351
53 35 27.8939309543
54 36 25.6210352081
55 37 26.7033548329
56 38 27.2842140871
57 39 24.6143253329
58 40 23.3612657866
59 41 25.2743897992
60 42 24.639024646
61 43 21.6718164495
62 44 22.3083828116
63 45 22.0588335211
64 46 18.9853373055
65 47 19.8634497778
66 48 20.8695367695
67 49 19.6760042125
68 50 18.4654338644
69 51 17.5599366405
70 52 16.6207312808
71 53 14.8565960466
72 54 13.8133797956
73 55 13.7453594777
74 56 12.8459051797
75 57 13.2343869269
76 58 13.9128411281
77 59 14.6633246309
78 60 15.8495190515
79 61 17.4043636995
80 62 17.9241761517
81 63 18.4423170903
82 64 20.116976972
83 65 21.8391292198
84 66 21.9316945749
85 67 22.5681478463
86 68 24.7475420118
87 69 26.2248038143
88 70 26.1405668957
89 71 27.5177809598
90 72 29.9046457173
91 73 30.9170182774
92 74 29.7007891803
93 75 31.8376888325
94 76 31.550020376
95 77 32.6963007437
96 78 34.2589730158
97 79 32.4994635997
98 80 30.2765724774
99 81 29.3727004796
100 82 28.4741025277
101 83 30.1402199583
102 84 28.3586513653
103 85 26.3971968925
104 86 28.140226717
105 87 27.1504912445
106 88 24.7145740937
107 89 24.2378591836
108 90 23.7667627864
109 91 23.855044221
110 92 23.5456823077
111 93 29.6538068354
112 93 29.6538068354
113 93 29.6538068354
114 93 29.6538068354
115 93 29.6538068354
116 93 29.6538068354
117 93 29.6538068354
118 93 29.6538068354
119 93 29.6538068354
120 93 29.6538068354
121 93 29.6538068354
122 93 29.6538068354
123 93 29.6538068354
124 93 29.6538068354
125 93 29.6538068354
126 93 29.6538068354
127 93 29.6538068354
