1 0 15.1383205283
2 0 15.1383205283
3 0 15.1383205283
4 0 15.1383205283
5 0 15.1383205283
6 0 15.1383205283
7 0 15.1383205283
8 0 15.1383205283
9 0 15.1383205283
10 0 15.1383205283
11 0 15.1383205283
12 0 15.1383205283
13 0 15.1383205283
14 0 15.1383205283
15 0 15.1383205283
16 0 15.1383205283
17 0 15.1383205283
18 0 15.1383205283
19 0 15.1383205283
20 0 15.1383205283
21 1 18.9784597283
22 1 18.9784597283
23 1 18.9784597283
24 1 18.9784597283
25 1 18.9784597283
26 1 18.9784597283
27 1 18.9784597283
28 1 18.9784597283
29 1 18.9784597283
30 1 18.9784597283
31 1 18.9784597283
32 1 18.9784597283
33 1 18.9784597283
34 1 18.9784597283
35 1 18.9784597283
36 1 18.9784597283
37 1 18.9784597283
38 1 18.9784597283
39 1 18.9784597283
40 1 18.9784597283
41 2 31.095982234
42 2 31.095982234
43 2 31.095982234
44 2 31.095982234
45 2 31.095982234
46 2 31.095982234
47 2 31.095982234
48 2 31.095982234
49 2 31.095982234
50 2 31.095982234
51 2 31.095982234
52 2 31.095982234
53 2 31.095982234
54 2 31.095982234
55 2 31.095982234
56 2 31.095982234
57 2 31.095982234
58 2 31.095982234
59 2 31.095982234
60 2 31.095982234
61 3 46.2772095306
62 3 46.2772095306
63 3 46.2772095306
64 3 46.2772095306
65 3 46.2772095306
66 3 46.2772095306
67 3 46.2772095306
68 3 46.2772095306
69 3 46.2772095306
70 3 46.2772095306
71 3 46.2772095306
72 3 46.2772095306
73 3 46.2772095306
74 3 46.2772095306
75 3 46.2772095306
76 3 46.2772095306
77 3 46.2772095306
78 3 46.2772095306
79 3 46.2772095306
80 3 46.2772095306
81 4 45.2764507428
82 4 45.2764507428
83 4 45.2764507428
84 4 45.2764507428
85 4 45.2764507428
86 4 45.2764507428
87 4 45.2764507428
88 4 45.2764507428
89 4 45.2764507428
90 4 45.2764507428
91 4 45.2764507428
92 4 45.2764507428
93 4 45.2764507428
94 4 45.2764507428
95 4 45.2764507428
96 4 45.2764507428
97 4 45.2764507428
98 4 45.2764507428
99 4 45.2764507428
100 4 45.2764507428
101 5 43.2451139317
102 5 43.2451139317
103 5 43.2451139317
104 5 43.2451139317
105 5 43.2451139317
106 5 43.2451139317
107 5 43.2451139317
108 5 43.2451139317
109 5 43.2451139317
110 5 43.2451139317
111 5 43.2451139317
112 5 43.2451139317
113 5 43.2451139317
114 5 43.2451139317
115 5 43.2451139317
116 5 43.2451139317
117 5 43.2451139317
118 5 43.2451139317
119 5 43.2451139317
120 5 43.2451139317
121 6 39.3187908278
122 6 39.3187908278
123 6 39.3187908278
124 6 39.3187908278
125 6 39.3187908278
126 6 39.3187908278
127 6 39.3187908278
128 6 39.3187908278
129 6 39.3187908278
130 6 39.3187908278
131 6 39.3187908278
132 6 39.3187908278
133 6 39.3187908278
134 6 39.3187908278
135 6 39.3187908278
136 6 39.3187908278
137 6 39.3187908278
138 6 39.3187908278
139 6 39.3187908278
140 6 39.3187908278
141 7 41.3333943358
142 7 41.3333943358
143 7 41.3333943358
144 7 41.3333943358
145 7 41.3333943358
146 7 41.3333943358
147 7 41.3333943358
148 7 41.3333943358
149 7 41.3333943358
150 7 41.3333943358
151 7 41.3333943358
152 7 41.3333943358
153 7 41.3333943358
154 7 41.3333943358
155 7 41.3333943358
156 7 41.3333943358
157 7 41.3333943358
158 7 41.3333943358
159 7 41.3333943358
160 7 41.3333943358
161 8 39.5470207829
162 8 39.5470207829
163 8 39.5470207829
164 8 39.5470207829
165 8 39.5470207829
166 8 39.5470207829
167 8 39.5470207829
168 8 39.5470207829
169 8 39.5470207829
170 8 39.5470207829
171 8 39.5470207829
172 8 39.5470207829
173 8 39.5470207829
174 8 39.5470207829
175 8 39.5470207829
176 8 39.5470207829
177 8 39.5470207829
178 8 39.5470207829
179 8 39.5470207829
180 8 39.5470207829
181 9 43.1431068993
182 9 43.1431068993
183 9 43.1431068993
184 9 43.1431068993
185 9 43.1431068993
186 9 43.1431068993
187 9 43.1431068993
188 9 43.1431068993
189 9 43.1431068993
190 9 43.1431068993
191 9 43.1431068993
192 9 43.1431068993
193 9 43.1431068993
194 9 43.1431068993
195 9 43.1431068993
196 9 43.1431068993
197 9 43.1431068993
198 9 43.1431068993
199 9 43.1431068993
200 9 43.1431068993
201 10 29.8661118217
202 10 29.8661118217
203 10 29.8661118217
204 10 29.8661118217
205 10 29.8661118217
206 10 29.8661118217
207 10 29.8661118217
208 10 29.8661118217
209 10 29.8661118217
210 10 29.8661118217
211 10 29.8661118217
212 10 29.8661118217
213 10 29.8661118217
214 10 29.8661118217
215 10 29.8661118217
216 10 29.8661118217
217 10 29.8661118217
218 10 29.8661118217
219 10 29.8661118217
220 10 29.8661118217
221 11 25.8647879803
222 11 25.8647879803
223 11 25.8647879803
224 11 25.8647879803
225 11 25.8647879803
226 11 25.8647879803
227 11 25.8647879803
228 11 25.8647879803
229 11 25.8647879803
230 11 25.8647879803
231 11 25.8647879803
232 11 25.8647879803
233 11 25.8647879803
234 11 25.8647879803
235 11 25.8647879803
236 11 25.8647879803
237 11 25.8647879803
238 11 25.8647879803
239 11 25.8647879803
240 11 25.8647879803
241 12 17.0037149145
242 12 17.0037149145
243 12 17.0037149145
244 12 17.0037149145
245 12 17.0037149145
246 12 17.0037149145
247 12 17.0037149145
248 12 17.0037149145
249 12 17.0037149145
250 12 17.0037149145
251 12 17.0037149145
252 12 17.0037149145
253 12 17.0037149145
254 12 17.0037149145
255 12 17.0037149145
256 12 17.0037149145
257 12 17.0037149145
258 12 17.0037149145
259 12 17.0037149145
260 12 17.0037149145
261 13 12.1530490575
262 13 12.1530490575
263 13 12.1530490575
264 13 12.1530490575
265 13 12.1530490575
266 13 12.1530490575
267 13 12.1530490575
268 13 12.1530490575
269 13 12.1530490575
270 13 12.1530490575
271 13 12.1530490575
272 13 12.1530490575
273 13 12.1530490575
274 13 12.1530490575
275 13 12.1530490575
276 13 12.1530490575
277 13 12.1530490575
278 13 12.1530490575
279 13 12.1530490575
280 13 12.1530490575
281 14 23.5718215734
282 14 23.5718215734
283 14 23.5718215734
284 14 23.5718215734
285 14 23.5718215734
286 14 23.5718215734
287 14 23.5718215734
288 14 23.5718215734
289 14 23.5718215734
290 14 23.5718215734
291 14 23.5718215734
292 14 23.5718215734
293 14 23.5718215734
294 14 23.5718215734
295 14 23.5718215734
296 14 23.5718215734
297 14 23.5718215734
298 14 23.5718215734
299 14 23.5718215734
300 14 23.5718215734
301 15 27.7567918562
302 15 27.7567918562
303 15 27.7567918562
304 15 27.7567918562
305 15 27.7567918562
306 15 27.7567918562
307 15 27.7567918562
308 15 27.7567918562
309 15 27.7567918562
310 15 27.7567918562
311 15 27.7567918562
312 15 27.7567918562
313 15 27.7567918562
314 15 27.7567918562
315 15 27.7567918562
316 15 27.7567918562
317 15 27.7567918562
318 15 27.7567918562
319 15 27.7567918562
320 15 27.7567918562
321 16 19.8810150126
322 16 19.8810150126
323 16 19.8810150126
324 16 19.8810150126
325 16 19.8810150126
326 16 19.8810150126
327 16 19.8810150126
328 16 19.8810150126
329 16 19.8810150126
330 16 19.8810150126
331 16 19.8810150126
332 16 19.8810150126
333 16 19.8810150126
334 16 19.8810150126
335 16 19.8810150126
336 16 19.8810150126
337 16 19.8810150126
338 16 19.8810150126
339 16 19.8810150126
340 16 19.8810150126
341 17 8.95218235182
342 17 8.95218235182
343 17 8.95218235182
344 17 8.95218235182
345 17 8.95218235182
346 17 8.95218235182
347 17 8.95218235182
348 17 8.95218235182
349 17 8.95218235182
350 17 8.95218235182
351 17 8.95218235182
352 17 8.95218235182
353 17 8.95218235182
354 17 8.95218235182
355 17 8.95218235182
356 17 8.95218235182
357 17 8.95218235182
358 17 8.95218235182
359 17 8.95218235182
360 17 8.95218235182
361 18 14.18991552
362 18 14.18991552
363 18 14.18991552
364 18 14.18991552
365 18 14.18991552
366 18 14.18991552
367 18 14.18991552
368 18 14.18991552
369 18 14.18991552
370 18 14.18991552
371 18 14.18991552
372 18 14.18991552
373 18 14.18991552
374 18 14.18991552
375 18 14.18991552
376 18 14.18991552
377 18 14.18991552
378 18 14.18991552
379 18 14.18991552
380 18 14.18991552
381 19 13.1374496588
382 19 13.1374496588
383 19 13.1374496588
384 19 13.1374496588
385 19 13.1374496588
386 19 13.1374496588
387 19 13.1374496588
388 19 13.1374496588
389 19 13.1374496588
390 19 13.1374496588
391 19 13.1374496588
392 19 13.1374496588
393 19 13.1374496588
394 19 13.1374496588
395 19 13.1374496588
396 19 13.1374496588
397 19 13.1374496588
398 19 13.1374496588
399 19 13.1374496588
400 19 13.1374496588
401 20 8.12330651051
402 20 8.12330651051
403 20 8.12330651051
404 20 8.12330651051
405 20 8.12330651051
406 20 8.12330651051
407 20 8.12330651051
408 20 8.12330651051
409 20 8.12330651051
410 20 8.12330651051
411 20 8.12330651051
412 20 8.12330651051
413 20 8.12330651051
414 20 8.12330651051
415 20 8.12330651051
416 20 8.12330651051
417 20 8.12330651051
418 20 8.12330651051
419 20 8.12330651051
420 20 8.12330651051
421 21 20.0043874017
422 21 20.0043874017
423 21 20.0043874017
424 21 20.0043874017
425 21 20.0043874017
426 21 20.0043874017
427 21 20.0043874017
428 21 20.0043874017
429 21 20.0043874017
430 21 20.0043874017
431 21 20.0043874017
432 21 20.0043874017
433 21 20.0043874017
434 21 20.0043874017
435 21 20.0043874017
436 21 20.0043874017
437 21 20.0043874017
438 21 20.0043874017
439 21 20.0043874017
440 21 20.0043874017
441 22 18.9992706834
442 22 18.9992706834
443 22 18.9992706834
444 22 18.9992706834
445 22 18.9992706834
446 22 18.9992706834
447 22 18.9992706834
448 22 18.9992706834
449 22 18.9992706834
450 22 18.9992706834
451 22 18.9992706834
452 22 18.9992706834
453 22 18.9992706834
454 22 18.9992706834
455 22 18.9992706834
456 22 18.9992706834
457 22 18.9992706834
458 22 18.9992706834
459 22 18.9992706834
460 22 18.9992706834
461 23 23.8746179336
462 23 23.8746179336
463 23 23.8746179336
464 23 23.8746179336
465 23 23.8746179336
466 23 23.8746179336
467 23 23.8746179336
468 23 23.8746179336
469 23 23.8746179336
470 23 23.8746179336
471 23 23.8746179336
472 23 23.8746179336
473 23 23.8746179336
474 23 23.8746179336
475 23 23.8746179336
476 23 23.8746179336
477 23 23.8746179336
478 23 23.8746179336
479 23 23.8746179336
480 23 23.8746179336
481 24 24.8948536815
482 24 24.8948536815
483 24 24.8948536815
484 24 24.8948536815
485 24 24.8948536815
486 24 24.8948536815
487 24 24.8948536815
488 24 24.8948536815
489 24 24.8948536815
490 24 24.8948536815
491 24 24.8948536815
492 24 24.8948536815
493 24 24.8948536815
494 24 24.8948536815
495 24 24.8948536815
496 24 24.8948536815
497 24 24.8948536815
498 24 24.8948536815
499 24 24.8948536815
500 24 24.8948536815
501 25 14.1146849785
502 25 14.1146849785
503 25 14.1146849785
504 25 14.1146849785
505 25 14.1146849785
506 25 14.1146849785
507 25 14.1146849785
508 25 14.1146849785
509 25 14.1146849785
510 25 14.1146849785
511 25 14.1146849785
512 25 14.1146849785
513 25 14.1146849785
514 25 14.1146849785
515 25 14.1146849785
516 25 14.1146849785
517 25 14.1146849785
518 25 14.1146849785
519 25 14.1146849785
520 25 14.1146849785
521 26 14.4138902824
522 26 14.4138902824
523 26 14.4138902824
524 26 14.4138902824
525 26 14.4138902824
526 26 14.4138902824
527 26 14.4138902824
528 26 14.4138902824
529 26 14.4138902824
530 26 14.4138902824
531 26 14.4138902824
532 26 14.4138902824
533 26 14.4138902824
534 26 14.4138902824
535 26 14.4138902824
536 26 14.4138902824
537 26 14.4138902824
538 26 14.4138902824
539 26 14.4138902824
540 26 14.4138902824
541 27 20.9988551592
542 27 20.9988551592
543 27 20.9988551592
544 27 20.9988551592
545 27 20.9988551592
546 27 20.9988551592
547 27 20.9988551592
548 27 20.9988551592
549 27 20.9988551592
550 27 20.9988551592
551 27 20.9988551592
552 27 20.9988551592
553 27 20.9988551592
554 27 20.9988551592
555 27 20.9988551592
556 27 20.9988551592
557 27 20.9988551592
558 27 20.9988551592
559 27 20.9988551592
560 27 20.9988551592
561 28 14.5186763001
562 28 14.5186763001
563 28 14.5186763001
564 28 14.5186763001
565 28 14.5186763001
566 28 14.5186763001
567 28 14.5186763001
568 28 14.5186763001
569 28 14.5186763001
570 28 14.5186763001
571 28 14.5186763001
572 28 14.5186763001
573 28 14.5186763001
574 28 14.5186763001
575 28 14.5186763001
576 28 14.5186763001
577 28 14.5186763001
578 28 14.5186763001
579 28 14.5186763001
580 28 14.5186763001
581 29 8.76947970942
582 29 8.76947970942
583 29 8.76947970942
584 29 8.76947970942
585 29 8.76947970942
586 29 8.76947970942
587 29 8.76947970942
588 29 8.76947970942
589 29 8.76947970942
590 29 8.76947970942
591 29 8.76947970942
592 29 8.76947970942
593 29 8.76947970942
594 29 8.76947970942
595 29 8.76947970942
596 29 8.76947970942
597 29 8.76947970942
598 29 8.76947970942
599 29 8.76947970942
600 29 8.76947970942
601 30 14.8259029298
602 30 14.8259029298
603 30 14.8259029298
604 30 14.8259029298
605 30 14.8259029298
606 30 14.8259029298
607 30 14.8259029298
608 30 14.8259029298
609 30 14.8259029298
610 30 14.8259029298
611 30 14.8259029298
612 30 14.8259029298
613 30 14.8259029298
614 30 14.8259029298
615 30 14.8259029298
616 30 14.8259029298
617 30 14.8259029298
618 30 14.8259029298
619 30 14.8259029298
620 30 14.8259029298
621 31 16.3551970526
622 31 16.3551970526
623 31 16.3551970526
624 31 16.3551970526
625 31 16.3551970526
626 31 16.3551970526
627 31 16.3551970526
628 31 16.3551970526
629 31 16.3551970526
630 31 16.3551970526
631 31 16.3551970526
632 31 16.3551970526
633 31 16.3551970526
634 31 16.3551970526
635 31 16.3551970526
636 31 16.3551970526
637 31 16.3551970526
638 31 16.3551970526
639 31 16.3551970526
640 31 16.3551970526
641 32 12.8432373061
642 32 12.8432373061
643 32 12.8432373061
644 32 12.8432373061
645 32 12.8432373061
646 32 12.8432373061
647 32 12.8432373061
648 32 12.8432373061
649 32 12.8432373061
650 32 12.8432373061
651 32 12.8432373061
652 32 12.8432373061
653 32 12.8432373061
654 32 12.8432373061
655 32 12.8432373061
656 32 12.8432373061
657 32 12.8432373061
658 32 12.8432373061
659 32 12.8432373061
660 32 12.8432373061
661 33 10.0746129619
662 33 10.0746129619
663 33 10.0746129619
664 33 10.0746129619
665 33 10.0746129619
666 33 10.0746129619
667 33 10.0746129619
668 33 10.0746129619
669 33 10.0746129619
670 33 10.0746129619
671 33 10.0746129619
672 33 10.0746129619
673 33 10.0746129619
674 33 10.0746129619
675 33 10.0746129619
676 33 10.0746129619
677 33 10.0746129619
678 33 10.0746129619
679 33 10.0746129619
680 33 10.0746129619
681 34 18.9853915908
682 34 18.9853915908
683 34 18.9853915908
684 34 18.9853915908
685 34 18.9853915908
686 34 18.9853915908
687 34 18.9853915908
688 34 18.9853915908
689 34 18.9853915908
690 34 18.9853915908
691 34 18.9853915908
692 34 18.9853915908
693 34 18.9853915908
694 34 18.9853915908
695 34 18.9853915908
696 34 18.9853915908
697 34 18.9853915908
698 34 18.9853915908
699 34 18.9853915908
700 34 18.9853915908
701 35 24.0330747926
702 35 24.0330747926
703 35 24.0330747926
704 35 24.0330747926
705 35 24.0330747926
706 35 24.0330747926
707 35 24.0330747926
708 35 24.0330747926
709 35 24.0330747926
710 35 24.0330747926
711 35 24.0330747926
712 36 19.3573556876
713 36 19.3573556876
714 36 19.3573556876
715 36 19.3573556876
716 36 19.3573556876
717 36 19.3573556876
718 36 19.3573556876
719 36 19.3573556876
720 36 19.3573556876
721 36 19.3573556876
722 36 19.3573556876
723 36 19.3573556876
724 36 19.3573556876
725 36 19.3573556876
726 36 19.3573556876
727 36 19.3573556876
728 36 19.3573556876
729 36 19.3573556876
730 36 19.3573556876
731 36 19.3573556876
732 36 19.3573556876
733 36 19.3573556876
734 36 19.3573556876
735 36 19.3573556876
736 36 19.3573556876
737 36 19.3573556876
738 36 19.3573556876
739 36 19.3573556876
740 36 19.3573556876
741 36 19.3573556876
742 36 19.3573556876
743 36 19.3573556876
744 36 19.3573556876
745 36 19.3573556876
746 36 19.3573556876
747 36 19.3573556876
748 36 19.3573556876
749 36 19.3573556876
750 36 19.3573556876
751 36 19.3573556876
752 37 12.2843485654
753 37 12.2843485654
754 37 12.2843485654
755 37 12.2843485654
756 37 12.2843485654
757 37 12.2843485654
758 37 12.2843485654
759 37 12.2843485654
760 37 12.2843485654
761 37 12.2843485654
762 37 12.2843485654
763 37 12.2843485654
764 37 12.2843485654
765 37 12.2843485654
766 37 12.2843485654
767 37 12.2843485654
768 37 12.2843485654
769 37 12.2843485654
770 37 12.2843485654
771 37 12.2843485654
772 37 12.2843485654
773 37 12.2843485654
774 37 12.2843485654
775 37 12.2843485654
776 37 12.2843485654
777 37 12.2843485654
778 37 12.2843485654
779 37 12.2843485654
780 37 12.2843485654
781 37 12.2843485654
782 37 12.2843485654
783 37 12.2843485654
784 37 12.2843485654
785 37 12.2843485654
786 37 12.2843485654
787 37 12.2843485654
788 37 12.2843485654
789 37 12.2843485654
790 37 12.2843485654
791 37 12.2843485654
792 38 17.9171975515
793 38 17.9171975515
794 38 17.9171975515
795 38 17.9171975515
796 38 17.9171975515
797 38 17.9171975515
798 38 17.9171975515
799 38 17.9171975515
800 38 17.9171975515
801 38 17.9171975515
802 38 17.9171975515
803 38 17.9171975515
804 38 17.9171975515
805 38 17.9171975515
806 38 17.9171975515
807 38 17.9171975515
808 38 17.9171975515
809 38 17.9171975515
810 38 17.9171975515
811 38 17.9171975515
812 38 17.9171975515
813 38 17.9171975515
814 38 17.9171975515
815 38 17.9171975515
816 38 17.9171975515
817 38 17.9171975515
818 38 17.9171975515
819 38 17.9171975515
820 38 17.9171975515
821 38 17.9171975515
822 38 17.9171975515
823 38 17.9171975515
824 38 17.9171975515
825 38 17.9171975515
826 38 17.9171975515
827 38 17.9171975515
828 38 17.9171975515
829 38 17.9171975515
830 38 17.9171975515
831 38 17.9171975515
832 39 20.3976817642
833 39 20.3976817642
834 39 20.3976817642
835 39 20.3976817642
836 39 20.3976817642
837 39 20.3976817642
838 39 20.3976817642
839 39 20.3976817642
840 39 20.3976817642
841 39 20.3976817642
842 39 20.3976817642
843 39 20.3976817642
844 39 20.3976817642
845 39 20.3976817642
846 39 20.3976817642
847 39 20.3976817642
848 39 20.3976817642
849 39 20.3976817642
850 39 20.3976817642
851 39 20.3976817642
852 39 20.3976817642
853 39 20.3976817642
854 39 20.3976817642
855 39 20.3976817642
856 39 20.3976817642
857 39 20.3976817642
858 39 20.3976817642
859 39 20.3976817642
860 39 20.3976817642
861 39 20.3976817642
862 39 20.3976817642
863 39 20.3976817642
864 39 20.3976817642
865 39 20.3976817642
866 39 20.3976817642
867 39 20.3976817642
868 39 20.3976817642
869 39 20.3976817642
870 39 20.3976817642
871 39 20.3976817642
872 40 20.2347281463
873 40 20.2347281463
874 40 20.2347281463
875 40 20.2347281463
876 40 20.2347281463
877 40 20.2347281463
878 40 20.2347281463
879 40 20.2347281463
880 40 20.2347281463
881 40 20.2347281463
882 40 20.2347281463
883 40 20.2347281463
884 40 20.2347281463
885 40 20.2347281463
886 40 20.2347281463
887 40 20.2347281463
888 40 20.2347281463
889 40 20.2347281463
890 40 20.2347281463
891 40 20.2347281463
892 40 20.2347281463
893 40 20.2347281463
894 40 20.2347281463
895 40 20.2347281463
896 40 20.2347281463
897 40 20.2347281463
898 40 20.2347281463
899 40 20.2347281463
900 40 20.2347281463
901 40 20.2347281463
902 40 20.2347281463
903 40 20.2347281463
904 40 20.2347281463
905 40 20.2347281463
906 40 20.2347281463
907 40 20.2347281463
908 40 20.2347281463
909 40 20.2347281463
910 40 20.2347281463
911 40 20.2347281463
912 41 25.9613123766
913 41 25.9613123766
914 41 25.9613123766
915 41 25.9613123766
916 41 25.9613123766
917 41 25.9613123766
918 41 25.9613123766
919 41 25.9613123766
920 41 25.9613123766
921 41 25.9613123766
922 41 25.9613123766
923 41 25.9613123766
924 41 25.9613123766
925 41 25.9613123766
926 41 25.9613123766
927 41 25.9613123766
928 41 25.9613123766
929 41 25.9613123766
930 41 25.9613123766
931 41 25.9613123766
932 41 25.9613123766
933 41 25.9613123766
934 41 25.9613123766
935 41 25.9613123766
936 41 25.9613123766
937 41 25.9613123766
938 41 25.9613123766
939 41 25.9613123766
940 41 25.9613123766
941 41 25.9613123766
942 41 25.9613123766
943 41 25.9613123766
944 41 25.9613123766
945 41 25.9613123766
946 41 25.9613123766
947 41 25.9613123766
948 41 25.9613123766
949 41 25.9613123766
950 41 25.9613123766
951 41 25.9613123766
952 42 27.6179845324
953 42 27.6179845324
954 42 27.6179845324
955 42 27.6179845324
956 42 27.6179845324
957 42 27.6179845324
958 42 27.6179845324
959 42 27.6179845324
960 42 27.6179845324
961 42 27.6179845324
962 42 27.6179845324
963 42 27.6179845324
964 42 27.6179845324
965 42 27.6179845324
966 42 27.6179845324
967 42 27.6179845324
968 42 27.6179845324
969 42 27.6179845324
970 42 27.6179845324
971 42 27.6179845324
972 42 27.6179845324
973 42 27.6179845324
974 42 27.6179845324
975 42 27.6179845324
976 42 27.6179845324
977 42 27.6179845324
978 42 27.6179845324
979 42 27.6179845324
980 42 27.6179845324
981 42 27.6179845324
982 42 27.6179845324
983 42 27.6179845324
984 42 27.6179845324
985 42 27.6179845324
986 42 27.6179845324
987 42 27.6179845324
988 42 27.6179845324
989 42 27.6179845324
990 42 27.6179845324
991 42 27.6179845324
992 43 34.7067064777
993 43 34.7067064777
994 43 34.7067064777
995 43 34.7067064777
996 43 34.7067064777
997 43 34.7067064777
998 43 34.7067064777
999 43 34.7067064777
1000 43 34.7067064777
1001 43 34.7067064777
1002 43 34.7067064777
1003 43 34.7067064777
1004 43 34.7067064777
1005 43 34.7067064777
1006 43 34.7067064777
1007 43 34.7067064777
1008 43 34.7067064777
1009 43 34.7067064777
1010 43 34.7067064777
1011 43 34.7067064777
1012 43 34.7067064777
1013 43 34.7067064777
1014 43 34.7067064777
1015 43 34.7067064777
1016 43 34.7067064777
1017 43 34.7067064777
1018 43 34.7067064777
1019 43 34.7067064777
1020 43 34.7067064777
1021 43 34.7067064777
1022 43 34.7067064777
1023 43 34.7067064777
1024 43 34.7067064777
1025 43 34.7067064777
1026 43 34.7067064777
1027 43 34.7067064777
1028 43 34.7067064777
1029 43 34.7067064777
1030 43 34.7067064777
1031 43 34.7067064777
1032 44 33.3248232962
1033 44 33.3248232962
1034 44 33.3248232962
1035 44 33.3248232962
1036 44 33.3248232962
1037 44 33.3248232962
1038 44 33.3248232962
1039 44 33.3248232962
1040 44 33.3248232962
1041 44 33.3248232962
1042 44 33.3248232962
1043 44 33.3248232962
1044 44 33.3248232962
1045 44 33.3248232962
1046 44 33.3248232962
1047 44 33.3248232962
1048 44 33.3248232962
1049 44 33.3248232962
1050 44 33.3248232962
1051 44 33.3248232962
1052 44 33.3248232962
1053 44 33.3248232962
1054 44 33.3248232962
1055 44 33.3248232962
1056 44 33.3248232962
1057 44 33.3248232962
1058 44 33.3248232962
1059 44 33.3248232962
1060 44 33.3248232962
1061 44 33.3248232962
1062 44 33.3248232962
1063 44 33.3248232962
1064 44 33.3248232962
1065 44 33.3248232962
1066 44 33.3248232962
1067 44 33.3248232962
1068 44 33.3248232962
1069 44 33.3248232962
1070 44 33.3248232962
1071 44 33.3248232962
1072 45 39.2835034575
1073 45 39.2835034575
1074 45 39.2835034575
1075 45 39.2835034575
1076 45 39.2835034575
1077 45 39.2835034575
1078 45 39.2835034575
1079 45 39.2835034575
1080 45 39.2835034575
1081 45 39.2835034575
1082 45 39.2835034575
