1 0 6.94253911849
2 1 7.28635170955
3 2 7.9532278195
4 3 7.76139579441
5 4 7.30498615019
6 5 8.33674111646
7 6 9.26204324464
8 7 8.68101926393
9 8 8.69817991218
10 9 10.4575169594
11 10 10.9487721159
12 11 10.208190907
13 12 11.0733805619
14 13 13.0911012894
15 14 12.9965163915
16 15 12.1837159251
17 16 14.1742912045
18 17 15.6345668283
19 18 14.8639110902
20 19 15.2145841122
21 20 17.5869105724
22 21 18.065484225
23 22 17.0019863551
24 23 18.2403435921
25 24 20.4868846365
26 25 20.4823446224
27 26 19.4170386722
28 27 21.0901728785
29 28 23.3477674934
30 29 23.0650008618
31 30 22.4505843791
32 31 21.501406804
33 32 23.9994928118
34 33 24.9617094342
35 34 24.4330964575
36 35 25.9790152392
37 36 28.5075067446
38 37 30.7247547015
39 38 29.9674958221
40 39 31.5684321538
41 40 32.3003804415
42 41 33.1715709633
43 42 30.9336767437
44 43 30.6983030996
45 44 28.6387638135
46 45 28.0874569959
47 46 27.4723460646
48 47 26.4524998245
49 48 27.7036007611
50 49 28.0020196565
51 50 29.6990047235
52 51 28.9973537142
53 52 29.6072002563
54 53 28.1152249043
55 54 25.7651027067
56 55 25.8773730646
57 56 25.8895864205
58 57 23.7063174919
59 58 22.2793790464
60 59 22.6467925315
61 60 21.9417826894
62 61 19.7848383034
63 62 19.0928495727
64 63 19.6643668699
65 64 17.7361846217
66 65 16.0917657385
67 66 16.7636593091
68 67 16.1948683439
69 68 14.0534123951
70 69 13.4748291406
71 70 14.0536806693
72 71 12.6399188019
73 72 10.9158533128
74 73 11.3684339621
75 74 11.2915376458
76 75 9.42838045215
77 76 8.89356912422
78 77 9.938790592
79 78 8.842147936
80 79 7.5908080074
81 80 7.36843366486
82 81 8.21597347736
83 82 8.48438063387
84 83 10.3622254367
85 84 10.2370066717
86 85 10.7395557018
87 86 10.5938337759
88 87 12.9703233807
89 88 12.3617432887
90 89 10.4558522893
91 90 12.1975378996
92 91 13.5903796254
93 92 11.7615244831
94 93 11.6779266815
95 94 14.1532395664
96 95 13.9203405566
97 96 12.1297972693
98 97 13.7819996213
99 98 15.5302975302
100 99 13.930670511
101 100 13.5306960607
102 101 16.0716570836
103 102 15.9799786029
104 103 13.7914555404
105 104 15.1129786756
106 105 17.1673826732
107 106 15.5567872996
108 107 14.467552317
109 108 16.8535670934
110 109 17.3883218276
111 110 14.8710715539
112 111 15.3966038877
113 112 17.8801132554
114 113 16.9022384201
115 114 14.8567558299
116 115 16.8319965963
117 116 18.3893444633
118 117 16.4070407822
119 118 16.0241127856
120 119 18.6080699292
121 120 18.2459599669
122 121 16.3107278454
123 122 17.9065791344
124 123 19.7101452838
125 124 18.2195598851
126 125 17.5384969431
127 126 20.0740912135
128 127 20.4986697894
129 128 9.05040918184
130 128 9.05040918184
131 128 9.05040918184
132 128 9.05040918184
133 128 9.05040918184
134 128 9.05040918184
135 128 9.05040918184
136 128 9.05040918184
137 128 9.05040918184
138 128 9.05040918184
139 128 9.05040918184
140 128 9.05040918184
