1 0 10.4984094309
2 0 10.4984094309
3 0 10.4984094309
4 0 10.4984094309
5 0 10.4984094309
6 0 10.4984094309
7 0 10.4984094309
8 0 10.4984094309
9 0 10.4984094309
10 0 10.4984094309
11 0 10.4984094309
12 0 10.4984094309
13 0 10.4984094309
14 0 10.4984094309
15 0 10.4984094309
16 0 10.4984094309
17 0 10.4984094309
18 0 10.4984094309
19 0 10.4984094309
20 0 10.4984094309
21 1 11.3012279808
22 1 11.3012279808
23 1 11.3012279808
24 1 11.3012279808
25 1 11.3012279808
26 1 11.3012279808
27 1 11.3012279808
28 1 11.3012279808
29 1 11.3012279808
30 1 11.3012279808
31 1 11.3012279808
32 1 11.3012279808
33 1 11.3012279808
34 1 11.3012279808
35 1 11.3012279808
36 1 11.3012279808
37 2 13.0093848725
38 3 11.1207560649
39 4 10.3870322939
40 5 11.8794554472
41 6 11.8040853205
42 7 9.87034602568
43 8 10.3193507477
44 9 11.7483129528
45 10 10.5176085036
46 11 9.42713482134
47 12 11.1125626341
48 13 11.6554692486
49 14 9.84912781978
50 15 10.2373675326
51 16 11.9809419123
52 17 11.3050327019
53 18 10.18475102
54 19 11.716781394
55 20 12.6638483425
56 21 11.2123424049
57 22 11.2164091527
58 23 13.1159998795
59 24 13.7007665977
60 25 14.666010563
61 26 15.4994871034
62 27 14.6166279047
63 28 14.828806116
64 29 13.6933871872
65 30 12.3925386073
66 31 11.9772452643
67 32 10.5707778081
68 33 11.5638825696
69 34 10.8999602747
70 35 9.06293121627
71 36 9.28906405291
72 37 10.1196065118
73 38 8.74663333078
74 39 7.86634757727
75 40 9.15720712137
76 41 9.24000351473
77 42 7.61670867404
78 43 7.97422934768
79 44 9.310014807
80 45 8.32464218123
81 46 7.60095289263
82 47 9.04875589851
83 48 9.55768769775
84 49 8.2246724231
85 50 8.80752719796
86 51 10.3521111454
87 52 9.607021244
88 53 9.24006807679
89 54 10.7361884048
90 55 10.2843521986
91 56 8.73499585078
92 57 9.63470084051
93 58 10.488399741
94 59 8.96644816085
95 60 8.77315044899
96 61 10.0836308388
97 62 9.52844001371
98 63 8.2290917816
99 64 9.33573126738
100 65 10.0456047348
101 66 8.61868557867
102 67 8.25067308203
103 68 9.67535237037
104 69 9.40389847974
105 70 7.94688374715
106 71 8.80199565193
107 72 9.85763390302
108 73 8.70027591041
109 74 8.18801755779
110 75 9.7094135841
111 76 9.59126384662
112 77 8.02620993224
113 78 8.7979749396
114 79 9.92466892141
115 80 8.75948298844
116 81 8.07636997576
117 82 9.65262045379
118 83 9.70650707214
119 84 8.14892516248
120 85 8.84551407757
121 86 10.2224860687
122 87 9.10426118661
123 88 8.43536406355
124 89 10.108519991
125 90 10.3003932769
126 91 8.71155366957
127 92 8.15228451494
128 93 12.4961037196
129 93 12.4961037196
130 93 12.4961037196
131 93 12.4961037196
132 94 16.0500010743
133 94 16.0500010743
134 94 16.0500010743
135 94 16.0500010743
136 94 16.0500010743
137 94 16.0500010743
138 94 16.0500010743
139 94 16.0500010743
140 94 16.0500010743
141 94 16.0500010743
142 94 16.0500010743
143 94 16.0500010743
144 94 16.0500010743
145 94 16.0500010743
146 94 16.0500010743
147 94 16.0500010743
148 94 16.0500010743
149 94 16.0500010743
150 94 16.0500010743
151 94 16.0500010743
152 95 14.3131926543
153 95 14.3131926543
154 95 14.3131926543
155 95 14.3131926543
156 95 14.3131926543
157 95 14.3131926543
158 95 14.3131926543
159 95 14.3131926543
160 95 14.3131926543
161 95 14.3131926543
162 95 14.3131926543
163 95 14.3131926543
164 95 14.3131926543
165 95 14.3131926543
166 95 14.3131926543
167 95 14.3131926543
168 95 14.3131926543
169 95 14.3131926543
170 95 14.3131926543
171 95 14.3131926543
172 96 27.6553693194
173 96 27.6553693194
174 96 27.6553693194
175 96 27.6553693194
176 96 27.6553693194
177 96 27.6553693194
178 96 27.6553693194
179 96 27.6553693194
180 96 27.6553693194
181 96 27.6553693194
182 96 27.6553693194
183 96 27.6553693194
184 96 27.6553693194
185 96 27.6553693194
186 96 27.6553693194
187 96 27.6553693194
188 96 27.6553693194
189 96 27.6553693194
190 96 27.6553693194
191 96 27.6553693194
192 97 39.5269407688
193 97 39.5269407688
194 97 39.5269407688
195 97 39.5269407688
196 97 39.5269407688
197 97 39.5269407688
198 97 39.5269407688
199 97 39.5269407688
200 97 39.5269407688
201 97 39.5269407688
202 97 39.5269407688
203 97 39.5269407688
204 97 39.5269407688
205 97 39.5269407688
206 97 39.5269407688
207 97 39.5269407688
208 97 39.5269407688
209 97 39.5269407688
210 97 39.5269407688
211 97 39.5269407688
212 98 47.6307983172
213 98 47.6307983172
214 98 47.6307983172
215 98 47.6307983172
216 98 47.6307983172
217 98 47.6307983172
218 98 47.6307983172
219 98 47.6307983172
220 98 47.6307983172
221 98 47.6307983172
222 98 47.6307983172
223 98 47.6307983172
224 98 47.6307983172
225 98 47.6307983172
226 98 47.6307983172
227 98 47.6307983172
228 98 47.6307983172
229 98 47.6307983172
230 98 47.6307983172
231 98 47.6307983172
232 99 50.0609455481
233 99 50.0609455481
234 99 50.0609455481
235 99 50.0609455481
236 99 50.0609455481
237 99 50.0609455481
238 99 50.0609455481
239 99 50.0609455481
240 99 50.0609455481
241 99 50.0609455481
242 99 50.0609455481
243 99 50.0609455481
244 99 50.0609455481
245 99 50.0609455481
246 99 50.0609455481
247 99 50.0609455481
248 99 50.0609455481
249 99 50.0609455481
250 99 50.0609455481
251 99 50.0609455481
252 100 46.988168565
253 100 46.988168565
254 100 46.988168565
255 100 46.988168565
256 100 46.988168565
257 100 46.988168565
258 100 46.988168565
259 100 46.988168565
260 100 46.988168565
261 100 46.988168565
262 100 46.988168565
263 100 46.988168565
264 100 46.988168565
265 100 46.988168565
266 100 46.988168565
267 100 46.988168565
268 100 46.988168565
269 100 46.988168565
270 100 46.988168565
271 100 46.988168565
272 101 57.6179402736
273 101 57.6179402736
274 101 57.6179402736
275 101 57.6179402736
276 101 57.6179402736
277 101 57.6179402736
278 101 57.6179402736
279 101 57.6179402736
280 101 57.6179402736
281 101 57.6179402736
282 101 57.6179402736
283 101 57.6179402736
284 101 57.6179402736
