1 0 45.2721776423
2 0 45.2721776423
3 0 45.2721776423
4 0 45.2721776423
5 0 45.2721776423
6 0 45.2721776423
7 0 45.2721776423
8 0 45.2721776423
9 0 45.2721776423
10 0 45.2721776423
11 0 45.2721776423
12 0 45.2721776423
13 0 45.2721776423
14 0 45.2721776423
15 0 45.2721776423
16 0 45.2721776423
17 0 45.2721776423
18 0 45.2721776423
19 0 45.2721776423
20 0 45.2721776423
21 0 45.2721776423
22 0 45.2721776423
23 0 45.2721776423
24 0 45.2721776423
25 0 45.2721776423
26 0 45.2721776423
27 0 45.2721776423
28 0 45.2721776423
29 0 45.2721776423
30 0 45.2721776423
31 0 45.2721776423
32 0 45.2721776423
33 0 45.2721776423
34 0 45.2721776423
35 0 45.2721776423
36 0 45.2721776423
37 0 45.2721776423
38 0 45.2721776423
39 0 45.2721776423
40 0 45.2721776423
41 1 47.4793738527
42 1 47.4793738527
43 1 47.4793738527
44 1 47.4793738527
45 1 47.4793738527
46 1 47.4793738527
47 1 47.4793738527
48 1 47.4793738527
49 1 47.4793738527
50 1 47.4793738527
51 1 47.4793738527
52 1 47.4793738527
53 1 47.4793738527
54 1 47.4793738527
55 1 47.4793738527
56 1 47.4793738527
57 1 47.4793738527
58 1 47.4793738527
59 1 47.4793738527
60 1 47.4793738527
61 1 47.4793738527
62 1 47.4793738527
63 1 47.4793738527
64 1 47.4793738527
65 1 47.4793738527
66 1 47.4793738527
67 1 47.4793738527
68 1 47.4793738527
69 1 47.4793738527
70 1 47.4793738527
71 1 47.4793738527
72 1 47.4793738527
73 1 47.4793738527
74 1 47.4793738527
75 1 47.4793738527
76 1 47.4793738527
77 1 47.4793738527
78 1 47.4793738527
79 1 47.4793738527
80 1 47.4793738527
81 2 53.8353102339
82 2 53.8353102339
83 2 53.8353102339
84 2 53.8353102339
85 2 53.8353102339
86 2 53.8353102339
87 2 53.8353102339
88 2 53.8353102339
89 2 53.8353102339
90 2 53.8353102339
91 2 53.8353102339
92 2 53.8353102339
93 2 53.8353102339
94 2 53.8353102339
95 2 53.8353102339
96 2 53.8353102339
97 2 53.8353102339
98 2 53.8353102339
99 2 53.8353102339
100 2 53.8353102339
101 2 53.8353102339
102 2 53.8353102339
103 2 53.8353102339
104 2 53.8353102339
105 2 53.8353102339
106 2 53.8353102339
107 2 53.8353102339
108 2 53.8353102339
109 2 53.8353102339
110 2 53.8353102339
111 2 53.8353102339
112 2 53.8353102339
113 2 53.8353102339
114 2 53.8353102339
115 2 53.8353102339
116 2 53.8353102339
117 2 53.8353102339
118 2 53.8353102339
119 2 53.8353102339
120 2 53.8353102339
121 3 58.296295703
122 3 58.296295703
123 3 58.296295703
124 3 58.296295703
125 3 58.296295703
126 3 58.296295703
127 3 58.296295703
128 3 58.296295703
129 3 58.296295703
130 3 58.296295703
131 3 58.296295703
132 3 58.296295703
133 3 58.296295703
134 3 58.296295703
135 3 58.296295703
136 3 58.296295703
137 3 58.296295703
138 3 58.296295703
139 3 58.296295703
140 3 58.296295703
141 3 58.296295703
142 3 58.296295703
143 3 58.296295703
144 3 58.296295703
145 3 58.296295703
146 3 58.296295703
147 3 58.296295703
148 3 58.296295703
149 3 58.296295703
150 3 58.296295703
151 3 58.296295703
152 3 58.296295703
153 3 58.296295703
154 3 58.296295703
155 3 58.296295703
156 3 58.296295703
157 3 58.296295703
158 3 58.296295703
159 3 58.296295703
160 3 58.296295703
161 4 71.0423364895
162 4 71.0423364895
163 4 71.0423364895
164 4 71.0423364895
165 4 71.0423364895
166 4 71.0423364895
167 4 71.0423364895
168 4 71.0423364895
169 4 71.0423364895
170 4 71.0423364895
171 4 71.0423364895
172 4 71.0423364895
173 4 71.0423364895
174 4 71.0423364895
175 4 71.0423364895
176 4 71.0423364895
177 4 71.0423364895
178 4 71.0423364895
179 4 71.0423364895
180 4 71.0423364895
181 4 71.0423364895
182 4 71.0423364895
183 4 71.0423364895
184 4 71.0423364895
185 4 71.0423364895
186 4 71.0423364895
187 4 71.0423364895
188 4 71.0423364895
189 4 71.0423364895
190 4 71.0423364895
191 4 71.0423364895
192 4 71.0423364895
193 4 71.0423364895
194 4 71.0423364895
195 4 71.0423364895
196 4 71.0423364895
197 4 71.0423364895
198 4 71.0423364895
199 4 71.0423364895
200 4 71.0423364895
201 5 70.2561163172
202 5 70.2561163172
203 5 70.2561163172
204 5 70.2561163172
205 5 70.2561163172
206 5 70.2561163172
207 5 70.2561163172
208 5 70.2561163172
209 5 70.2561163172
210 5 70.2561163172
211 5 70.2561163172
212 5 70.2561163172
213 5 70.2561163172
214 5 70.2561163172
215 5 70.2561163172
216 5 70.2561163172
217 5 70.2561163172
218 5 70.2561163172
219 5 70.2561163172
220 5 70.2561163172
221 5 70.2561163172
222 5 70.2561163172
223 5 70.2561163172
224 5 70.2561163172
225 5 70.2561163172
226 5 70.2561163172
227 5 70.2561163172
228 5 70.2561163172
229 5 70.2561163172
230 5 70.2561163172
231 5 70.2561163172
232 5 70.2561163172
233 5 70.2561163172
234 5 70.2561163172
235 5 70.2561163172
236 5 70.2561163172
237 5 70.2561163172
238 5 70.2561163172
239 5 70.2561163172
240 5 70.2561163172
241 6 75.2755594855
242 6 75.2755594855
243 6 75.2755594855
244 6 75.2755594855
245 6 75.2755594855
246 6 75.2755594855
247 6 75.2755594855
248 6 75.2755594855
249 6 75.2755594855
250 6 75.2755594855
251 6 75.2755594855
252 6 75.2755594855
253 6 75.2755594855
254 6 75.2755594855
255 6 75.2755594855
256 6 75.2755594855
257 6 75.2755594855
258 6 75.2755594855
259 6 75.2755594855
260 6 75.2755594855
261 6 75.2755594855
262 6 75.2755594855
263 6 75.2755594855
264 6 75.2755594855
265 6 75.2755594855
266 6 75.2755594855
267 6 75.2755594855
268 6 75.2755594855
269 6 75.2755594855
270 6 75.2755594855
271 6 75.2755594855
272 6 75.2755594855
273 6 75.2755594855
274 6 75.2755594855
275 6 75.2755594855
276 6 75.2755594855
277 6 75.2755594855
278 6 75.2755594855
279 6 75.2755594855
280 6 75.2755594855
281 7 59.0859455731
282 7 59.0859455731
283 7 59.0859455731
284 7 59.0859455731
285 7 59.0859455731
286 7 59.0859455731
287 7 59.0859455731
288 7 59.0859455731
289 7 59.0859455731
290 7 59.0859455731
291 7 59.0859455731
292 7 59.0859455731
293 7 59.0859455731
294 7 59.0859455731
295 7 59.0859455731
296 7 59.0859455731
297 7 59.0859455731
298 7 59.0859455731
299 7 59.0859455731
300 7 59.0859455731
301 7 59.0859455731
302 7 59.0859455731
303 7 59.0859455731
304 7 59.0859455731
305 7 59.0859455731
306 7 59.0859455731
307 7 59.0859455731
308 7 59.0859455731
309 7 59.0859455731
310 7 59.0859455731
311 7 59.0859455731
312 7 59.0859455731
313 7 59.0859455731
314 7 59.0859455731
315 7 59.0859455731
316 7 59.0859455731
317 7 59.0859455731
318 7 59.0859455731
319 7 59.0859455731
320 7 59.0859455731
321 8 62.7246385439
322 8 62.7246385439
323 8 62.7246385439
324 8 62.7246385439
325 8 62.7246385439
326 8 62.7246385439
327 8 62.7246385439
328 8 62.7246385439
329 8 62.7246385439
330 8 62.7246385439
331 8 62.7246385439
332 8 62.7246385439
333 8 62.7246385439
334 8 62.7246385439
335 8 62.7246385439
336 8 62.7246385439
337 8 62.7246385439
338 8 62.7246385439
339 8 62.7246385439
340 8 62.7246385439
341 8 62.7246385439
342 8 62.7246385439
343 8 62.7246385439
344 8 62.7246385439
345 8 62.7246385439
346 8 62.7246385439
347 8 62.7246385439
348 8 62.7246385439
349 8 62.7246385439
350 8 62.7246385439
351 8 62.7246385439
352 8 62.7246385439
353 8 62.7246385439
354 8 62.7246385439
355 8 62.7246385439
356 8 62.7246385439
357 8 62.7246385439
358 8 62.7246385439
359 8 62.7246385439
360 8 62.7246385439
361 9 64.935219862
362 9 64.935219862
363 9 64.935219862
364 9 64.935219862
365 9 64.935219862
366 9 64.935219862
367 9 64.935219862
368 9 64.935219862
369 9 64.935219862
370 9 64.935219862
371 9 64.935219862
372 9 64.935219862
373 9 64.935219862
374 9 64.935219862
375 9 64.935219862
376 9 64.935219862
377 9 64.935219862
378 9 64.935219862
379 9 64.935219862
380 9 64.935219862
381 9 64.935219862
382 9 64.935219862
383 9 64.935219862
384 9 64.935219862
385 9 64.935219862
386 9 64.935219862
387 9 64.935219862
388 9 64.935219862
389 9 64.935219862
390 9 64.935219862
391 9 64.935219862
392 9 64.935219862
393 9 64.935219862
394 9 64.935219862
395 9 64.935219862
396 9 64.935219862
397 9 64.935219862
398 9 64.935219862
399 9 64.935219862
400 9 64.935219862
401 10 71.8781320045
402 10 71.8781320045
403 10 71.8781320045
404 10 71.8781320045
405 10 71.8781320045
406 10 71.8781320045
407 10 71.8781320045
408 10 71.8781320045
409 10 71.8781320045
410 10 71.8781320045
411 10 71.8781320045
412 10 71.8781320045
413 10 71.8781320045
414 10 71.8781320045
415 10 71.8781320045
416 10 71.8781320045
417 10 71.8781320045
418 10 71.8781320045
419 10 71.8781320045
420 10 71.8781320045
421 10 71.8781320045
422 10 71.8781320045
423 10 71.8781320045
424 10 71.8781320045
425 10 71.8781320045
426 10 71.8781320045
427 10 71.8781320045
428 10 71.8781320045
429 10 71.8781320045
430 10 71.8781320045
431 10 71.8781320045
432 10 71.8781320045
433 10 71.8781320045
434 10 71.8781320045
435 10 71.8781320045
436 10 71.8781320045
437 10 71.8781320045
438 10 71.8781320045
439 10 71.8781320045
440 10 71.8781320045
441 11 55.4415070442
442 11 55.4415070442
443 11 55.4415070442
444 11 55.4415070442
445 11 55.4415070442
446 11 55.4415070442
447 11 55.4415070442
448 11 55.4415070442
449 11 55.4415070442
450 11 55.4415070442
451 11 55.4415070442
452 11 55.4415070442
453 11 55.4415070442
454 11 55.4415070442
455 11 55.4415070442
456 11 55.4415070442
457 11 55.4415070442
458 11 55.4415070442
459 11 55.4415070442
460 11 55.4415070442
461 11 55.4415070442
462 11 55.4415070442
463 11 55.4415070442
464 11 55.4415070442
465 11 55.4415070442
466 11 55.4415070442
467 11 55.4415070442
468 11 55.4415070442
469 11 55.4415070442
470 11 55.4415070442
471 11 55.4415070442
472 11 55.4415070442
473 11 55.4415070442
474 11 55.4415070442
475 11 55.4415070442
476 11 55.4415070442
477 11 55.4415070442
478 11 55.4415070442
479 11 55.4415070442
480 11 55.4415070442
481 12 53.747105552
482 12 53.747105552
483 12 53.747105552
484 12 53.747105552
485 12 53.747105552
486 12 53.747105552
487 12 53.747105552
488 12 53.747105552
489 12 53.747105552
490 12 53.747105552
491 12 53.747105552
492 12 53.747105552
493 12 53.747105552
494 12 53.747105552
495 12 53.747105552
496 12 53.747105552
497 12 53.747105552
498 12 53.747105552
499 12 53.747105552
500 12 53.747105552
501 12 53.747105552
502 12 53.747105552
503 12 53.747105552
504 12 53.747105552
505 12 53.747105552
506 12 53.747105552
507 12 53.747105552
508 12 53.747105552
509 12 53.747105552
510 12 53.747105552
511 12 53.747105552
512 12 53.747105552
513 12 53.747105552
514 12 53.747105552
515 12 53.747105552
516 12 53.747105552
517 12 53.747105552
518 12 53.747105552
519 12 53.747105552
520 12 53.747105552
521 13 47.6265149316
522 13 47.6265149316
523 13 47.6265149316
524 13 47.6265149316
525 13 47.6265149316
526 13 47.6265149316
527 13 47.6265149316
528 13 47.6265149316
529 13 47.6265149316
530 13 47.6265149316
531 13 47.6265149316
532 13 47.6265149316
533 13 47.6265149316
534 13 47.6265149316
535 13 47.6265149316
536 13 47.6265149316
537 13 47.6265149316
538 13 47.6265149316
539 13 47.6265149316
540 13 47.6265149316
541 13 47.6265149316
542 13 47.6265149316
543 13 47.6265149316
544 13 47.6265149316
545 13 47.6265149316
546 13 47.6265149316
547 13 47.6265149316
548 13 47.6265149316
549 13 47.6265149316
550 13 47.6265149316
551 13 47.6265149316
552 13 47.6265149316
553 13 47.6265149316
554 13 47.6265149316
555 13 47.6265149316
556 13 47.6265149316
557 13 47.6265149316
558 13 47.6265149316
559 13 47.6265149316
560 13 47.6265149316
561 14 31.9419309716
562 14 31.9419309716
563 14 31.9419309716
564 14 31.9419309716
565 14 31.9419309716
566 14 31.9419309716
567 14 31.9419309716
568 14 31.9419309716
569 14 31.9419309716
570 14 31.9419309716
571 14 31.9419309716
572 14 31.9419309716
573 14 31.9419309716
574 14 31.9419309716
575 14 31.9419309716
576 14 31.9419309716
577 14 31.9419309716
578 14 31.9419309716
579 14 31.9419309716
580 14 31.9419309716
581 14 31.9419309716
582 14 31.9419309716
583 14 31.9419309716
584 14 31.9419309716
585 14 31.9419309716
586 14 31.9419309716
587 14 31.9419309716
588 14 31.9419309716
589 14 31.9419309716
590 14 31.9419309716
591 14 31.9419309716
592 14 31.9419309716
593 14 31.9419309716
594 14 31.9419309716
595 14 31.9419309716
596 14 31.9419309716
597 14 31.9419309716
598 14 31.9419309716
599 14 31.9419309716
600 14 31.9419309716
601 15 29.0846754232
602 15 29.0846754232
603 15 29.0846754232
604 15 29.0846754232
605 15 29.0846754232
606 15 29.0846754232
607 15 29.0846754232
608 15 29.0846754232
609 15 29.0846754232
610 15 29.0846754232
611 15 29.0846754232
612 15 29.0846754232
613 15 29.0846754232
614 15 29.0846754232
615 15 29.0846754232
616 15 29.0846754232
617 15 29.0846754232
618 15 29.0846754232
619 15 29.0846754232
620 15 29.0846754232
621 15 29.0846754232
622 15 29.0846754232
623 15 29.0846754232
624 15 29.0846754232
625 15 29.0846754232
626 15 29.0846754232
627 15 29.0846754232
628 15 29.0846754232
629 15 29.0846754232
630 15 29.0846754232
631 15 29.0846754232
632 15 29.0846754232
633 15 29.0846754232
634 15 29.0846754232
635 15 29.0846754232
636 15 29.0846754232
637 15 29.0846754232
638 15 29.0846754232
639 15 29.0846754232
640 15 29.0846754232
641 16 40.0736204131
642 16 40.0736204131
643 16 40.0736204131
644 16 40.0736204131
645 16 40.0736204131
646 16 40.0736204131
647 16 40.0736204131
648 16 40.0736204131
649 16 40.0736204131
650 16 40.0736204131
651 16 40.0736204131
652 16 40.0736204131
653 16 40.0736204131
654 16 40.0736204131
655 16 40.0736204131
656 16 40.0736204131
657 16 40.0736204131
658 16 40.0736204131
659 16 40.0736204131
660 16 40.0736204131
661 16 40.0736204131
662 16 40.0736204131
663 16 40.0736204131
664 16 40.0736204131
665 16 40.0736204131
666 16 40.0736204131
667 16 40.0736204131
668 16 40.0736204131
669 16 40.0736204131
670 16 40.0736204131
671 16 40.0736204131
672 16 40.0736204131
673 16 40.0736204131
674 16 40.0736204131
675 16 40.0736204131
676 16 40.0736204131
677 16 40.0736204131
678 16 40.0736204131
679 16 40.0736204131
680 16 40.0736204131
681 17 47.418768328
682 17 47.418768328
683 17 47.418768328
684 17 47.418768328
685 17 47.418768328
686 17 47.418768328
687 17 47.418768328
688 17 47.418768328
689 17 47.418768328
690 17 47.418768328
691 17 47.418768328
692 17 47.418768328
693 17 47.418768328
694 17 47.418768328
695 17 47.418768328
696 17 47.418768328
697 17 47.418768328
698 17 47.418768328
699 17 47.418768328
700 17 47.418768328
701 17 47.418768328
702 17 47.418768328
703 17 47.418768328
704 17 47.418768328
705 17 47.418768328
706 17 47.418768328
707 17 47.418768328
708 17 47.418768328
709 17 47.418768328
710 17 47.418768328
711 17 47.418768328
712 17 47.418768328
713 17 47.418768328
714 17 47.418768328
715 17 47.418768328
716 17 47.418768328
717 17 47.418768328
718 17 47.418768328
719 17 47.418768328
720 17 47.418768328
721 18 29.143984866
722 18 29.143984866
723 18 29.143984866
724 18 29.143984866
725 18 29.143984866
726 18 29.143984866
727 18 29.143984866
728 18 29.143984866
729 18 29.143984866
730 18 29.143984866
731 18 29.143984866
732 18 29.143984866
733 18 29.143984866
734 18 29.143984866
735 18 29.143984866
736 18 29.143984866
737 18 29.143984866
738 18 29.143984866
739 18 29.143984866
740 18 29.143984866
741 18 29.143984866
742 18 29.143984866
743 18 29.143984866
744 18 29.143984866
745 18 29.143984866
746 18 29.143984866
747 18 29.143984866
748 18 29.143984866
749 18 29.143984866
750 18 29.143984866
751 18 29.143984866
752 18 29.143984866
753 18 29.143984866
754 18 29.143984866
755 18 29.143984866
756 18 29.143984866
757 18 29.143984866
758 18 29.143984866
759 18 29.143984866
760 18 29.143984866
761 19 24.4537156011
762 19 24.4537156011
763 19 24.4537156011
764 19 24.4537156011
765 19 24.4537156011
766 19 24.4537156011
767 19 24.4537156011
768 19 24.4537156011
769 19 24.4537156011
770 19 24.4537156011
771 19 24.4537156011
772 19 24.4537156011
773 19 24.4537156011
774 19 24.4537156011
775 19 24.4537156011
776 19 24.4537156011
777 19 24.4537156011
778 19 24.4537156011
779 19 24.4537156011
780 19 24.4537156011
781 19 24.4537156011
782 19 24.4537156011
783 19 24.4537156011
784 19 24.4537156011
785 19 24.4537156011
786 19 24.4537156011
787 19 24.4537156011
788 19 24.4537156011
789 19 24.4537156011
790 19 24.4537156011
791 19 24.4537156011
792 19 24.4537156011
793 19 24.4537156011
794 19 24.4537156011
795 19 24.4537156011
796 19 24.4537156011
797 19 24.4537156011
798 19 24.4537156011
799 19 24.4537156011
800 19 24.4537156011
801 20 23.2825549285
802 20 23.2825549285
803 20 23.2825549285
804 20 23.2825549285
805 20 23.2825549285
806 20 23.2825549285
807 20 23.2825549285
808 20 23.2825549285
809 20 23.2825549285
810 20 23.2825549285
811 20 23.2825549285
812 20 23.2825549285
813 20 23.2825549285
814 20 23.2825549285
815 20 23.2825549285
816 20 23.2825549285
817 20 23.2825549285
818 20 23.2825549285
819 20 23.2825549285
820 20 23.2825549285
821 20 23.2825549285
822 20 23.2825549285
823 20 23.2825549285
824 20 23.2825549285
825 20 23.2825549285
826 20 23.2825549285
827 20 23.2825549285
828 20 23.2825549285
829 20 23.2825549285
830 20 23.2825549285
831 20 23.2825549285
832 20 23.2825549285
833 20 23.2825549285
834 20 23.2825549285
835 20 23.2825549285
836 20 23.2825549285
837 20 23.2825549285
838 20 23.2825549285
839 20 23.2825549285
840 20 23.2825549285
841 21 19.3287528149
842 21 19.3287528149
843 21 19.3287528149
844 21 19.3287528149
845 21 19.3287528149
846 21 19.3287528149
847 21 19.3287528149
848 21 19.3287528149
849 21 19.3287528149
850 21 19.3287528149
851 21 19.3287528149
852 21 19.3287528149
853 21 19.3287528149
854 21 19.3287528149
855 21 19.3287528149
856 21 19.3287528149
857 21 19.3287528149
858 21 19.3287528149
859 21 19.3287528149
860 21 19.3287528149
861 21 19.3287528149
862 21 19.3287528149
863 21 19.3287528149
864 21 19.3287528149
865 21 19.3287528149
866 21 19.3287528149
867 21 19.3287528149
868 21 19.3287528149
869 21 19.3287528149
870 21 19.3287528149
871 21 19.3287528149
872 21 19.3287528149
873 21 19.3287528149
874 21 19.3287528149
875 21 19.3287528149
876 21 19.3287528149
877 21 19.3287528149
878 21 19.3287528149
879 21 19.3287528149
880 21 19.3287528149
881 22 10.0623270699
882 22 10.0623270699
883 22 10.0623270699
884 22 10.0623270699
885 22 10.0623270699
886 22 10.0623270699
887 22 10.0623270699
888 22 10.0623270699
889 22 10.0623270699
890 22 10.0623270699
891 22 10.0623270699
892 22 10.0623270699
893 22 10.0623270699
894 22 10.0623270699
895 22 10.0623270699
896 22 10.0623270699
897 22 10.0623270699
898 22 10.0623270699
899 22 10.0623270699
900 22 10.0623270699
901 22 10.0623270699
902 22 10.0623270699
903 22 10.0623270699
904 22 10.0623270699
905 22 10.0623270699
906 22 10.0623270699
907 22 10.0623270699
908 22 10.0623270699
909 22 10.0623270699
910 22 10.0623270699
911 22 10.0623270699
912 22 10.0623270699
913 22 10.0623270699
914 22 10.0623270699
915 22 10.0623270699
916 22 10.0623270699
917 22 10.0623270699
918 22 10.0623270699
919 22 10.0623270699
920 22 10.0623270699
921 23 17.8445924659
922 23 17.8445924659
923 23 17.8445924659
924 23 17.8445924659
925 23 17.8445924659
926 23 17.8445924659
927 23 17.8445924659
928 23 17.8445924659
929 23 17.8445924659
930 23 17.8445924659
931 23 17.8445924659
932 23 17.8445924659
933 23 17.8445924659
934 23 17.8445924659
935 23 17.8445924659
936 23 17.8445924659
937 23 17.8445924659
938 23 17.8445924659
939 23 17.8445924659
940 23 17.8445924659
941 23 17.8445924659
942 23 17.8445924659
943 23 17.8445924659
944 23 17.8445924659
945 23 17.8445924659
946 23 17.8445924659
947 23 17.8445924659
948 23 17.8445924659
949 23 17.8445924659
950 23 17.8445924659
951 23 17.8445924659
952 23 17.8445924659
953 23 17.8445924659
954 23 17.8445924659
955 23 17.8445924659
956 23 17.8445924659
957 23 17.8445924659
958 23 17.8445924659
959 23 17.8445924659
960 23 17.8445924659
961 24 33.6893264075
962 24 33.6893264075
963 24 33.6893264075
964 24 33.6893264075
965 24 33.6893264075
966 24 33.6893264075
967 24 33.6893264075
968 24 33.6893264075
969 24 33.6893264075
970 24 33.6893264075
971 24 33.6893264075
972 24 33.6893264075
973 24 33.6893264075
974 24 33.6893264075
975 24 33.6893264075
976 24 33.6893264075
977 24 33.6893264075
978 24 33.6893264075
979 24 33.6893264075
980 24 33.6893264075
981 24 33.6893264075
982 24 33.6893264075
983 24 33.6893264075
984 24 33.6893264075
985 24 33.6893264075
986 24 33.6893264075
987 24 33.6893264075
988 24 33.6893264075
989 24 33.6893264075
990 24 33.6893264075
991 24 33.6893264075
992 24 33.6893264075
993 24 33.6893264075
994 24 33.6893264075
995 24 33.6893264075
996 24 33.6893264075
997 24 33.6893264075
998 24 33.6893264075
999 24 33.6893264075
1000 24 33.6893264075
1001 25 33.7841564029
1002 25 33.7841564029
1003 25 33.7841564029
1004 25 33.7841564029
1005 25 33.7841564029
1006 25 33.7841564029
1007 25 33.7841564029
1008 25 33.7841564029
1009 25 33.7841564029
1010 25 33.7841564029
1011 25 33.7841564029
1012 25 33.7841564029
1013 25 33.7841564029
1014 25 33.7841564029
1015 25 33.7841564029
1016 25 33.7841564029
1017 25 33.7841564029
1018 25 33.7841564029
1019 25 33.7841564029
1020 25 33.7841564029
1021 25 33.7841564029
1022 25 33.7841564029
1023 25 33.7841564029
1024 25 33.7841564029
1025 25 33.7841564029
1026 25 33.7841564029
1027 25 33.7841564029
1028 25 33.7841564029
1029 25 33.7841564029
1030 25 33.7841564029
1031 25 33.7841564029
1032 25 33.7841564029
1033 25 33.7841564029
1034 25 33.7841564029
1035 25 33.7841564029
1036 25 33.7841564029
1037 25 33.7841564029
1038 25 33.7841564029
1039 25 33.7841564029
1040 25 33.7841564029
1041 26 36.1565818588
1042 26 36.1565818588
1043 26 36.1565818588
1044 26 36.1565818588
1045 26 36.1565818588
1046 26 36.1565818588
1047 26 36.1565818588
1048 26 36.1565818588
1049 26 36.1565818588
1050 26 36.1565818588
1051 26 36.1565818588
1052 26 36.1565818588
1053 26 36.1565818588
1054 26 36.1565818588
1055 26 36.1565818588
1056 26 36.1565818588
1057 26 36.1565818588
1058 26 36.1565818588
1059 26 36.1565818588
1060 26 36.1565818588
1061 26 36.1565818588
1062 26 36.1565818588
1063 26 36.1565818588
1064 26 36.1565818588
1065 26 36.1565818588
1066 26 36.1565818588
1067 26 36.1565818588
1068 26 36.1565818588
1069 26 36.1565818588
1070 26 36.1565818588
1071 26 36.1565818588
1072 26 36.1565818588
1073 26 36.1565818588
1074 26 36.1565818588
1075 26 36.1565818588
1076 26 36.1565818588
1077 26 36.1565818588
1078 26 36.1565818588
1079 26 36.1565818588
1080 26 36.1565818588
1081 27 36.2660692314
1082 27 36.2660692314
1083 27 36.2660692314
1084 27 36.2660692314
1085 27 36.2660692314
1086 27 36.2660692314
1087 27 36.2660692314
1088 27 36.2660692314
1089 27 36.2660692314
1090 27 36.2660692314
1091 27 36.2660692314
1092 27 36.2660692314
1093 27 36.2660692314
1094 27 36.2660692314
