1 0 22.2409827139
2 0 22.2409827139
3 0 22.2409827139
4 0 22.2409827139
5 0 22.2409827139
6 0 22.2409827139
7 0 22.2409827139
8 0 22.2409827139
9 0 22.2409827139
10 0 22.2409827139
11 0 22.2409827139
12 0 22.2409827139
13 0 22.2409827139
14 0 22.2409827139
15 0 22.2409827139
16 0 22.2409827139
17 0 22.2409827139
18 0 22.2409827139
19 0 22.2409827139
20 0 22.2409827139
21 0 22.2409827139
22 0 22.2409827139
23 0 22.2409827139
24 0 22.2409827139
25 0 22.2409827139
26 0 22.2409827139
27 0 22.2409827139
28 0 22.2409827139
29 0 22.2409827139
30 0 22.2409827139
31 0 22.2409827139
32 0 22.2409827139
33 0 22.2409827139
34 0 22.2409827139
35 0 22.2409827139
36 0 22.2409827139
37 0 22.2409827139
38 0 22.2409827139
39 0 22.2409827139
40 0 22.2409827139
41 1 29.7839608137
42 1 29.7839608137
43 1 29.7839608137
44 1 29.7839608137
45 1 29.7839608137
46 1 29.7839608137
47 1 29.7839608137
48 1 29.7839608137
49 1 29.7839608137
50 1 29.7839608137
51 1 29.7839608137
52 1 29.7839608137
53 1 29.7839608137
54 1 29.7839608137
55 1 29.7839608137
56 1 29.7839608137
57 1 29.7839608137
58 1 29.7839608137
59 1 29.7839608137
60 1 29.7839608137
61 1 29.7839608137
62 1 29.7839608137
63 1 29.7839608137
64 1 29.7839608137
65 1 29.7839608137
66 1 29.7839608137
67 1 29.7839608137
68 1 29.7839608137
69 1 29.7839608137
70 1 29.7839608137
71 1 29.7839608137
72 1 29.7839608137
73 1 29.7839608137
74 1 29.7839608137
75 1 29.7839608137
76 1 29.7839608137
77 1 29.7839608137
78 1 29.7839608137
79 1 29.7839608137
80 1 29.7839608137
81 2 39.5061185743
82 2 39.5061185743
83 2 39.5061185743
84 2 39.5061185743
85 2 39.5061185743
86 2 39.5061185743
87 2 39.5061185743
88 2 39.5061185743
89 2 39.5061185743
90 2 39.5061185743
91 2 39.5061185743
92 2 39.5061185743
93 2 39.5061185743
94 2 39.5061185743
95 2 39.5061185743
96 2 39.5061185743
97 2 39.5061185743
98 2 39.5061185743
99 2 39.5061185743
100 2 39.5061185743
101 2 39.5061185743
102 2 39.5061185743
103 2 39.5061185743
104 2 39.5061185743
105 2 39.5061185743
106 2 39.5061185743
107 2 39.5061185743
108 2 39.5061185743
109 2 39.5061185743
110 2 39.5061185743
111 2 39.5061185743
112 2 39.5061185743
113 2 39.5061185743
114 2 39.5061185743
115 2 39.5061185743
116 2 39.5061185743
117 2 39.5061185743
118 2 39.5061185743
119 2 39.5061185743
120 2 39.5061185743
121 3 42.5181397473
122 3 42.5181397473
123 3 42.5181397473
124 3 42.5181397473
125 3 42.5181397473
126 3 42.5181397473
127 3 42.5181397473
128 3 42.5181397473
129 3 42.5181397473
130 3 42.5181397473
131 3 42.5181397473
132 3 42.5181397473
133 3 42.5181397473
134 3 42.5181397473
135 3 42.5181397473
136 3 42.5181397473
137 3 42.5181397473
138 3 42.5181397473
139 3 42.5181397473
140 3 42.5181397473
141 3 42.5181397473
142 3 42.5181397473
143 3 42.5181397473
144 3 42.5181397473
145 3 42.5181397473
146 3 42.5181397473
147 3 42.5181397473
148 3 42.5181397473
149 3 42.5181397473
150 3 42.5181397473
151 3 42.5181397473
152 3 42.5181397473
153 3 42.5181397473
154 3 42.5181397473
155 3 42.5181397473
156 3 42.5181397473
157 3 42.5181397473
158 3 42.5181397473
159 3 42.5181397473
160 3 42.5181397473
161 4 45.2090941562
162 4 45.2090941562
163 4 45.2090941562
164 4 45.2090941562
165 4 45.2090941562
166 4 45.2090941562
167 4 45.2090941562
168 4 45.2090941562
169 4 45.2090941562
170 4 45.2090941562
171 4 45.2090941562
172 4 45.2090941562
173 4 45.2090941562
174 4 45.2090941562
175 4 45.2090941562
176 4 45.2090941562
177 4 45.2090941562
178 4 45.2090941562
179 4 45.2090941562
180 4 45.2090941562
181 4 45.2090941562
182 4 45.2090941562
183 4 45.2090941562
184 4 45.2090941562
185 4 45.2090941562
186 4 45.2090941562
187 4 45.2090941562
188 4 45.2090941562
189 4 45.2090941562
190 4 45.2090941562
191 4 45.2090941562
192 4 45.2090941562
193 4 45.2090941562
194 4 45.2090941562
195 4 45.2090941562
196 4 45.2090941562
197 4 45.2090941562
198 4 45.2090941562
199 4 45.2090941562
200 4 45.2090941562
201 5 37.8250165724
202 5 37.8250165724
203 5 37.8250165724
204 5 37.8250165724
205 5 37.8250165724
206 5 37.8250165724
207 5 37.8250165724
208 5 37.8250165724
209 5 37.8250165724
210 5 37.8250165724
211 5 37.8250165724
212 5 37.8250165724
213 5 37.8250165724
214 5 37.8250165724
215 5 37.8250165724
216 5 37.8250165724
217 5 37.8250165724
218 5 37.8250165724
219 5 37.8250165724
220 5 37.8250165724
221 5 37.8250165724
222 5 37.8250165724
223 5 37.8250165724
224 5 37.8250165724
225 5 37.8250165724
226 5 37.8250165724
227 5 37.8250165724
228 5 37.8250165724
229 5 37.8250165724
230 5 37.8250165724
231 5 37.8250165724
232 5 37.8250165724
233 5 37.8250165724
234 5 37.8250165724
235 5 37.8250165724
236 5 37.8250165724
237 5 37.8250165724
238 5 37.8250165724
239 5 37.8250165724
240 5 37.8250165724
241 6 33.3154371402
242 6 33.3154371402
243 6 33.3154371402
244 6 33.3154371402
245 6 33.3154371402
246 6 33.3154371402
247 6 33.3154371402
248 6 33.3154371402
249 6 33.3154371402
250 6 33.3154371402
251 6 33.3154371402
252 6 33.3154371402
253 6 33.3154371402
254 6 33.3154371402
255 6 33.3154371402
256 6 33.3154371402
257 6 33.3154371402
258 6 33.3154371402
259 6 33.3154371402
260 6 33.3154371402
261 6 33.3154371402
262 6 33.3154371402
263 6 33.3154371402
264 6 33.3154371402
265 6 33.3154371402
266 6 33.3154371402
267 6 33.3154371402
268 6 33.3154371402
269 6 33.3154371402
270 6 33.3154371402
271 6 33.3154371402
272 6 33.3154371402
273 6 33.3154371402
274 6 33.3154371402
275 6 33.3154371402
276 6 33.3154371402
277 6 33.3154371402
278 6 33.3154371402
279 6 33.3154371402
280 6 33.3154371402
281 7 20.6840730063
282 7 20.6840730063
283 7 20.6840730063
284 7 20.6840730063
285 7 20.6840730063
286 7 20.6840730063
287 7 20.6840730063
288 7 20.6840730063
289 7 20.6840730063
290 7 20.6840730063
291 7 20.6840730063
292 7 20.6840730063
293 7 20.6840730063
294 7 20.6840730063
295 7 20.6840730063
296 7 20.6840730063
297 7 20.6840730063
298 7 20.6840730063
299 7 20.6840730063
300 7 20.6840730063
301 7 20.6840730063
302 7 20.6840730063
303 7 20.6840730063
304 7 20.6840730063
305 7 20.6840730063
306 7 20.6840730063
307 7 20.6840730063
308 7 20.6840730063
309 7 20.6840730063
310 7 20.6840730063
311 7 20.6840730063
312 7 20.6840730063
313 7 20.6840730063
314 7 20.6840730063
315 7 20.6840730063
316 7 20.6840730063
317 7 20.6840730063
318 7 20.6840730063
319 7 20.6840730063
320 7 20.6840730063
321 8 21.9135738022
322 8 21.9135738022
323 8 21.9135738022
324 8 21.9135738022
325 8 21.9135738022
326 8 21.9135738022
327 8 21.9135738022
328 8 21.9135738022
329 8 21.9135738022
330 8 21.9135738022
331 8 21.9135738022
332 8 21.9135738022
333 8 21.9135738022
334 8 21.9135738022
335 8 21.9135738022
336 8 21.9135738022
337 8 21.9135738022
338 8 21.9135738022
339 8 21.9135738022
340 8 21.9135738022
341 8 21.9135738022
342 8 21.9135738022
343 8 21.9135738022
344 8 21.9135738022
345 8 21.9135738022
346 8 21.9135738022
347 8 21.9135738022
348 8 21.9135738022
349 8 21.9135738022
350 8 21.9135738022
351 8 21.9135738022
352 8 21.9135738022
353 8 21.9135738022
354 8 21.9135738022
355 8 21.9135738022
356 8 21.9135738022
357 8 21.9135738022
358 8 21.9135738022
359 8 21.9135738022
360 8 21.9135738022
361 9 18.2192688089
362 9 18.2192688089
363 9 18.2192688089
364 9 18.2192688089
365 9 18.2192688089
366 9 18.2192688089
367 9 18.2192688089
368 9 18.2192688089
369 9 18.2192688089
370 9 18.2192688089
371 9 18.2192688089
372 9 18.2192688089
373 9 18.2192688089
374 9 18.2192688089
375 9 18.2192688089
376 9 18.2192688089
377 9 18.2192688089
378 9 18.2192688089
379 9 18.2192688089
380 9 18.2192688089
381 9 18.2192688089
382 9 18.2192688089
383 9 18.2192688089
384 9 18.2192688089
385 9 18.2192688089
386 9 18.2192688089
387 9 18.2192688089
388 9 18.2192688089
389 9 18.2192688089
390 9 18.2192688089
391 9 18.2192688089
392 9 18.2192688089
393 9 18.2192688089
394 9 18.2192688089
395 9 18.2192688089
396 9 18.2192688089
397 9 18.2192688089
398 9 18.2192688089
399 9 18.2192688089
400 9 18.2192688089
401 10 20.4728097687
402 10 20.4728097687
403 10 20.4728097687
404 10 20.4728097687
405 10 20.4728097687
406 10 20.4728097687
407 10 20.4728097687
408 10 20.4728097687
409 10 20.4728097687
410 10 20.4728097687
411 10 20.4728097687
412 10 20.4728097687
413 10 20.4728097687
414 10 20.4728097687
415 10 20.4728097687
416 10 20.4728097687
417 10 20.4728097687
418 10 20.4728097687
419 10 20.4728097687
420 10 20.4728097687
421 10 20.4728097687
422 10 20.4728097687
423 10 20.4728097687
424 10 20.4728097687
425 10 20.4728097687
426 10 20.4728097687
427 10 20.4728097687
428 10 20.4728097687
429 10 20.4728097687
430 10 20.4728097687
431 10 20.4728097687
432 10 20.4728097687
433 10 20.4728097687
434 10 20.4728097687
435 10 20.4728097687
436 10 20.4728097687
437 10 20.4728097687
438 10 20.4728097687
439 10 20.4728097687
440 10 20.4728097687
441 11 30.8255635099
442 11 30.8255635099
443 11 30.8255635099
444 11 30.8255635099
445 11 30.8255635099
446 11 30.8255635099
447 11 30.8255635099
448 11 30.8255635099
449 11 30.8255635099
450 11 30.8255635099
451 11 30.8255635099
452 11 30.8255635099
453 11 30.8255635099
454 11 30.8255635099
455 11 30.8255635099
456 11 30.8255635099
457 11 30.8255635099
458 11 30.8255635099
459 11 30.8255635099
460 11 30.8255635099
461 11 30.8255635099
462 11 30.8255635099
463 11 30.8255635099
464 11 30.8255635099
465 11 30.8255635099
466 11 30.8255635099
467 11 30.8255635099
468 11 30.8255635099
469 11 30.8255635099
470 11 30.8255635099
471 11 30.8255635099
472 11 30.8255635099
473 11 30.8255635099
474 11 30.8255635099
475 11 30.8255635099
476 11 30.8255635099
477 11 30.8255635099
478 11 30.8255635099
479 11 30.8255635099
480 11 30.8255635099
481 12 29.3531682203
482 12 29.3531682203
483 12 29.3531682203
484 12 29.3531682203
485 12 29.3531682203
486 12 29.3531682203
487 12 29.3531682203
488 12 29.3531682203
489 12 29.3531682203
490 12 29.3531682203
491 12 29.3531682203
492 12 29.3531682203
493 12 29.3531682203
494 12 29.3531682203
495 12 29.3531682203
496 12 29.3531682203
497 12 29.3531682203
498 12 29.3531682203
499 12 29.3531682203
500 12 29.3531682203
501 12 29.3531682203
502 12 29.3531682203
503 12 29.3531682203
504 12 29.3531682203
505 12 29.3531682203
506 12 29.3531682203
507 12 29.3531682203
508 12 29.3531682203
509 12 29.3531682203
510 12 29.3531682203
511 12 29.3531682203
512 12 29.3531682203
513 12 29.3531682203
514 12 29.3531682203
515 12 29.3531682203
516 12 29.3531682203
517 12 29.3531682203
518 12 29.3531682203
519 12 29.3531682203
520 12 29.3531682203
521 13 29.1500826256
522 13 29.1500826256
523 13 29.1500826256
524 13 29.1500826256
525 13 29.1500826256
526 13 29.1500826256
527 13 29.1500826256
528 13 29.1500826256
529 13 29.1500826256
530 13 29.1500826256
531 13 29.1500826256
532 13 29.1500826256
533 13 29.1500826256
534 13 29.1500826256
535 13 29.1500826256
536 13 29.1500826256
537 13 29.1500826256
538 13 29.1500826256
539 13 29.1500826256
540 13 29.1500826256
541 13 29.1500826256
542 13 29.1500826256
543 13 29.1500826256
544 13 29.1500826256
545 13 29.1500826256
546 13 29.1500826256
547 13 29.1500826256
548 13 29.1500826256
549 13 29.1500826256
550 13 29.1500826256
551 13 29.1500826256
552 13 29.1500826256
553 13 29.1500826256
554 13 29.1500826256
555 13 29.1500826256
556 13 29.1500826256
557 13 29.1500826256
558 13 29.1500826256
559 13 29.1500826256
560 13 29.1500826256
561 14 22.2883214635
562 14 22.2883214635
563 14 22.2883214635
564 14 22.2883214635
565 14 22.2883214635
566 14 22.2883214635
567 14 22.2883214635
568 14 22.2883214635
569 14 22.2883214635
570 14 22.2883214635
571 14 22.2883214635
572 14 22.2883214635
573 14 22.2883214635
574 14 22.2883214635
575 14 22.2883214635
576 14 22.2883214635
577 14 22.2883214635
578 14 22.2883214635
579 14 22.2883214635
580 14 22.2883214635
581 14 22.2883214635
582 14 22.2883214635
583 14 22.2883214635
584 14 22.2883214635
585 14 22.2883214635
586 14 22.2883214635
587 14 22.2883214635
588 14 22.2883214635
589 14 22.2883214635
590 14 22.2883214635
591 14 22.2883214635
592 14 22.2883214635
593 14 22.2883214635
594 14 22.2883214635
595 14 22.2883214635
596 14 22.2883214635
597 14 22.2883214635
598 14 22.2883214635
599 14 22.2883214635
600 14 22.2883214635
601 15 26.7552327019
602 15 26.7552327019
603 15 26.7552327019
604 15 26.7552327019
605 15 26.7552327019
606 15 26.7552327019
607 15 26.7552327019
608 15 26.7552327019
609 15 26.7552327019
610 15 26.7552327019
611 15 26.7552327019
612 15 26.7552327019
613 15 26.7552327019
614 15 26.7552327019
615 15 26.7552327019
616 15 26.7552327019
617 15 26.7552327019
618 15 26.7552327019
619 15 26.7552327019
620 15 26.7552327019
621 15 26.7552327019
622 15 26.7552327019
623 15 26.7552327019
624 15 26.7552327019
625 15 26.7552327019
626 15 26.7552327019
627 15 26.7552327019
628 15 26.7552327019
629 15 26.7552327019
630 15 26.7552327019
631 15 26.7552327019
632 15 26.7552327019
633 15 26.7552327019
634 15 26.7552327019
635 15 26.7552327019
636 15 26.7552327019
637 15 26.7552327019
638 15 26.7552327019
639 15 26.7552327019
640 15 26.7552327019
641 16 23.4282667249
642 16 23.4282667249
643 16 23.4282667249
644 16 23.4282667249
645 16 23.4282667249
646 16 23.4282667249
647 16 23.4282667249
648 16 23.4282667249
649 16 23.4282667249
650 16 23.4282667249
651 16 23.4282667249
652 16 23.4282667249
653 16 23.4282667249
654 16 23.4282667249
655 16 23.4282667249
656 16 23.4282667249
657 16 23.4282667249
658 16 23.4282667249
659 16 23.4282667249
660 16 23.4282667249
661 16 23.4282667249
662 16 23.4282667249
663 16 23.4282667249
664 16 23.4282667249
665 16 23.4282667249
666 16 23.4282667249
667 16 23.4282667249
668 16 23.4282667249
669 16 23.4282667249
670 16 23.4282667249
671 16 23.4282667249
672 16 23.4282667249
673 16 23.4282667249
674 16 23.4282667249
675 16 23.4282667249
676 16 23.4282667249
677 16 23.4282667249
678 16 23.4282667249
679 16 23.4282667249
680 16 23.4282667249
681 17 23.3867147122
682 17 23.3867147122
683 17 23.3867147122
684 17 23.3867147122
685 17 23.3867147122
686 17 23.3867147122
687 17 23.3867147122
688 17 23.3867147122
689 17 23.3867147122
690 17 23.3867147122
691 17 23.3867147122
692 17 23.3867147122
693 17 23.3867147122
694 17 23.3867147122
695 17 23.3867147122
696 17 23.3867147122
697 17 23.3867147122
698 17 23.3867147122
699 17 23.3867147122
700 17 23.3867147122
701 17 23.3867147122
702 17 23.3867147122
703 17 23.3867147122
704 17 23.3867147122
705 17 23.3867147122
706 17 23.3867147122
707 17 23.3867147122
708 17 23.3867147122
709 17 23.3867147122
710 17 23.3867147122
711 17 23.3867147122
712 17 23.3867147122
713 17 23.3867147122
714 17 23.3867147122
715 17 23.3867147122
716 17 23.3867147122
717 17 23.3867147122
718 17 23.3867147122
719 17 23.3867147122
720 17 23.3867147122
721 18 25.4468362609
722 18 25.4468362609
723 18 25.4468362609
724 18 25.4468362609
725 18 25.4468362609
726 18 25.4468362609
727 18 25.4468362609
728 18 25.4468362609
729 18 25.4468362609
730 18 25.4468362609
731 18 25.4468362609
732 18 25.4468362609
733 18 25.4468362609
734 18 25.4468362609
735 18 25.4468362609
736 18 25.4468362609
737 18 25.4468362609
738 18 25.4468362609
739 18 25.4468362609
740 18 25.4468362609
741 18 25.4468362609
742 18 25.4468362609
743 18 25.4468362609
744 18 25.4468362609
745 18 25.4468362609
746 18 25.4468362609
747 18 25.4468362609
748 18 25.4468362609
749 18 25.4468362609
750 18 25.4468362609
751 18 25.4468362609
752 18 25.4468362609
753 18 25.4468362609
754 18 25.4468362609
755 18 25.4468362609
756 18 25.4468362609
757 18 25.4468362609
758 18 25.4468362609
759 18 25.4468362609
760 18 25.4468362609
761 19 23.0789340327
762 19 23.0789340327
763 19 23.0789340327
764 19 23.0789340327
765 19 23.0789340327
766 19 23.0789340327
767 19 23.0789340327
768 19 23.0789340327
769 19 23.0789340327
770 19 23.0789340327
771 19 23.0789340327
772 19 23.0789340327
773 19 23.0789340327
774 19 23.0789340327
775 19 23.0789340327
776 19 23.0789340327
777 19 23.0789340327
778 19 23.0789340327
779 19 23.0789340327
780 19 23.0789340327
781 19 23.0789340327
782 19 23.0789340327
783 19 23.0789340327
784 19 23.0789340327
785 19 23.0789340327
786 19 23.0789340327
787 19 23.0789340327
788 19 23.0789340327
789 19 23.0789340327
790 19 23.0789340327
791 19 23.0789340327
792 19 23.0789340327
793 19 23.0789340327
794 19 23.0789340327
795 19 23.0789340327
796 19 23.0789340327
797 19 23.0789340327
798 19 23.0789340327
799 19 23.0789340327
800 19 23.0789340327
801 20 21.8458309083
802 20 21.8458309083
803 20 21.8458309083
804 20 21.8458309083
805 20 21.8458309083
806 20 21.8458309083
807 20 21.8458309083
808 20 21.8458309083
809 20 21.8458309083
810 20 21.8458309083
811 20 21.8458309083
812 20 21.8458309083
813 20 21.8458309083
814 20 21.8458309083
815 20 21.8458309083
816 20 21.8458309083
817 20 21.8458309083
818 20 21.8458309083
819 20 21.8458309083
820 20 21.8458309083
821 20 21.8458309083
822 20 21.8458309083
823 20 21.8458309083
824 20 21.8458309083
825 20 21.8458309083
826 20 21.8458309083
827 20 21.8458309083
828 20 21.8458309083
829 20 21.8458309083
830 20 21.8458309083
831 20 21.8458309083
832 20 21.8458309083
833 20 21.8458309083
834 20 21.8458309083
835 20 21.8458309083
836 20 21.8458309083
837 20 21.8458309083
838 20 21.8458309083
839 20 21.8458309083
840 20 21.8458309083
841 21 15.7996172688
842 21 15.7996172688
843 21 15.7996172688
844 21 15.7996172688
845 21 15.7996172688
846 21 15.7996172688
847 21 15.7996172688
848 21 15.7996172688
849 21 15.7996172688
850 21 15.7996172688
851 21 15.7996172688
852 21 15.7996172688
853 21 15.7996172688
854 21 15.7996172688
855 21 15.7996172688
856 21 15.7996172688
857 21 15.7996172688
858 21 15.7996172688
859 21 15.7996172688
860 21 15.7996172688
861 21 15.7996172688
862 21 15.7996172688
863 21 15.7996172688
864 21 15.7996172688
865 21 15.7996172688
866 21 15.7996172688
867 21 15.7996172688
868 21 15.7996172688
869 21 15.7996172688
870 21 15.7996172688
871 21 15.7996172688
872 21 15.7996172688
873 21 15.7996172688
874 21 15.7996172688
875 21 15.7996172688
876 21 15.7996172688
877 21 15.7996172688
878 21 15.7996172688
879 21 15.7996172688
880 21 15.7996172688
881 22 17.399977621
882 22 17.399977621
883 22 17.399977621
884 22 17.399977621
885 22 17.399977621
886 22 17.399977621
887 22 17.399977621
888 22 17.399977621
889 22 17.399977621
890 22 17.399977621
891 22 17.399977621
892 22 17.399977621
893 22 17.399977621
894 22 17.399977621
895 22 17.399977621
896 22 17.399977621
897 22 17.399977621
898 22 17.399977621
899 22 17.399977621
900 22 17.399977621
901 22 17.399977621
902 22 17.399977621
903 22 17.399977621
904 22 17.399977621
905 22 17.399977621
906 22 17.399977621
907 22 17.399977621
908 22 17.399977621
909 22 17.399977621
910 22 17.399977621
911 22 17.399977621
912 22 17.399977621
913 22 17.399977621
914 22 17.399977621
915 22 17.399977621
916 22 17.399977621
917 22 17.399977621
918 22 17.399977621
919 22 17.399977621
920 22 17.399977621
921 23 16.4925892121
922 23 16.4925892121
923 23 16.4925892121
924 23 16.4925892121
925 23 16.4925892121
926 23 16.4925892121
927 23 16.4925892121
928 23 16.4925892121
929 23 16.4925892121
930 23 16.4925892121
931 23 16.4925892121
932 23 16.4925892121
933 23 16.4925892121
934 23 16.4925892121
935 23 16.4925892121
936 23 16.4925892121
937 23 16.4925892121
938 23 16.4925892121
939 23 16.4925892121
940 23 16.4925892121
941 23 16.4925892121
942 23 16.4925892121
943 23 16.4925892121
944 23 16.4925892121
945 23 16.4925892121
946 23 16.4925892121
947 23 16.4925892121
948 23 16.4925892121
949 23 16.4925892121
950 23 16.4925892121
951 23 16.4925892121
952 23 16.4925892121
953 23 16.4925892121
954 23 16.4925892121
955 23 16.4925892121
956 23 16.4925892121
957 23 16.4925892121
958 23 16.4925892121
959 23 16.4925892121
960 23 16.4925892121
961 24 26.3039335906
962 24 26.3039335906
963 24 26.3039335906
964 24 26.3039335906
965 24 26.3039335906
966 24 26.3039335906
967 24 26.3039335906
968 24 26.3039335906
969 24 26.3039335906
970 24 26.3039335906
971 24 26.3039335906
972 24 26.3039335906
973 24 26.3039335906
974 24 26.3039335906
975 24 26.3039335906
976 24 26.3039335906
977 24 26.3039335906
978 24 26.3039335906
979 24 26.3039335906
980 24 26.3039335906
981 24 26.3039335906
982 24 26.3039335906
983 24 26.3039335906
984 24 26.3039335906
985 24 26.3039335906
986 24 26.3039335906
987 24 26.3039335906
988 24 26.3039335906
989 24 26.3039335906
990 24 26.3039335906
991 24 26.3039335906
992 24 26.3039335906
993 24 26.3039335906
994 24 26.3039335906
995 24 26.3039335906
996 24 26.3039335906
997 24 26.3039335906
998 24 26.3039335906
999 24 26.3039335906
1000 24 26.3039335906
1001 25 27.3231353917
1002 25 27.3231353917
1003 25 27.3231353917
1004 25 27.3231353917
1005 25 27.3231353917
1006 25 27.3231353917
1007 25 27.3231353917
1008 25 27.3231353917
1009 25 27.3231353917
1010 25 27.3231353917
1011 25 27.3231353917
1012 25 27.3231353917
1013 25 27.3231353917
1014 25 27.3231353917
1015 25 27.3231353917
1016 25 27.3231353917
1017 25 27.3231353917
1018 25 27.3231353917
1019 25 27.3231353917
1020 25 27.3231353917
1021 25 27.3231353917
1022 25 27.3231353917
1023 25 27.3231353917
1024 25 27.3231353917
1025 25 27.3231353917
1026 25 27.3231353917
1027 25 27.3231353917
1028 25 27.3231353917
1029 25 27.3231353917
1030 25 27.3231353917
1031 25 27.3231353917
1032 25 27.3231353917
1033 25 27.3231353917
1034 25 27.3231353917
1035 25 27.3231353917
1036 25 27.3231353917
1037 25 27.3231353917
1038 25 27.3231353917
1039 25 27.3231353917
1040 25 27.3231353917
1041 26 29.3816624889
1042 26 29.3816624889
1043 26 29.3816624889
1044 26 29.3816624889
1045 26 29.3816624889
1046 26 29.3816624889
1047 26 29.3816624889
1048 26 29.3816624889
1049 26 29.3816624889
1050 26 29.3816624889
1051 26 29.3816624889
1052 26 29.3816624889
1053 26 29.3816624889
1054 26 29.3816624889
1055 26 29.3816624889
1056 26 29.3816624889
1057 26 29.3816624889
1058 26 29.3816624889
1059 26 29.3816624889
1060 26 29.3816624889
1061 26 29.3816624889
1062 26 29.3816624889
1063 26 29.3816624889
1064 26 29.3816624889
1065 26 29.3816624889
1066 26 29.3816624889
1067 26 29.3816624889
1068 26 29.3816624889
1069 26 29.3816624889
1070 26 29.3816624889
1071 26 29.3816624889
1072 26 29.3816624889
1073 26 29.3816624889
1074 26 29.3816624889
1075 26 29.3816624889
1076 26 29.3816624889
1077 26 29.3816624889
1078 26 29.3816624889
1079 26 29.3816624889
1080 26 29.3816624889
1081 27 32.3845966845
1082 27 32.3845966845
1083 27 32.3845966845
1084 27 32.3845966845
1085 27 32.3845966845
1086 27 32.3845966845
1087 27 32.3845966845
1088 27 32.3845966845
1089 27 32.3845966845
1090 27 32.3845966845
1091 27 32.3845966845
1092 27 32.3845966845
1093 27 32.3845966845
1094 27 32.3845966845
1095 27 32.3845966845
1096 27 32.3845966845
1097 27 32.3845966845
1098 27 32.3845966845
1099 27 32.3845966845
1100 27 32.3845966845
1101 27 32.3845966845
1102 27 32.3845966845
1103 27 32.3845966845
1104 27 32.3845966845
1105 27 32.3845966845
1106 27 32.3845966845
1107 27 32.3845966845
1108 27 32.3845966845
1109 27 32.3845966845
1110 27 32.3845966845
1111 27 32.3845966845
1112 27 32.3845966845
1113 27 32.3845966845
1114 27 32.3845966845
1115 27 32.3845966845
1116 27 32.3845966845
1117 27 32.3845966845
1118 27 32.3845966845
1119 27 32.3845966845
1120 27 32.3845966845
1121 28 39.4242414643
1122 28 39.4242414643
1123 28 39.4242414643
1124 28 39.4242414643
1125 28 39.4242414643
1126 28 39.4242414643
1127 28 39.4242414643
1128 28 39.4242414643
1129 28 39.4242414643
1130 28 39.4242414643
1131 28 39.4242414643
1132 28 39.4242414643
1133 28 39.4242414643
1134 28 39.4242414643
1135 28 39.4242414643
1136 28 39.4242414643
1137 28 39.4242414643
1138 28 39.4242414643
1139 28 39.4242414643
1140 28 39.4242414643
1141 28 39.4242414643
1142 28 39.4242414643
1143 28 39.4242414643
1144 28 39.4242414643
1145 28 39.4242414643
1146 28 39.4242414643
