1 0 26.8789581545
2 0 26.8789581545
3 0 26.8789581545
4 0 26.8789581545
5 0 26.8789581545
6 0 26.8789581545
7 0 26.8789581545
8 0 26.8789581545
9 0 26.8789581545
10 0 26.8789581545
11 0 26.8789581545
12 0 26.8789581545
13 0 26.8789581545
14 0 26.8789581545
15 0 26.8789581545
16 0 26.8789581545
17 0 26.8789581545
18 0 26.8789581545
19 0 26.8789581545
20 0 26.8789581545
21 1 18.7013181775
22 1 18.7013181775
23 1 18.7013181775
24 1 18.7013181775
25 1 18.7013181775
26 1 18.7013181775
27 1 18.7013181775
28 1 18.7013181775
29 1 18.7013181775
30 1 18.7013181775
31 1 18.7013181775
32 1 18.7013181775
33 1 18.7013181775
34 1 18.7013181775
35 1 18.7013181775
36 1 18.7013181775
37 1 18.7013181775
38 1 18.7013181775
39 1 18.7013181775
40 1 18.7013181775
41 2 10.4481363528
42 2 10.4481363528
43 2 10.4481363528
44 2 10.4481363528
45 2 10.4481363528
46 2 10.4481363528
47 2 10.4481363528
48 2 10.4481363528
49 2 10.4481363528
50 2 10.4481363528
51 2 10.4481363528
52 2 10.4481363528
53 2 10.4481363528
54 2 10.4481363528
55 2 10.4481363528
56 2 10.4481363528
57 2 10.4481363528
58 2 10.4481363528
59 2 10.4481363528
60 2 10.4481363528
61 3 6.31778854683
62 3 6.31778854683
63 3 6.31778854683
64 3 6.31778854683
65 4 6.28823139907
66 5 6.75288479392
67 6 6.87692053326
68 7 6.42161797149
69 8 6.17586472727
70 9 6.47785514951
71 10 6.62857353846
72 11 6.22267924309
73 12 6.16589281813
74 13 6.34438183352
75 14 6.53377262144
76 15 6.42820418827
77 16 6.24511189424
78 17 6.4958855396
79 18 6.94129582162
80 19 7.33792544851
81 20 8.01002720247
82 21 9.26494759282
83 25 10.8386221194
84 26 12.5087738029
85 27 12.8449365948
86 28 11.1142843543
87 29 10.724736418
88 30 11.5640113898
89 31 10.7903087806
90 32 9.2954694324
91 33 9.72876027384
92 34 10.2415704466
93 35 8.78163694317
94 36 8.24556018636
95 37 9.35737393707
96 38 8.71568357322
97 39 7.38187551409
98 40 8.00071268752
99 41 8.40570246866
100 42 7.13718992346
101 43 6.81076269475
102 44 7.92140134778
103 45 7.31834417582
104 46 6.40341975397
105 47 7.30854373179
106 48 7.81712368979
107 49 6.65615565138
108 50 6.96359461574
109 51 7.33328775212
110 52 8.84754747123
111 53 9.62364194756
112 54 11.1696081514
113 55 11.6512180488
114 56 11.1002602312
115 57 9.28129522359
116 58 10.0559187779
117 59 11.264091723
118 60 12.7042780752
119 61 13.0812685824
120 62 14.5571265666
121 63 13.1711713878
122 64 11.8929149431
123 65 13.4272617166
124 66 13.6753164312
125 67 11.8094977998
126 68 12.1504955909
127 69 13.7520631632
128 70 12.7812659332
129 71 11.479331139
130 72 12.9482386486
131 73 13.6448285726
132 74 11.946285811
133 75 12.0785379826
134 76 13.8063834166
135 77 13.01027028
136 78 11.4561995694
137 79 12.793875804
138 80 13.824330318
139 81 12.1956818261
140 82 12.1194296026
141 83 13.9782114038
142 84 13.5630781096
143 85 12.0457756768
144 86 13.3264470393
145 87 14.7494003
146 88 13.5607000521
147 89 12.9985329164
148 90 14.9512055254
149 91 15.3809773749
